
miracle 1
20
49.88328
, 
149.97969

miracle 2
20

49.99851
, 
49.99851
, 
49.99851
, 
145.33186
, 
149.70992
, 
149.91916
, 
149.93113
, 
149.9411
, 

miracle 3
51862	 , 26	 , 64	 , 50.0, 
20	 , 
49.69536
, 
49.93949
, 
49.99975
, 
49.99975
, 
49.99978
, 
126.41849
, 
126.41849
, 
126.41849
, 
130.77335
, 
148.25831
, 
149.6616
, 
149.89268
, 
149.94126
, 
149.99567
, 
149.99567
, 
149.99568

miracle 4
20

49.45932
, 
49.45967
, 
67.26089
, 
130.70268
, 
131.33814
, 
131.33814
, 
146.97503
, 
146.98575
, 
147.11353
, 
149.7007

miracle 5
20

49.31198
, 
49.45761
, 
49.59187
, 
49.59385
, 
125.24027
, 
145.17689
, 
149.00276
, 
149.95205
, 
149.9917
, 
149.99976
, 
150.0

miracle 6
20

, 
49.28311
, 
49.52492
, 
49.52492
, 
49.76371
, 
108.8906
, 
109.78276
, 
149.4103
, 
149.42506
, 
149.42506
, 
149.42506
, 
149.42506

miracle 7
20
49.93876
, 
49.93876
, 
49.93876
, 
126.64835
, 
126.64835
, 
145.04229
, 
146.71526
, 
149.34499
, 
149.40811


miracle 8
50
49.99999
, 
49.99999
, 
149.99997
, 
149.99998
, 
150.0

miracle 9
50

49.89868
, 
49.90094
, 
128.87869
, 
148.01306
, 
149.80076

miracle 10
50

49.88758
, 
136.50846
, 
137.39956
, 
145.84672
, 
146.01489
, 
148.76127
, 
149.244
, 
149.97886


miracle 11
50

49.99757
, 
49.99911
, 
148.81556
, 
148.81556
, 
149.42347


miracle 12
50

49.85816
, 
65.10037
, 
128.85369
, 
135.74525
, 
135.78875
, 
135.89871
, 
149.9995

miracle 13
50

49.99174
, 
149.65625
, 
149.99875
, 
149.99944


miracle 14
50

49.9749
, 
129.64527
, 
141.40688
, 
141.6272
, 
141.8669
, 
143.22592
, 
149.54137


miracle 15
50

49.98306
, 
49.99939
, 
149.5327
, 
149.90235
, 
149.92773


miracle 16
50
49.96468
, 
49.9956
, 
141.78662
, 
149.37001
, 
149.75703
, 
149.78151
, 
149.79277


miracle 17
50
49.92073
, 
125.50097
, 
145.10272
, 
145.15006
, 
148.8516
, 
149.05625
, 
149.34731
, 
149.94243
, 
149.98656
, 
149.99487



miracle 18
50
49.99917
, 
49.99918
, 
49.99919
, 
49.99959
, 
149.69282
, 
149.69286
, 
149.69313
, 
149.6935
, 
149.69547
, 


miracle 19
50


49.97514
, 
148.62161
, 
148.62476
, 
149.89597

miracle 20
50
49.99348
, 
49.99622
, 
49.99854
, 
49.99863
, 
49.99863
, 
126.56657
, 
147.95062
, 
149.99638


miracle 21
50
49.94881
, 
49.96579
, 
49.9658
, 
49.9658
, 
49.9658
, 
119.88796
, 
119.88905
, 
127.86516
, 
127.86516
, 
146.08242
, 
147.14312
, 
147.77886
, 
147.77987
, 
148.3539
, 
148.35415
, 
148.35463
, 
149.54028
, 
149.99416
, 
149.99642
, 
149.99931
, 
149.99995
, 
149.99995
, 

miracle 22
49.7389
, 
72.04202
, 
131.68907
, 
148.13016
, 
149.66584
, 
149.85778


miracle 23, 
50
49.78355
, 
144.6571
, 
146.74826
, 
149.09461
, 
149.8615
, 
149.98669


miracle 24, 
100
49.99975
, 
134.78713
, 
149.96213
, 
149.99842
, 
149.99942
, 
149.99961


miracle 25, 
100
49.94683
, 
49.98739
, 
127.12994
, 
133.63328
, 
149.78406
, 
149.81008

miracle 26, 
100

49.99261
, 
145.16906
, 
149.94475
, 
149.99927
, 
149.99933
, 
149.99975
, 
149.99999


miracle 27, 
100
49.97983
, 
148.96147
, 
149.91122
, 
149.93209
, 
149.93855



miracle 28, 
100
49.99092
, 
144.76771
, 
146.58065
, 
149.05015
, 
149.99922
, 
149.99998
, 


miracle 29	 , 
100
49.86132
, 
143.56655
, 
149.71705
, 
149.74856
, 
149.75911
, 
149.98324
, 
149.99154
, 
149.99



miracle 30
150
49.98832
, 
104.71403
, 
140.98931
, 
149.96152
, 
149.97078
, 
149.99994



miracle 31
150
49.99994
, 
141.75076
, 
149.98388
, 
149.9997
, 
149.99978
, 
149.99995
, 
150.0
, 


miracle 32
150
49.99265
, 
89.98179
, 
149.29552
, 
149.92036
, 
149.99761
, 
149.99981
, 
149.99987
, 
149.99994



miracle 33
150
49.99897
, 
49.99987
, 
147.83747
, 
149.87242
, 
149.98069
, 
149.99998



miracle 34
150
49.98455
, 
49.99992
, 
50.0
, 
50.0
, 
126.40784
, 
149.99983
, 
149.99986
, 
149.99999

miracle 35
150

49.99978
, 
144.77809
, 
149.02242
, 
149.99998
, 



miracle 36
150
49.99987
, 
146.39951
, 
149.98559
, 
149.9977
, 
149.99896
, 
150.0



miracle 37
150
49.93548
, 
49.99931
, 
148.83839
, 
149.97758
, 



miracle 38
150

49.99644
, 
49.99997
, 
149.79301
, 
149.98566
, 
149.99996

miracle 39
150

49.99927
, 
130.35742
, 
149.87949
, 
149.97918
, 
149.99892

miracle 40
150
49.97905
, 
49.99867
, 
147.02898
, 
149.9743
, 
149.98267
, 
149.99999


miracle 41
150
49.9953
, 
143.72446
, 
149.49866
, 
149.81363
, 
149.95749
, 
149.99998



miracle 42
150
49.99786
, 
49.99999
, 
149.48784
, 
149.66398
, 
149.99937
, 


miracle 43
200
49.99019
, 
147.8166
, 
148.82619
, 
148.83965
, 
149.69618
, 
149.70249


miracle 44
200
49.96906
, 
137.31871
, 
140.75267
, 
149.98527
, 
149.98991



miracle 45
200
49.99908
, 
146.44293
, 
149.9865
, 
149.9965
, 


miracle 46
200
49.89312
, 
49.96898
, 
134.40144
, 
149.99801
, 
149.99801
, 
149.99926



miracle 47
200
49.99023
, 
125.51316
, 
148.03665
, 
149.65972
, 
149.98402
, 
149.99997



miracle 48
200
49.9927
, 
147.0458
, 
147.3807
, 
149.95652
, 
149.99731
, 
149.99941
, 
149.99941



miracle 49
200
49.97244
, 
136.1351
, 
146.48668
, 
149.9974
, 
149.99806
, 

miracle 50
200
49.99779
, 
137.93471
, 
148.91187
, 
149.40813
, 
149.8817
, 
149.9999


miracle 51
200
49.99761
, 
49.99976
, 
142.82036
, 
149.22718
, 
149.99971
, 
149.99979


miracle 52
200
49.99555
, 
49.9998
, 
140.34265
, 
144.70996
, 
149.9758
, 
149.99848
, 
149.99976


miracle 53
250	 , 
49.99312
, 
49.99928
, 
49.99999
, 
149.99982
, 
149.99989



miracle 54
250	 , 
49.99826
, 
145.95595
, 
149.25726
, 
149.97757
, 
149.99973


miracle 55
250
49.99272
, 
148.81443
, 
149.87467
, 
149.99786
, 
149.99978



miracle 56
250	 , 
49.998
, 
132.52855
, 
149.73511
, 
149.99999
, 
149.99999


miracle 57
250	 , 
49.98675
, 
143.2464
, 
149.96472
, 
149.99312
, 
149.99876
, 
149.99999



miracle 58
250	 , 
49.99322
, 
49.99951
, 
49.99961
, 
133.90057


miracle 59
300
49.99843
, 
144.07495
, 
149.9871
, 
149.99995


miracle 60
300	 , 
49.98636
, 
54.89567
, 
136.27299
, 
144.06903


miracle 61

300	 , 
49.99947
, 
149.7922
, 
149.87689
, 
149.89352
, 
149.99997



miracle 62
300	 , 
49.98417
, 
49.99994
, 
50.0
, 
144.02982
, 
149.99321


miracle 63
300	 , 
49.99844
, 
129.85924
, 
149.97898
, 
149.99992
, 
149.99999




miracle 64
350	 , 
49.99857
, 
141.96688
, 
149.94854
, 
149.99931


miracle 65
10
50.0
, 
50.0
, 
50.0
, 
149.99948
, 
150.0
, 
150.0




miracle 66
10

49.9684
, 
49.9684
, 
49.9684
, 
130.26985
, 
130.31441
, 
130.38932
, 
130.39166
130.39166
, 
130.69019
, 
130.69019
, 
130.69019
, 
131.35525
, 
143.64736
, 
143.64739
, 
143.64739
, 
143.68941
, 
145.07062
, 
145.08933
, 
145.09026
, 
145.09096
, 
145.09096
, 
145.09096
, 
145.09096
, 
145.09096
, 
145.09096
, 
145.09101
, 
145.09101
, 
145.09101
, 
145.09101
, 
145.09101
, 
145.09101
, 
145.09101
, 
145.09101
, 
145.09101
, 
145.09101
, 
145.09101
, 
147.23624
, 
147.33973
, 
147.3542
, 
147.36706
, 
147.36706
, 
148.84518
, 
148.84681
, 
148.84681
, 
149.3606
, 
149.6429
, 
149.87759
, 
149.92327
, 
149.95163
, 
149.99242

miracle 67

10	 , 
48.97545
, 
48.97547
, 
48.97547
, 
48.97575
, 
48.97575
, 
48.97575
, 
48.97575
, 
49.91152
, 
49.91152
, 
144.77347
, 
146.77968
, 
146.94544
, 
148.63283
, 
148.63283
, 
148.92108
, 
148.92575
, 
148.92624
, 
148.92624
, 
148.93041
, 
148.93124
, 
148.93124
, 
148.93959
, 
148.94116
, 
148.94116
, 
148.94121
, 
148.94121
, 
148.94121
, 
148.94121
, 
148.94121
, 
148.94154
, 
148.94154
, 
148.94158
, 
148.94158
, 
148.94158
, 
148.94158
, 
148.94158
, 
148.9416
, 
148.9416
, 
148.9416
, 
148.9416
, 
148.9416
, 
148.9416
, 
148.9416
, 
148.9416
, 
148.9416
, 
148.9416
, 
148.9416
, 
148.94161
, 
148.94161
, 
148.94161
, 
148.94161
, 
148.94161
, 
149.29678
, 
149.65471
, 
149.91177



miracle 68
10	 , 
49.64009
, 
137.95721
, 
138.09689
, 
141.33785
, 
141.33785
, 
142.61083
, 
143.32505
, 
148.21304
, 
148.57347
, 
148.57347
, 
148.57429
, 
149.03744
, 
149.03744
, 
149.03744
, 
149.03781
, 
149.03818
, 
149.04175
, 
149.04185
, 
149.66649
, 
149.89167
, 
149.89167
, 


miracle 69
47.23674
, 
47.3424
, 
48.05825
, 
86.45014
, 
86.46131
, 
144.77348
, 
144.77348
, 
145.62249
, 
145.62277
, 
145.65931
, 
145.65931
, 
145.65931
, 
145.65931
, 
145.70063
, 
145.70063
, 
145.7499
, 
145.74994
, 
146.03223
, 
146.03223
, 
146.03225
, 
146.03225
, 
146.03225
, 
146.03225
, 
146.03225
, 
146.03225
, 
146.03225
, 
146.03441
, 
146.03441
, 
146.03441
, 
146.03441
, 
146.03441
, 
146.03441
, 
146.03441
, 
146.03441
, 
146.03441
, 
146.03441
, 
146.03441
, 
146.03441
, 
146.03455
, 
146.03887
, 
149.32699
, 
149.32699
, 
149.36383
, 
149.36383
, 
149.37401
, 
149.37425
, 
149.37425
, 
149.37425
, 
149.37425
, 
149.37481
, 
149.37481
, 
149.63331
, 
149.63333
, 
149.63334
, 




miracle 70
10	 , 
43.262
, 
43.262
, 
43.26208
, 
43.26231
, 
149.2565
, 
149.27846
, 
149.27846
, 
149.27846
, 
149.27846
, 
149.27846
, 
149.27846
, 
149.27846
, 
149.27846
, 
149.27846
, 
149.27846
, 
149.27846
, 
149.27846
, 
149.416
, 
149.416
, 
149.416
, 
149.417
, 
149.90451
, 
149.98723
, 
149.98723
, 
149.9941


miracle 61

10	 , 
49.46543
, 
123.52675
, 
123.52675
, 
140.97305
, 
140.97305
, 
142.21964
, 
142.21964
, 
142.21964
, 
142.59999
, 
142.6215
, 
142.63659
, 
142.63659
, 
142.63659
, 
142.63659
, 
144.73743
, 
144.82661
, 
148.37644
, 
148.73867
, 
148.73867
, 
148.73871
, 
148.73871
, 
148.73871
, 
148.73992
, 
148.73992
, 
148.74148
, 
148.74161
, 
148.74161
, 
148.74161
, 
148.82846
, 
148.88549
, 
148.88824
, 
148.88824
, 
149.6236
, 
149.62935
, 
149.6294
, 
149.6294
, 
149.6294
, 
149.63379
, 
149.63379
, 
149.63379
, 
149.63379
, 
149.63379
, 
149.63379
, 
149.74046
, 
149.74046
, 
149.74046
, 
149.99891
, 
149.99891
, 
149.99891
, 
149.99891
, 
150.0


miracle 62

10
49.93643
, 
61.18349
, 
84.56365
, 
85.89387
, 
85.97261
, 
85.98303
, 
85.98527
, 
85.9853
, 
85.9853
, 
85.9853
, 
88.42917
, 
88.42917
, 
88.42917
, 
89.177
, 
89.61357
, 
93.6141
, 
123.83058
, 
124.07563
, 
124.09183
, 
124.10312
, 
124.10312
, 
124.10437
, 
124.10437
, 
124.10437
, 
124.10437
, 
124.10437
, 
131.39827
, 
131.40785
, 
134.52002
, 
134.52002
, 
134.61972
, 
134.62025
, 
134.62025
, 
134.62025
, 
134.62028
, 
134.7743
, 
134.7743
, 
134.82883
, 
134.93455
, 
134.93461
, 
134.9935
, 
134.99376
, 
134.99376
, 
134.99376
, 
134.99376
, 
134.99376
, 
134.99376
, 
134.99376
, 
134.99376
, 
134.99376
, 
134.99376
, 
134.99377
, 
134.99377
, 
134.99377
, 
134.99377
, 
134.99378
, 
134.99378
, 
134.99378
, 
134.99378
, 
134.99378
, 
134.99378
, 
134.99378
, 
134.99378
, 
134.99378
, 
134.99378
, 
134.9938
, 
134.9938
, 
134.9938
, 
134.9938
, 
134.9938
, 
134.9938
, 
134.9938
, 
134.9938
, 
144.13768
, 
145.2547
, 
145.26877
, 
145.26877
, 
145.26877
, 
145.27458
, 
145.27458
, 
145.27458
, 
145.27459
, 
145.27459
, 
145.27459
, 
145.54135
, 
145.66456
, 
145.66456
, 
145.66458
, 
145.66458
, 
145.73782
, 
147.4394
, 
148.29478
, 
149.99995
, 
149.99995
, 
149.99995
, 
149.99995

miracle 63

10
48.96433
, 
49.45797
, 
49.45797
, 
49.46334
, 
49.46342
, 
....
....

, 
149.99998
, 
149.99998
, 
149.99998

miracle 64

10


miracle 65

10

