[
50	 , 51716	 , 17	 , 25	 , 149.99999, 
50	 , 52692	 , 20	 , 25	 , 150.0, 
50	 , 52894	 , 19	 , 26	 , 150.0, 
50	 , 52716	 , 13	 , 25	 , 150.0, 
50	 , 52434	 , 10	 , 26	 , 150.0, 
50	 , 51404	 , 17	 , 25	 , 150.0, 
50	 , 52072	 , 12	 , 25	 , 150.0, 
50	 , 53250	 , 17	 , 26	 , 149.99999, 
50	 , 52816	 , 16	 , 24	 , 149.99999, 
50	 , 52920	 , 12	 , 26	 , 150.0, 
50	 , 51276	 , 16	 , 25	 , 149.99999, 
50	 , 51326	 , 15	 , 24	 , 150.0, 
50	 , 52332	 , 17	 , 25	 , 150.0, 
50	 , 51244	 , 0	 , 25	 , 149.99997, 
50	 , 51712	 , 3	 , 26	 , 150.0, 
50	 , 52048	 , 17	 , 24	 , 150.0, 
50	 , 52924	 , 6	 , 26	 , 150.0, 
50	 , 53172	 , 11	 , 26	 , 149.99999, 
50	 , 52950	 , 10	 , 25	 , 150.0, 
50	 , 52536	 , 12	 , 25	 , 150.0, 
50	 , 52736	 , 14	 , 25	 , 150.0, 
50	 , 53064	 , 12	 , 25	 , 150.0, 
50	 , 51266	 , 15	 , 24	 , 150.0, 
50	 , 52688	 , 7	 , 26	 , 150.0, 
50	 , 52622	 , 7	 , 26	 , 150.0, 
50	 , 51736	 , 15	 , 25	 , 150.0, 
50	 , 52412	 , 11	 , 26	 , 150.0, 
50	 , 51782	 , 10	 , 25	 , 149.99999, 
50	 , 52084	 , 12	 , 24	 , 150.0, 
50	 , 51864	 , 12	 , 26	 , 150.0, 
50	 , 52970	 , 16	 , 25	 , 149.99999, 
50	 , 51880	 , 15	 , 25	 , 149.99999, 
50	 , 52526	 , 7	 , 26	 , 149.99997, 
50	 , 52136	 , 16	 , 25	 , 150.0, 
50	 , 52416	 , 1	 , 26	 , 149.99999, 
50	 , 52164	 , 12	 , 25	 , 150.0, 
50	 , 52730	 , 7	 , 25	 , 149.99999, 
50	 , 52368	 , 15	 , 24	 , 150.0, 
50	 , 53080	 , 7	 , 25	 , 149.99999, 
50	 , 53046	 , 9	 , 27	 , 149.99999, 
50	 , 51378	 , 13	 , 25	 , 149.99999, 
50	 , 53694	 , 16	 , 25	 , 150.0, 
50	 , 52962	 , 16	 , 24	 , 150.0, 
50	 , 52522	 , 18	 , 25	 , 150.0, 
50	 , 52226	 , 11	 , 26	 , 150.0, 
50	 , 51424	 , 19	 , 25	 , 150.0, 
50	 , 51848	 , 9	 , 25	 , 150.0, 
50	 , 51850	 , 10	 , 26	 , 150.0, 
50	 , 51822	 , 15	 , 24	 , 150.0, 
50	 , 51826	 , 13	 , 25	 , 149.99999, 
50	 , 52044	 , 1	 , 25	 , 149.99999, 
50	 , 52542	 , 15	 , 25	 , 150.0, 
50	 , 53350	 , 8	 , 27	 , 150.0, 
50	 , 53580	 , 14	 , 27	 , 150.0, 
50	 , 51556	 , 13	 , 25	 , 150.0, 
50	 , 53442	 , 17	 , 26	 , 150.0, 
50	 , 51564	 , 13	 , 24	 , 149.99999, 
50	 , 52006	 , 13	 , 25	 , 150.0, 
50	 , 52524	 , 0	 , 25	 , 150.0, 
50	 , 52990	 , 17	 , 26	 , 150.0, 
50	 , 52602	 , 17	 , 25	 , 149.99999, 
50	 , 51236	 , 5	 , 25	 , 149.99999, 
50	 , 53744	 , 4	 , 26	 , 150.0, 
50	 , 51998	 , 10	 , 25	 , 149.99999, 
50	 , 53268	 , 4	 , 25	 , 150.0, 
50	 , 51976	 , 16	 , 24	 , 150.0, 
50	 , 51654	 , 15	 , 25	 , 149.99999, 
50	 , 52796	 , 13	 , 26	 , 150.0, 
50	 , 52258	 , 12	 , 26	 , 149.99999, 
50	 , 51684	 , 15	 , 25	 , 150.0, 
50	 , 52154	 , 15	 , 25	 , 149.99999, 
50	 , 51842	 , 13	 , 25	 , 150.0, 
50	 , 52392	 , 10	 , 26	 , 149.99999, 
50	 , 52682	 , 18	 , 26	 , 149.99999, 
50	 , 51918	 , 15	 , 24	 , 150.0, 
50	 , 53164	 , 9	 , 25	 , 150.0, 
50	 , 52530	 , 7	 , 25	 , 149.99997, 
50	 , 53214	 , 16	 , 26	 , 149.99999, 
50	 , 52696	 , 16	 , 25	 , 149.99999, 
50	 , 52296	 , 11	 , 24	 , 150.0, 
50	 , 51298	 , 13	 , 25	 , 149.99999, 
50	 , 53368	 , 18	 , 26	 , 150.0, 
50	 , 53042	 , 16	 , 25	 , 150.0, 
50	 , 52006	 , 13	 , 25	 , 150.0, 
50	 , 52858	 , 18	 , 25	 , 150.0, 
50	 , 52294	 , 9	 , 26	 , 149.99994, 
50	 , 51792	 , 11	 , 25	 , 150.0, 
50	 , 51394	 , 16	 , 25	 , 150.0, 
50	 , 53116	 , 20	 , 25	 , 150.0, 
50	 , 52478	 , 11	 , 26	 , 149.99997, 
50	 , 51832	 , 14	 , 25	 , 150.0, 
50	 , 53304	 , 3	 , 26	 , 150.0, 
50	 , 52898	 , 17	 , 25	 , 150.0, 
50	 , 52456	 , 1	 , 27	 , 150.0, 
50	 , 52970	 , 18	 , 25	 , 149.9999, 
50	 , 51202	 , 13	 , 25	 , 150.0, 
50	 , 51608	 , 12	 , 25	 , 150.0, 
50	 , 53278	 , 11	 , 26	 , 150.0, 
50	 , 52552	 , 14	 , 26	 , 150.0, 
50	 , 52550	 , 15	 , 25	 , 150.0, 
50	 , 52906	 , 20	 , 25	 , 150.0, 
50	 , 52058	 , 16	 , 25	 , 149.99999, 
50	 , 52054	 , 19	 , 26	 , 149.99999, 
50	 , 52270	 , 11	 , 26	 , 150.0, 
50	 , 51636	 , 12	 , 24	 , 150.0, 
50	 , 51470	 , 15	 , 25	 , 149.99999, 
50	 , 52728	 , 15	 , 25	 , 150.0, 
50	 , 51586	 , 18	 , 25	 , 149.99999, 
50	 , 52610	 , 15	 , 25	 , 150.0, 
50	 , 51670	 , 10	 , 25	 , 150.0, 
50	 , 52122	 , 17	 , 25	 , 150.0, 
50	 , 51920	 , 11	 , 26	 , 150.0, 
50	 , 52826	 , 18	 , 26	 , 149.99999, 
50	 , 52790	 , 16	 , 24	 , 150.0, 
50	 , 51632	 , 12	 , 24	 , 150.0, 
50	 , 53040	 , 0	 , 25	 , 150.0, 
50	 , 52432	 , 12	 , 25	 , 150.0, 
50	 , 53010	 , 14	 , 26	 , 149.99999, 
50	 , 52668	 , 7	 , 24	 , 149.99999, 
50	 , 52820	 , 9	 , 25	 , 150.0, 
50	 , 51604	 , 11	 , 25	 , 150.0, 
50	 , 53142	 , 12	 , 26	 , 150.0, 
50	 , 51380	 , 16	 , 25	 , 149.99999, 
50	 , 51998	 , 17	 , 25	 , 150.0, 
50	 , 52642	 , 13	 , 26	 , 149.99999, 
50	 , 51828	 , 15	 , 25	 , 150.0, 
50	 , 52740	 , 14	 , 26	 , 150.0, 
50	 , 52880	 , 14	 , 26	 , 150.0, 
50	 , 52666	 , 12	 , 26	 , 150.0, 
50	 , 52282	 , 8	 , 26	 , 150.0, 
50	 , 53374	 , 15	 , 25	 , 149.99997, 
50	 , 52756	 , 16	 , 25	 , 149.99997, 
50	 , 51682	 , 15	 , 26	 , 149.99999, 
50	 , 53214	 , 12	 , 26	 , 150.0, 
50	 , 53288	 , 0	 , 27	 , 150.0, 
50	 , 52644	 , 5	 , 26	 , 150.0, 
50	 , 51936	 , 16	 , 26	 , 150.0, 
50	 , 53866	 , 15	 , 25	 , 149.99998, 
50	 , 53348	 , 12	 , 25	 , 150.0, 
50	 , 52196	 , 13	 , 25	 , 150.0, 
50	 , 52414	 , 11	 , 25	 , 150.0, 
50	 , 52942	 , 15	 , 25	 , 150.0, 
50	 , 51540	 , 16	 , 25	 , 149.99999, 
50	 , 52096	 , 0	 , 25	 , 150.0, 
50	 , 51990	 , 16	 , 25	 , 149.99999, 
50	 , 52294	 , 12	 , 27	 , 149.99999, 
50	 , 52080	 , 18	 , 27	 , 149.99999, 
50	 , 51526	 , 18	 , 25	 , 149.99999, 
50	 , 51548	 , 16	 , 24	 , 150.0, 
50	 , 51648	 , 16	 , 25	 , 149.99999, 
50	 , 51516	 , 2	 , 26	 , 149.99999, 
50	 , 51412	 , 16	 , 24	 , 150.0, 
50	 , 53344	 , 15	 , 26	 , 150.0, 
50	 , 52192	 , 17	 , 25	 , 149.99999, 
50	 , 53320	 , 16	 , 26	 , 150.0, 
50	 , 53070	 , 16	 , 27	 , 149.99999, 
50	 , 53074	 , 14	 , 26	 , 149.99999, 
50	 , 52222	 , 16	 , 25	 , 149.99999, 
50	 , 53184	 , 3	 , 25	 , 150.0, 
50	 , 52076	 , 18	 , 25	 , 150.0, 
50	 , 52020	 , 12	 , 26	 , 149.99995, 
50	 , 52750	 , 13	 , 26	 , 150.0, 
50	 , 52858	 , 6	 , 25	 , 150.0, 
50	 , 52710	 , 4	 , 25	 , 150.0, 
50	 , 53010	 , 14	 , 25	 , 150.0, 
50	 , 51566	 , 13	 , 25	 , 149.99999, 
50	 , 53364	 , 15	 , 26	 , 150.0, 
50	 , 52514	 , 13	 , 26	 , 149.99999, 
50	 , 53244	 , 4	 , 25	 , 150.0, 
50	 , 53504	 , 12	 , 25	 , 150.0, 
50	 , 52836	 , 16	 , 25	 , 150.0, 
50	 , 51772	 , 14	 , 25	 , 150.0, 
50	 , 51648	 , 15	 , 25	 , 149.99999, 
50	 , 52472	 , 12	 , 25	 , 150.0, 
50	 , 52318	 , 17	 , 25	 , 149.99999, 
50	 , 51204	 , 13	 , 25	 , 150.0, 
50	 , 53032	 , 13	 , 26	 , 150.0, 
50	 , 52034	 , 13	 , 25	 , 150.0, 
50	 , 52694	 , 16	 , 25	 , 150.0, 
50	 , 52750	 , 7	 , 27	 , 149.99999, 
50	 , 53450	 , 15	 , 26	 , 150.0, 
50	 , 52466	 , 13	 , 25	 , 149.99999, 
50	 , 53094	 , 6	 , 25	 , 150.0, 
50	 , 51488	 , 13	 , 25	 , 150.0, 
50	 , 51894	 , 16	 , 27	 , 149.99998, 
50	 , 51228	 , 0	 , 25	 , 150.0, 
50	 , 51886	 , 8	 , 24	 , 149.99999, 
50	 , 52838	 , 13	 , 27	 , 149.99999, 
50	 , 51218	 , 14	 , 25	 , 150.0, 
50	 , 51644	 , 18	 , 26	 , 149.99998, 
50	 , 52966	 , 15	 , 25	 , 149.99999, 
50	 , 51284	 , 15	 , 25	 , 150.0, 
50	 , 51432	 , 12	 , 25	 , 150.0, 
50	 , 51714	 , 14	 , 24	 , 150.0, 
50	 , 53336	 , 13	 , 25	 , 149.99999, 
50	 , 51504	 , 13	 , 25	 , 149.99997, 
50	 , 51532	 , 11	 , 25	 , 150.0, 
50	 , 53270	 , 14	 , 24	 , 150.0, 
50	 , 53256	 , 14	 , 26	 , 149.99999, 
50	 , 51316	 , 16	 , 25	 , 150.0, 
50	 , 52340	 , 10	 , 24	 , 149.99999, 
50	 , 53202	 , 17	 , 24	 , 149.99999, 
50	 , 52712	 , 7	 , 26	 , 149.99999, 
50	 , 52830	 , 14	 , 26	 , 150.0, 
50	 , 51626	 , 4	 , 25	 , 149.99999, 
50	 , 51902	 , 15	 , 25	 , 150.0, 
50	 , 51892	 , 16	 , 25	 , 150.0, 
50	 , 51720	 , 13	 , 25	 , 150.0, 
50	 , 51398	 , 11	 , 26	 , 149.99999, 
50	 , 51952	 , 18	 , 25	 , 149.99995, 
50	 , 53208	 , 17	 , 26	 , 150.0, 
50	 , 53074	 , 12	 , 26	 , 150.0, 
50	 , 52094	 , 13	 , 26	 , 150.0, 
50	 , 53198	 , 15	 , 25	 , 149.99999, 
50	 , 53154	 , 16	 , 26	 , 150.0, 
50	 , 52010	 , 15	 , 25	 , 150.0, 
50	 , 51788	 , 17	 , 25	 , 150.0, 
50	 , 53368	 , 3	 , 26	 , 149.99999, 
50	 , 51922	 , 16	 , 25	 , 150.0, 
50	 , 51958	 , 8	 , 25	 , 150.0, 
50	 , 52640	 , 0	 , 25	 , 149.99999, 
50	 , 51912	 , 15	 , 25	 , 149.99999, 
50	 , 51274	 , 17	 , 25	 , 149.99999, 
50	 , 51504	 , 2	 , 25	 , 149.99999, 
50	 , 52476	 , 9	 , 24	 , 149.99999, 
50	 , 52582	 , 17	 , 24	 , 149.99999, 
50	 , 52240	 , 16	 , 26	 , 150.0, 
50	 , 52608	 , 19	 , 25	 , 150.0, 
50	 , 52980	 , 14	 , 26	 , 150.0, 
50	 , 52756	 , 15	 , 25	 , 150.0, 
50	 , 53238	 , 15	 , 26	 , 150.0, 
50	 , 52710	 , 8	 , 25	 , 149.99999, 
50	 , 52318	 , 5	 , 26	 , 150.0, 
50	 , 53230	 , 16	 , 25	 , 150.0, 
50	 , 52174	 , 15	 , 24	 , 150.0, 
50	 , 51886	 , 4	 , 25	 , 150.0, 
50	 , 53278	 , 11	 , 25	 , 150.0, 
50	 , 51234	 , 16	 , 25	 , 150.0, 
50	 , 51362	 , 15	 , 23	 , 149.99999, 
50	 , 51964	 , 2	 , 25	 , 149.99999, 
50	 , 51532	 , 13	 , 23	 , 150.0, 
50	 , 52980	 , 17	 , 26	 , 149.99999, 
50	 , 53372	 , 15	 , 26	 , 150.0, 
50	 , 51820	 , 10	 , 26	 , 150.0, 
50	 , 52396	 , 13	 , 26	 , 150.0, 
50	 , 51846	 , 13	 , 25	 , 149.99999, 
50	 , 53274	 , 19	 , 25	 , 150.0, 
50	 , 51750	 , 14	 , 24	 , 150.0, 
50	 , 52894	 , 16	 , 25	 , 149.99999, 
50	 , 53068	 , 15	 , 26	 , 150.0, 
100	 , 51504	 , 6	 , 13	 , 149.99999, 
100	 , 54330	 , 7	 , 14	 , 149.99999, 
100	 , 55104	 , 8	 , 14	 , 149.99999, 
100	 , 52538	 , 7	 , 13	 , 149.99999, 
100	 , 54490	 , 5	 , 14	 , 150.0, 
100	 , 52158	 , 4	 , 14	 , 149.99998, 
100	 , 51606	 , 7	 , 13	 , 149.99999, 
100	 , 51674	 , 7	 , 13	 , 150.0, 
100	 , 56236	 , 8	 , 14	 , 150.0, 
100	 , 55166	 , 8	 , 14	 , 149.99999, 
100	 , 54366	 , 7	 , 14	 , 150.0, 
100	 , 54760	 , 7	 , 14	 , 149.99997, 
100	 , 55020	 , 5	 , 14	 , 149.99999, 
100	 , 55482	 , 4	 , 14	 , 149.99999, 
100	 , 53950	 , 7	 , 14	 , 149.99999, 
100	 , 51922	 , 6	 , 13	 , 149.99999, 
100	 , 54520	 , 6	 , 14	 , 150.0, 
100	 , 51716	 , 1	 , 14	 , 150.0, 
100	 , 52132	 , 7	 , 13	 , 150.0, 
100	 , 55092	 , 6	 , 13	 , 150.0, 
100	 , 54774	 , 7	 , 14	 , 150.0, 
100	 , 52920	 , 7	 , 13	 , 149.99999, 
100	 , 55546	 , 7	 , 14	 , 150.0, 
100	 , 54544	 , 9	 , 14	 , 150.0, 
100	 , 51856	 , 5	 , 13	 , 150.0, 
100	 , 54754	 , 7	 , 14	 , 149.99999, 
100	 , 55042	 , 8	 , 14	 , 149.99999, 
100	 , 52610	 , 6	 , 13	 , 150.0, 
100	 , 55772	 , 7	 , 14	 , 150.0, 
100	 , 51412	 , 6	 , 13	 , 149.99999, 
100	 , 52162	 , 9	 , 13	 , 149.99999, 
100	 , 55842	 , 6	 , 14	 , 149.99999, 
100	 , 54964	 , 4	 , 14	 , 150.0, 
100	 , 53390	 , 5	 , 14	 , 150.0, 
100	 , 54212	 , 6	 , 13	 , 150.0, 
100	 , 53260	 , 5	 , 14	 , 149.99999, 
100	 , 53496	 , 8	 , 13	 , 149.99999, 
100	 , 53564	 , 6	 , 14	 , 150.0, 
100	 , 53634	 , 5	 , 14	 , 150.0, 
100	 , 54098	 , 5	 , 14	 , 150.0, 
100	 , 56182	 , 5	 , 14	 , 149.99999, 
100	 , 53746	 , 7	 , 13	 , 150.0, 
100	 , 55396	 , 9	 , 14	 , 149.99999, 
100	 , 55020	 , 7	 , 14	 , 150.0, 
100	 , 54226	 , 5	 , 14	 , 150.0, 
100	 , 51956	 , 6	 , 13	 , 150.0, 
100	 , 53356	 , 7	 , 14	 , 150.0, 
100	 , 55374	 , 0	 , 14	 , 150.0, 
100	 , 54800	 , 4	 , 14	 , 150.0, 
100	 , 52656	 , 2	 , 14	 , 150.0, 
100	 , 51858	 , 5	 , 13	 , 150.0, 
100	 , 55278	 , 8	 , 14	 , 150.0, 
100	 , 54384	 , 6	 , 14	 , 149.99999, 
100	 , 54580	 , 7	 , 14	 , 149.99999, 
100	 , 54924	 , 6	 , 14	 , 150.0, 
100	 , 53578	 , 3	 , 14	 , 150.0, 
100	 , 57010	 , 4	 , 14	 , 150.0, 
100	 , 55736	 , 6	 , 14	 , 149.99999, 
100	 , 53454	 , 0	 , 14	 , 149.99997, 
100	 , 53454	 , 6	 , 14	 , 150.0, 
100	 , 56006	 , 8	 , 14	 , 150.0, 
100	 , 51682	 , 6	 , 13	 , 149.99999, 
100	 , 53660	 , 5	 , 13	 , 150.0, 
100	 , 53872	 , 0	 , 14	 , 149.99999, 
100	 , 55946	 , 6	 , 14	 , 149.99999, 
100	 , 53396	 , 3	 , 14	 , 150.0, 
100	 , 55626	 , 4	 , 14	 , 149.99999, 
100	 , 54994	 , 3	 , 14	 , 150.0, 
100	 , 54108	 , 6	 , 14	 , 149.99999, 
100	 , 52926	 , 8	 , 13	 , 149.99999, 
100	 , 55068	 , 2	 , 14	 , 149.99999, 
100	 , 51600	 , 4	 , 13	 , 149.99999, 
100	 , 54366	 , 6	 , 14	 , 150.0, 
100	 , 54432	 , 7	 , 14	 , 149.99997, 
100	 , 54676	 , 8	 , 14	 , 150.0, 
100	 , 53878	 , 6	 , 13	 , 149.99999, 
100	 , 54232	 , 6	 , 14	 , 150.0, 
100	 , 55318	 , 6	 , 14	 , 150.0, 
100	 , 52846	 , 4	 , 13	 , 150.0, 
100	 , 54288	 , 7	 , 14	 , 149.99999, 
100	 , 54650	 , 8	 , 14	 , 150.0, 
100	 , 54016	 , 5	 , 14	 , 150.0, 
100	 , 51730	 , 1	 , 13	 , 150.0, 
100	 , 52798	 , 8	 , 14	 , 150.0, 
100	 , 53014	 , 3	 , 14	 , 150.0, 
100	 , 53800	 , 6	 , 14	 , 150.0, 
100	 , 55334	 , 4	 , 14	 , 150.0, 
100	 , 52468	 , 3	 , 14	 , 150.0, 
100	 , 55120	 , 6	 , 14	 , 150.0, 
100	 , 51676	 , 6	 , 13	 , 150.0, 
100	 , 55224	 , 7	 , 14	 , 150.0, 
100	 , 53412	 , 4	 , 14	 , 150.0, 
100	 , 52300	 , 4	 , 14	 , 150.0, 
100	 , 54802	 , 5	 , 14	 , 150.0, 
100	 , 55400	 , 8	 , 13	 , 149.99999, 
100	 , 52020	 , 7	 , 13	 , 150.0, 
100	 , 53808	 , 7	 , 14	 , 150.0, 
100	 , 52572	 , 8	 , 14	 , 149.99999, 
100	 , 54198	 , 6	 , 13	 , 150.0, 
100	 , 55452	 , 6	 , 14	 , 149.99999, 
100	 , 55298	 , 6	 , 14	 , 149.99999, 
100	 , 51328	 , 7	 , 13	 , 150.0, 
100	 , 54314	 , 7	 , 13	 , 150.0, 
100	 , 53864	 , 5	 , 14	 , 149.99999, 
100	 , 53370	 , 3	 , 14	 , 150.0, 
100	 , 55144	 , 7	 , 14	 , 149.99999, 
100	 , 54438	 , 6	 , 14	 , 150.0, 
100	 , 53048	 , 9	 , 13	 , 150.0, 
100	 , 55202	 , 6	 , 14	 , 150.0, 
100	 , 54358	 , 6	 , 14	 , 149.99999, 
100	 , 55338	 , 7	 , 14	 , 149.99999, 
100	 , 54968	 , 10	 , 14	 , 149.99999, 
100	 , 52458	 , 1	 , 14	 , 150.0, 
100	 , 53546	 , 5	 , 14	 , 149.99999, 
100	 , 51230	 , 6	 , 12	 , 150.0, 
100	 , 51936	 , 6	 , 14	 , 149.99999, 
100	 , 54492	 , 5	 , 14	 , 149.99999, 
100	 , 51376	 , 6	 , 13	 , 150.0, 
100	 , 51548	 , 5	 , 13	 , 149.99999, 
100	 , 52258	 , 1	 , 14	 , 150.0, 
100	 , 51822	 , 5	 , 13	 , 149.99999, 
100	 , 51376	 , 5	 , 13	 , 150.0, 
100	 , 52294	 , 2	 , 13	 , 150.0, 
100	 , 53902	 , 4	 , 14	 , 150.0, 
100	 , 55476	 , 4	 , 14	 , 149.99999, 
100	 , 51716	 , 6	 , 13	 , 150.0, 
100	 , 55596	 , 5	 , 13	 , 150.0, 
100	 , 54476	 , 7	 , 14	 , 150.0, 
100	 , 54154	 , 5	 , 14	 , 149.99999, 
100	 , 51612	 , 6	 , 14	 , 149.99999, 
100	 , 54650	 , 7	 , 14	 , 149.99999, 
100	 , 54050	 , 5	 , 14	 , 149.99999, 
100	 , 52538	 , 1	 , 14	 , 150.0, 
100	 , 51494	 , 8	 , 13	 , 150.0, 
100	 , 55692	 , 8	 , 14	 , 149.99994, 
100	 , 54400	 , 7	 , 14	 , 150.0, 
100	 , 53550	 , 5	 , 13	 , 150.0, 
100	 , 51678	 , 3	 , 13	 , 150.0, 
100	 , 51352	 , 7	 , 13	 , 149.99999, 
100	 , 54328	 , 7	 , 13	 , 150.0, 
100	 , 52296	 , 7	 , 13	 , 150.0, 
100	 , 54452	 , 3	 , 14	 , 150.0, 
100	 , 52288	 , 5	 , 13	 , 150.0, 
100	 , 54636	 , 7	 , 14	 , 150.0, 
100	 , 51558	 , 1	 , 13	 , 150.0, 
100	 , 55498	 , 5	 , 13	 , 150.0, 
100	 , 52226	 , 5	 , 13	 , 149.99999, 
100	 , 52286	 , 4	 , 13	 , 149.99991, 
100	 , 52618	 , 5	 , 13	 , 150.0, 
100	 , 54790	 , 6	 , 14	 , 149.99999, 
100	 , 55000	 , 7	 , 14	 , 149.99999, 
100	 , 51540	 , 5	 , 13	 , 150.0, 
100	 , 52926	 , 3	 , 14	 , 150.0, 
100	 , 52238	 , 10	 , 13	 , 150.0, 
100	 , 53672	 , 2	 , 14	 , 150.0, 
100	 , 55438	 , 0	 , 14	 , 150.0, 
100	 , 51376	 , 7	 , 13	 , 150.0, 
100	 , 51876	 , 7	 , 13	 , 149.99999, 
100	 , 55292	 , 5	 , 14	 , 149.99999, 
100	 , 52138	 , 6	 , 13	 , 149.99999, 
100	 , 54664	 , 7	 , 14	 , 149.99999, 
100	 , 52004	 , 7	 , 13	 , 150.0, 
100	 , 54468	 , 4	 , 14	 , 150.0, 
100	 , 51820	 , 6	 , 13	 , 149.99999, 
100	 , 55652	 , 6	 , 14	 , 150.0, 
100	 , 53238	 , 4	 , 14	 , 150.0, 
100	 , 51266	 , 6	 , 13	 , 149.99999, 
100	 , 52128	 , 6	 , 13	 , 150.0, 
100	 , 55948	 , 5	 , 14	 , 150.0, 
100	 , 52166	 , 4	 , 13	 , 150.0, 
100	 , 55586	 , 7	 , 14	 , 150.0, 
100	 , 52166	 , 3	 , 14	 , 150.0, 
100	 , 52446	 , 5	 , 13	 , 150.0, 
100	 , 52512	 , 7	 , 13	 , 150.0, 
100	 , 55620	 , 7	 , 14	 , 149.99999, 
100	 , 54950	 , 4	 , 14	 , 149.99999, 
100	 , 53948	 , 7	 , 13	 , 149.99999, 
100	 , 54728	 , 5	 , 14	 , 149.99999, 
100	 , 52322	 , 1	 , 14	 , 150.0, 
100	 , 54014	 , 1	 , 14	 , 150.0, 
100	 , 52018	 , 7	 , 14	 , 149.99999, 
100	 , 53054	 , 8	 , 13	 , 150.0, 
100	 , 54206	 , 5	 , 14	 , 149.99999, 
100	 , 52624	 , 2	 , 13	 , 149.99997, 
100	 , 53194	 , 3	 , 14	 , 150.0, 
100	 , 51296	 , 2	 , 14	 , 150.0, 
100	 , 53522	 , 6	 , 13	 , 149.99999, 
100	 , 55252	 , 8	 , 14	 , 149.99999, 
100	 , 51802	 , 8	 , 13	 , 149.99999, 
100	 , 51454	 , 5	 , 13	 , 150.0, 
100	 , 54532	 , 4	 , 14	 , 149.99999, 
100	 , 53646	 , 7	 , 14	 , 150.0, 
100	 , 54540	 , 4	 , 14	 , 149.99999, 
100	 , 53664	 , 7	 , 14	 , 150.0, 
100	 , 54908	 , 7	 , 14	 , 150.0, 
100	 , 53078	 , 4	 , 14	 , 150.0, 
100	 , 54698	 , 6	 , 14	 , 149.99999, 
100	 , 51922	 , 7	 , 13	 , 149.99999, 
100	 , 53730	 , 8	 , 13	 , 150.0, 
100	 , 55298	 , 6	 , 14	 , 150.0, 
100	 , 51950	 , 5	 , 13	 , 149.99999, 
100	 , 51204	 , 8	 , 13	 , 149.99994, 
100	 , 54478	 , 5	 , 14	 , 149.99999, 
100	 , 51304	 , 7	 , 13	 , 149.99999, 
100	 , 53966	 , 4	 , 14	 , 150.0, 
100	 , 53986	 , 4	 , 14	 , 150.0, 
100	 , 55220	 , 1	 , 14	 , 150.0, 
100	 , 55140	 , 6	 , 14	 , 150.0, 
100	 , 54320	 , 6	 , 14	 , 150.0, 
100	 , 55002	 , 7	 , 14	 , 150.0, 
100	 , 55398	 , 6	 , 14	 , 150.0, 
100	 , 54090	 , 5	 , 14	 , 150.0, 
100	 , 52856	 , 5	 , 14	 , 150.0, 
100	 , 54788	 , 7	 , 14	 , 149.99999, 
100	 , 52422	 , 8	 , 13	 , 150.0, 
100	 , 55504	 , 6	 , 14	 , 150.0, 
100	 , 51924	 , 6	 , 13	 , 149.99999, 
100	 , 53286	 , 3	 , 14	 , 150.0, 
100	 , 51894	 , 4	 , 14	 , 149.99999, 
100	 , 55380	 , 4	 , 14	 , 150.0, 
100	 , 51852	 , 1	 , 13	 , 149.99999, 
100	 , 53060	 , 4	 , 14	 , 150.0, 
100	 , 55152	 , 7	 , 13	 , 149.99999, 
100	 , 52620	 , 6	 , 14	 , 150.0, 
100	 , 52840	 , 4	 , 14	 , 150.0, 
100	 , 53714	 , 6	 , 13	 , 150.0, 
100	 , 54108	 , 7	 , 13	 , 149.99999, 
100	 , 51838	 , 5	 , 13	 , 150.0, 
100	 , 51414	 , 7	 , 13	 , 150.0, 
100	 , 55282	 , 4	 , 14	 , 149.99999, 
100	 , 54162	 , 5	 , 14	 , 150.0, 
100	 , 52810	 , 1	 , 13	 , 149.99999, 
100	 , 51644	 , 6	 , 13	 , 150.0, 
100	 , 52560	 , 5	 , 13	 , 150.0, 
100	 , 55124	 , 6	 , 14	 , 150.0, 
100	 , 51684	 , 5	 , 13	 , 149.99999, 
100	 , 51436	 , 1	 , 13	 , 150.0, 
100	 , 55204	 , 7	 , 14	 , 149.99999, 
100	 , 52580	 , 0	 , 12	 , 149.99999, 
100	 , 51764	 , 2	 , 13	 , 150.0, 
100	 , 55760	 , 5	 , 14	 , 150.0, 
100	 , 53222	 , 6	 , 14	 , 149.99999, 
100	 , 52368	 , 0	 , 14	 , 150.0, 
100	 , 55592	 , 6	 , 13	 , 149.99999, 
100	 , 54870	 , 1	 , 14	 , 149.99999, 
100	 , 55680	 , 7	 , 14	 , 150.0, 
100	 , 54108	 , 5	 , 14	 , 150.0, 
100	 , 52852	 , 4	 , 14	 , 149.99999, 
100	 , 51634	 , 3	 , 13	 , 150.0, 
100	 , 53196	 , 9	 , 14	 , 149.99997, 
150	 , 57446	 , 5	 , 10	 , 149.99999, 
150	 , 55242	 , 0	 , 10	 , 150.0, 
150	 , 57066	 , 2	 , 10	 , 149.99999, 
150	 , 52860	 , 1	 , 10	 , 150.0, 
150	 , 57190	 , 2	 , 10	 , 150.0, 
150	 , 56004	 , 5	 , 10	 , 149.99999, 
150	 , 53146	 , 0	 , 10	 , 150.0, 
150	 , 55536	 , 3	 , 10	 , 149.99999, 
150	 , 54500	 , 3	 , 10	 , 150.0, 
150	 , 52936	 , 1	 , 10	 , 150.0, 
150	 , 55162	 , 2	 , 10	 , 150.0, 
150	 , 57958	 , 3	 , 10	 , 150.0, 
150	 , 56344	 , 2	 , 10	 , 150.0, 
150	 , 54178	 , 1	 , 10	 , 150.0, 
150	 , 52346	 , 1	 , 10	 , 150.0, 
150	 , 55930	 , 3	 , 10	 , 149.99999, 
150	 , 55012	 , 1	 , 10	 , 150.0, 
150	 , 52468	 , 0	 , 10	 , 149.99999, 
150	 , 53422	 , 0	 , 10	 , 150.0, 
150	 , 57496	 , 2	 , 10	 , 150.0, 
150	 , 56196	 , 2	 , 10	 , 150.0, 
150	 , 56790	 , 5	 , 10	 , 150.0, 
150	 , 53466	 , 1	 , 10	 , 150.0, 
150	 , 54782	 , 1	 , 10	 , 150.0, 
150	 , 57124	 , 6	 , 10	 , 149.99999, 
150	 , 53558	 , 1	 , 10	 , 150.0, 
150	 , 53902	 , 1	 , 10	 , 150.0, 
150	 , 55688	 , 4	 , 10	 , 150.0, 
150	 , 57686	 , 1	 , 10	 , 150.0, 
150	 , 54312	 , 2	 , 10	 , 150.0, 
150	 , 56774	 , 5	 , 10	 , 150.0, 
150	 , 56224	 , 4	 , 10	 , 150.0, 
150	 , 55868	 , 3	 , 10	 , 149.99999, 
150	 , 56390	 , 3	 , 10	 , 149.99997, 
150	 , 54528	 , 3	 , 10	 , 150.0, 
150	 , 54516	 , 3	 , 10	 , 150.0, 
150	 , 56930	 , 5	 , 10	 , 149.99999, 
150	 , 52816	 , 3	 , 10	 , 150.0, 
150	 , 55344	 , 5	 , 10	 , 149.99999, 
150	 , 52448	 , 1	 , 10	 , 150.0, 
150	 , 54176	 , 2	 , 10	 , 150.0, 
150	 , 56366	 , 6	 , 10	 , 150.0, 
150	 , 56328	 , 5	 , 10	 , 149.99999, 
150	 , 55164	 , 1	 , 10	 , 150.0, 
150	 , 53334	 , 0	 , 10	 , 150.0, 
150	 , 55520	 , 4	 , 10	 , 149.99999, 
150	 , 53988	 , 2	 , 10	 , 150.0, 
150	 , 56138	 , 3	 , 10	 , 149.99999, 
150	 , 52748	 , 4	 , 10	 , 150.0, 
150	 , 56532	 , 3	 , 10	 , 150.0, 
150	 , 56796	 , 4	 , 10	 , 149.99999, 
150	 , 56198	 , 4	 , 10	 , 149.99999, 
150	 , 57366	 , 4	 , 10	 , 150.0, 
150	 , 55364	 , 4	 , 10	 , 150.0, 
150	 , 55672	 , 5	 , 10	 , 149.99999, 
150	 , 57340	 , 4	 , 10	 , 150.0, 
150	 , 54680	 , 0	 , 10	 , 150.0, 
150	 , 56372	 , 4	 , 10	 , 149.99999, 
150	 , 55682	 , 5	 , 10	 , 149.99999, 
150	 , 54702	 , 3	 , 10	 , 150.0, 
150	 , 56180	 , 3	 , 10	 , 149.99999, 
150	 , 53260	 , 1	 , 10	 , 149.99998, 
150	 , 53658	 , 2	 , 10	 , 150.0, 
150	 , 56618	 , 4	 , 10	 , 149.99999, 
150	 , 51458	 , 4	 , 9	 , 149.99999, 
150	 , 54610	 , 2	 , 10	 , 149.99999, 
150	 , 55632	 , 3	 , 10	 , 150.0, 
150	 , 56878	 , 4	 , 10	 , 149.99999, 
150	 , 54522	 , 1	 , 10	 , 150.0, 
150	 , 57796	 , 6	 , 10	 , 149.99999, 
150	 , 55612	 , 2	 , 10	 , 150.0, 
150	 , 57108	 , 4	 , 10	 , 149.99999, 
150	 , 57072	 , 1	 , 10	 , 149.99999, 
150	 , 53930	 , 2	 , 10	 , 149.99999, 
150	 , 57096	 , 4	 , 10	 , 149.99999, 
150	 , 54534	 , 2	 , 10	 , 150.0, 
150	 , 57050	 , 4	 , 10	 , 149.99999, 
150	 , 55820	 , 1	 , 10	 , 150.0, 
150	 , 58452	 , 3	 , 10	 , 150.0, 
150	 , 53584	 , 2	 , 10	 , 149.99999, 
150	 , 57270	 , 5	 , 10	 , 149.99999, 
150	 , 55594	 , 3	 , 10	 , 149.99999, 
150	 , 58022	 , 3	 , 10	 , 150.0, 
150	 , 52762	 , 2	 , 10	 , 150.0, 
150	 , 54490	 , 4	 , 10	 , 150.0, 
150	 , 56434	 , 3	 , 10	 , 149.99999, 
150	 , 53424	 , 1	 , 10	 , 150.0, 
150	 , 51488	 , 2	 , 9	 , 150.0, 
150	 , 57642	 , 5	 , 10	 , 149.99999, 
150	 , 54750	 , 0	 , 10	 , 150.0, 
150	 , 57582	 , 4	 , 10	 , 150.0, 
150	 , 54540	 , 1	 , 10	 , 149.99999, 
150	 , 55898	 , 5	 , 10	 , 149.99999, 
150	 , 57710	 , 3	 , 10	 , 150.0, 
150	 , 55638	 , 4	 , 10	 , 150.0, 
150	 , 58334	 , 1	 , 10	 , 150.0, 
150	 , 53704	 , 4	 , 10	 , 150.0, 
150	 , 54726	 , 4	 , 10	 , 150.0, 
150	 , 54424	 , 2	 , 10	 , 150.0, 
150	 , 56212	 , 0	 , 10	 , 150.0, 
150	 , 54362	 , 1	 , 10	 , 150.0, 
150	 , 57992	 , 5	 , 10	 , 150.0, 
150	 , 55158	 , 3	 , 10	 , 150.0, 
150	 , 56382	 , 1	 , 10	 , 150.0, 
150	 , 58232	 , 2	 , 10	 , 150.0, 
150	 , 56526	 , 4	 , 10	 , 149.99999, 
150	 , 55416	 , 2	 , 10	 , 149.99999, 
150	 , 57418	 , 1	 , 10	 , 150.0, 
150	 , 55214	 , 3	 , 10	 , 149.99999, 
150	 , 54810	 , 1	 , 10	 , 150.0, 
150	 , 54510	 , 0	 , 10	 , 150.0, 
150	 , 55982	 , 1	 , 10	 , 150.0, 
150	 , 54998	 , 5	 , 10	 , 150.0, 
150	 , 54712	 , 1	 , 10	 , 150.0, 
150	 , 55090	 , 4	 , 10	 , 149.99999, 
150	 , 54136	 , 1	 , 10	 , 149.99999, 
150	 , 57640	 , 5	 , 10	 , 150.0, 
150	 , 57058	 , 2	 , 10	 , 150.0, 
150	 , 56654	 , 3	 , 10	 , 149.99999, 
150	 , 55462	 , 4	 , 10	 , 149.99999, 
150	 , 54050	 , 1	 , 10	 , 150.0, 
150	 , 55404	 , 0	 , 10	 , 150.0, 
150	 , 55008	 , 4	 , 10	 , 150.0, 
150	 , 57444	 , 5	 , 10	 , 150.0, 
150	 , 55468	 , 2	 , 10	 , 149.99999, 
150	 , 57362	 , 0	 , 10	 , 150.0, 
150	 , 54906	 , 4	 , 10	 , 150.0, 
150	 , 58512	 , 2	 , 10	 , 150.0, 
150	 , 51268	 , 0	 , 9	 , 150.0, 
150	 , 52746	 , 1	 , 10	 , 150.0, 
150	 , 57068	 , 1	 , 10	 , 149.99999, 
150	 , 57892	 , 5	 , 10	 , 149.99999, 
150	 , 55378	 , 2	 , 10	 , 150.0, 
150	 , 51484	 , 4	 , 9	 , 149.99999, 
150	 , 55360	 , 4	 , 10	 , 150.0, 
150	 , 53042	 , 0	 , 10	 , 150.0, 
150	 , 56638	 , 5	 , 10	 , 149.99999, 
150	 , 56210	 , 3	 , 10	 , 150.0, 
150	 , 56906	 , 4	 , 10	 , 150.0, 
150	 , 54046	 , 0	 , 10	 , 150.0, 
150	 , 53680	 , 3	 , 10	 , 150.0, 
150	 , 54120	 , 4	 , 10	 , 150.0, 
150	 , 57482	 , 2	 , 10	 , 150.0, 
150	 , 57806	 , 4	 , 10	 , 150.0, 
150	 , 54334	 , 2	 , 10	 , 150.0, 
150	 , 51320	 , 4	 , 9	 , 149.99999, 
150	 , 53552	 , 0	 , 10	 , 150.0, 
150	 , 56338	 , 3	 , 10	 , 150.0, 
150	 , 55678	 , 4	 , 10	 , 149.99999, 
150	 , 57692	 , 2	 , 10	 , 150.0, 
150	 , 57018	 , 3	 , 10	 , 150.0, 
150	 , 53000	 , 2	 , 10	 , 150.0, 
150	 , 55410	 , 2	 , 10	 , 149.99999, 
150	 , 58526	 , 3	 , 10	 , 150.0, 
150	 , 56568	 , 3	 , 10	 , 149.99999, 
150	 , 53350	 , 1	 , 10	 , 149.99999, 
150	 , 54600	 , 3	 , 10	 , 150.0, 
150	 , 58682	 , 3	 , 10	 , 150.0, 
150	 , 55028	 , 2	 , 10	 , 149.99999, 
150	 , 56748	 , 4	 , 10	 , 149.99999, 
150	 , 53278	 , 2	 , 10	 , 149.99999, 
150	 , 53824	 , 3	 , 10	 , 150.0, 
150	 , 53600	 , 0	 , 10	 , 149.99999, 
150	 , 53008	 , 0	 , 10	 , 150.0, 
150	 , 56996	 , 2	 , 10	 , 150.0, 
150	 , 57932	 , 5	 , 10	 , 150.0, 
150	 , 56266	 , 3	 , 10	 , 149.99999, 
150	 , 53102	 , 1	 , 10	 , 150.0, 
150	 , 56340	 , 3	 , 10	 , 149.99999, 
150	 , 52532	 , 2	 , 10	 , 150.0, 
150	 , 54666	 , 4	 , 10	 , 149.99998, 
150	 , 53626	 , 3	 , 10	 , 149.99999, 
150	 , 52514	 , 0	 , 10	 , 150.0, 
150	 , 53270	 , 4	 , 10	 , 149.99999, 
150	 , 53092	 , 1	 , 10	 , 150.0, 
150	 , 55930	 , 1	 , 10	 , 150.0, 
150	 , 56408	 , 3	 , 10	 , 150.0, 
150	 , 56232	 , 3	 , 10	 , 149.99999, 
150	 , 52194	 , 2	 , 10	 , 150.0, 
150	 , 53930	 , 4	 , 10	 , 149.99999, 
150	 , 54142	 , 1	 , 10	 , 149.99997, 
150	 , 54612	 , 4	 , 10	 , 150.0, 
150	 , 54794	 , 4	 , 10	 , 150.0, 
150	 , 55834	 , 1	 , 10	 , 150.0, 
150	 , 54798	 , 3	 , 10	 , 150.0, 
150	 , 58196	 , 4	 , 10	 , 149.99994, 
150	 , 53970	 , 3	 , 10	 , 150.0, 
150	 , 56304	 , 4	 , 10	 , 150.0, 
150	 , 57026	 , 4	 , 10	 , 149.99999, 
150	 , 54660	 , 3	 , 10	 , 149.99999, 
150	 , 54904	 , 2	 , 10	 , 150.0, 
150	 , 53672	 , 1	 , 10	 , 150.0, 
150	 , 53808	 , 1	 , 10	 , 150.0, 
150	 , 54386	 , 3	 , 10	 , 150.0, 
150	 , 56110	 , 4	 , 10	 , 149.99999, 
150	 , 51516	 , 2	 , 9	 , 150.0, 
150	 , 54260	 , 2	 , 10	 , 150.0, 
150	 , 58450	 , 5	 , 10	 , 149.99999, 
150	 , 54056	 , 2	 , 10	 , 149.99999, 
150	 , 55082	 , 3	 , 10	 , 149.99999, 
150	 , 56162	 , 5	 , 10	 , 150.0, 
150	 , 55174	 , 0	 , 10	 , 150.0, 
150	 , 52948	 , 1	 , 10	 , 150.0, 
150	 , 58170	 , 1	 , 10	 , 150.0, 
150	 , 53240	 , 3	 , 10	 , 150.0, 
150	 , 56522	 , 4	 , 10	 , 150.0, 
150	 , 57396	 , 0	 , 10	 , 150.0, 
150	 , 53514	 , 2	 , 10	 , 149.99999, 
150	 , 55898	 , 5	 , 10	 , 149.99999, 
150	 , 52912	 , 1	 , 10	 , 150.0, 
150	 , 54316	 , 0	 , 10	 , 149.99997, 
150	 , 53044	 , 1	 , 10	 , 150.0, 
150	 , 56056	 , 4	 , 10	 , 150.0, 
150	 , 54586	 , 3	 , 10	 , 150.0, 
150	 , 56516	 , 5	 , 10	 , 149.99999, 
150	 , 56286	 , 4	 , 10	 , 149.99999, 
150	 , 52230	 , 2	 , 10	 , 150.0, 
150	 , 54652	 , 3	 , 10	 , 150.0, 
150	 , 54856	 , 4	 , 10	 , 149.99999, 
150	 , 55804	 , 3	 , 10	 , 149.99999, 
150	 , 55670	 , 1	 , 10	 , 150.0, 
150	 , 53388	 , 0	 , 10	 , 150.0, 
150	 , 54226	 , 1	 , 10	 , 150.0, 
150	 , 53598	 , 0	 , 10	 , 150.0, 
150	 , 55638	 , 4	 , 10	 , 149.99999, 
150	 , 56166	 , 6	 , 10	 , 150.0, 
150	 , 54012	 , 3	 , 10	 , 149.99999, 
150	 , 56590	 , 4	 , 10	 , 150.0, 
150	 , 57958	 , 4	 , 10	 , 149.99999, 
150	 , 56290	 , 4	 , 10	 , 149.99999, 
150	 , 56306	 , 1	 , 10	 , 150.0, 
150	 , 57248	 , 3	 , 10	 , 150.0, 
150	 , 52444	 , 0	 , 10	 , 150.0, 
150	 , 53274	 , 2	 , 10	 , 150.0, 
150	 , 57192	 , 2	 , 10	 , 150.0, 
150	 , 57318	 , 2	 , 10	 , 150.0, 
150	 , 56810	 , 4	 , 10	 , 150.0, 
150	 , 58560	 , 3	 , 10	 , 149.99999, 
150	 , 56476	 , 1	 , 10	 , 149.99999, 
150	 , 54718	 , 2	 , 10	 , 150.0, 
150	 , 54554	 , 3	 , 10	 , 150.0, 
150	 , 54036	 , 2	 , 10	 , 150.0, 
150	 , 51648	 , 3	 , 9	 , 149.99999, 
150	 , 55918	 , 3	 , 10	 , 149.99999, 
150	 , 57774	 , 4	 , 10	 , 149.99999, 
150	 , 56834	 , 2	 , 10	 , 150.0, 
150	 , 56054	 , 2	 , 10	 , 149.99999, 
150	 , 52644	 , 0	 , 10	 , 150.0, 
150	 , 53516	 , 3	 , 10	 , 149.99999, 
150	 , 54434	 , 0	 , 10	 , 150.0, 
200	 , 57534	 , 4	 , 8	 , 149.99999, 
200	 , 53756	 , 1	 , 8	 , 150.0, 
200	 , 53908	 , 0	 , 8	 , 150.0, 
200	 , 57770	 , 2	 , 8	 , 149.99999, 
200	 , 56940	 , 3	 , 8	 , 150.0, 
200	 , 56600	 , 1	 , 8	 , 150.0, 
200	 , 56852	 , 2	 , 8	 , 149.99999, 
200	 , 54982	 , 1	 , 8	 , 150.0, 
200	 , 54006	 , 0	 , 8	 , 149.99999, 
200	 , 57260	 , 1	 , 8	 , 150.0, 
200	 , 59546	 , 3	 , 8	 , 149.99999, 
200	 , 57292	 , 2	 , 8	 , 150.0, 
200	 , 57558	 , 2	 , 8	 , 149.99999, 
200	 , 54902	 , 0	 , 8	 , 150.0, 
200	 , 53814	 , 0	 , 8	 , 150.0, 
200	 , 55598	 , 1	 , 8	 , 150.0, 
200	 , 53790	 , 0	 , 8	 , 150.0, 
200	 , 54648	 , 2	 , 8	 , 150.0, 
200	 , 56796	 , 2	 , 8	 , 149.99999, 
200	 , 57626	 , 1	 , 8	 , 150.0, 
200	 , 55040	 , 2	 , 8	 , 149.99999, 
200	 , 54620	 , 2	 , 8	 , 150.0, 
200	 , 55300	 , 0	 , 8	 , 150.0, 
200	 , 58112	 , 2	 , 8	 , 150.0, 
200	 , 58070	 , 2	 , 8	 , 149.99999, 
200	 , 54438	 , 0	 , 8	 , 150.0, 
200	 , 57368	 , 2	 , 8	 , 149.99999, 
200	 , 56400	 , 2	 , 8	 , 150.0, 
200	 , 56464	 , 1	 , 8	 , 150.0, 
200	 , 57218	 , 3	 , 8	 , 150.0, 
200	 , 55400	 , 0	 , 8	 , 150.0, 
200	 , 54714	 , 3	 , 8	 , 150.0, 
200	 , 55512	 , 2	 , 8	 , 150.0, 
200	 , 53928	 , 1	 , 8	 , 149.99999, 
200	 , 57008	 , 3	 , 8	 , 149.99999, 
200	 , 56400	 , 1	 , 8	 , 150.0, 
200	 , 55196	 , 0	 , 8	 , 150.0, 
200	 , 55634	 , 0	 , 8	 , 150.0, 
200	 , 55778	 , 3	 , 8	 , 150.0, 
200	 , 56522	 , 3	 , 8	 , 149.99999, 
200	 , 56188	 , 1	 , 8	 , 150.0, 
200	 , 53378	 , 0	 , 8	 , 150.0, 
200	 , 54100	 , 1	 , 8	 , 150.0, 
200	 , 57474	 , 1	 , 8	 , 150.0, 
200	 , 54994	 , 1	 , 8	 , 150.0, 
200	 , 57454	 , 1	 , 8	 , 149.99999, 
200	 , 59372	 , 1	 , 8	 , 150.0, 
200	 , 55208	 , 0	 , 8	 , 150.0, 
200	 , 55104	 , 2	 , 8	 , 150.0, 
200	 , 56334	 , 3	 , 8	 , 150.0, 
200	 , 54810	 , 1	 , 8	 , 149.99997, 
200	 , 54928	 , 2	 , 8	 , 150.0, 
200	 , 54626	 , 0	 , 8	 , 150.0, 
200	 , 56400	 , 2	 , 8	 , 150.0, 
200	 , 58856	 , 4	 , 8	 , 150.0, 
200	 , 56224	 , 2	 , 8	 , 150.0, 
200	 , 57308	 , 3	 , 8	 , 149.99999, 
200	 , 55616	 , 2	 , 8	 , 150.0, 
200	 , 56292	 , 2	 , 8	 , 149.99999, 
200	 , 55452	 , 2	 , 8	 , 150.0, 
200	 , 55872	 , 3	 , 8	 , 149.99999, 
200	 , 54110	 , 2	 , 8	 , 150.0, 
200	 , 54772	 , 1	 , 8	 , 150.0, 
200	 , 55022	 , 0	 , 8	 , 150.0, 
200	 , 57712	 , 1	 , 8	 , 150.0, 
200	 , 55404	 , 1	 , 8	 , 150.0, 
200	 , 53790	 , 0	 , 8	 , 150.0, 
200	 , 57266	 , 2	 , 8	 , 149.99999, 
200	 , 53564	 , 1	 , 8	 , 149.99999, 
200	 , 54922	 , 0	 , 8	 , 150.0, 
200	 , 55564	 , 2	 , 8	 , 149.99999, 
200	 , 54486	 , 0	 , 8	 , 150.0, 
200	 , 53422	 , 1	 , 8	 , 150.0, 
200	 , 56688	 , 3	 , 8	 , 150.0, 
200	 , 54902	 , 0	 , 8	 , 150.0, 
200	 , 55122	 , 1	 , 8	 , 150.0, 
200	 , 56234	 , 3	 , 8	 , 149.99999, 
200	 , 54094	 , 2	 , 8	 , 150.0, 
200	 , 55574	 , 2	 , 8	 , 149.99999, 
200	 , 60856	 , 1	 , 8	 , 150.0, 
200	 , 59168	 , 3	 , 8	 , 150.0, 
200	 , 56368	 , 1	 , 8	 , 149.99999, 
200	 , 56860	 , 1	 , 8	 , 149.9998, 
200	 , 54596	 , 0	 , 8	 , 150.0, 
200	 , 54232	 , 1	 , 8	 , 150.0, 
200	 , 56666	 , 2	 , 8	 , 149.99999, 
200	 , 57502	 , 2	 , 8	 , 149.99999, 
200	 , 56140	 , 3	 , 8	 , 149.99999, 
200	 , 55678	 , 2	 , 8	 , 149.99999, 
200	 , 55236	 , 1	 , 8	 , 149.99999, 
200	 , 56144	 , 3	 , 8	 , 149.99999, 
200	 , 57278	 , 2	 , 8	 , 149.99999, 
200	 , 57712	 , 1	 , 8	 , 149.99999, 
200	 , 57572	 , 4	 , 8	 , 149.99999, 
200	 , 57716	 , 2	 , 8	 , 149.99999, 
200	 , 55936	 , 0	 , 8	 , 150.0, 
200	 , 53678	 , 0	 , 8	 , 150.0, 
200	 , 58166	 , 3	 , 8	 , 149.99999, 
200	 , 58866	 , 2	 , 8	 , 149.99999, 
200	 , 56534	 , 2	 , 8	 , 150.0, 
200	 , 53468	 , 1	 , 8	 , 150.0, 
200	 , 56618	 , 2	 , 8	 , 149.99999, 
200	 , 58126	 , 4	 , 8	 , 150.0, 
200	 , 53838	 , 1	 , 8	 , 150.0, 
200	 , 56942	 , 3	 , 8	 , 149.99999, 
200	 , 54186	 , 0	 , 8	 , 150.0, 
200	 , 55292	 , 1	 , 8	 , 150.0, 
200	 , 58322	 , 4	 , 8	 , 149.99999, 
200	 , 54860	 , 2	 , 8	 , 150.0, 
200	 , 57392	 , 2	 , 8	 , 149.99999, 
200	 , 54086	 , 0	 , 8	 , 150.0, 
200	 , 57850	 , 2	 , 8	 , 149.99999, 
200	 , 58866	 , 3	 , 8	 , 149.99994, 
200	 , 57036	 , 2	 , 8	 , 149.99999, 
200	 , 54728	 , 3	 , 8	 , 150.0, 
200	 , 57110	 , 0	 , 8	 , 150.0, 
200	 , 54010	 , 1	 , 8	 , 150.0, 
200	 , 55298	 , 2	 , 8	 , 150.0, 
200	 , 55370	 , 2	 , 8	 , 150.0, 
200	 , 55790	 , 3	 , 8	 , 149.99999, 
200	 , 55210	 , 1	 , 8	 , 150.0, 
200	 , 58450	 , 2	 , 8	 , 150.0, 
200	 , 57188	 , 1	 , 8	 , 150.0, 
200	 , 54034	 , 0	 , 8	 , 150.0, 
200	 , 55536	 , 2	 , 8	 , 150.0, 
200	 , 55334	 , 3	 , 8	 , 150.0, 
200	 , 55130	 , 0	 , 8	 , 150.0, 
200	 , 54798	 , 1	 , 8	 , 150.0, 
200	 , 54462	 , 1	 , 8	 , 150.0, 
200	 , 55930	 , 0	 , 8	 , 150.0, 
200	 , 56660	 , 1	 , 8	 , 150.0, 
200	 , 54734	 , 1	 , 8	 , 149.99995, 
200	 , 58526	 , 4	 , 8	 , 149.99999, 
200	 , 53394	 , 2	 , 8	 , 149.99999, 
200	 , 53982	 , 0	 , 8	 , 150.0, 
200	 , 58766	 , 2	 , 8	 , 149.99999, 
200	 , 58288	 , 2	 , 8	 , 149.99999, 
200	 , 55258	 , 3	 , 8	 , 149.99999, 
200	 , 57598	 , 3	 , 8	 , 149.99999, 
200	 , 57094	 , 2	 , 8	 , 149.99999, 
200	 , 55582	 , 2	 , 8	 , 150.0, 
200	 , 57036	 , 1	 , 8	 , 149.99999, 
200	 , 56084	 , 2	 , 8	 , 150.0, 
200	 , 54132	 , 0	 , 8	 , 150.0, 
200	 , 58174	 , 3	 , 8	 , 150.0, 
200	 , 57462	 , 4	 , 8	 , 149.99999, 
200	 , 54852	 , 2	 , 8	 , 150.0, 
200	 , 56812	 , 2	 , 8	 , 150.0, 
200	 , 55944	 , 2	 , 8	 , 150.0, 
200	 , 54106	 , 1	 , 8	 , 149.99999, 
200	 , 53896	 , 2	 , 8	 , 149.99999, 
200	 , 57026	 , 2	 , 8	 , 150.0, 
200	 , 56078	 , 3	 , 8	 , 150.0, 
200	 , 54596	 , 2	 , 8	 , 150.0, 
200	 , 54748	 , 0	 , 8	 , 150.0, 
200	 , 56484	 , 2	 , 8	 , 150.0, 
200	 , 57556	 , 2	 , 8	 , 149.99999, 
200	 , 54376	 , 0	 , 8	 , 150.0, 
200	 , 54694	 , 0	 , 8	 , 150.0, 
200	 , 54806	 , 0	 , 8	 , 149.99999, 
200	 , 58902	 , 2	 , 8	 , 150.0, 
200	 , 55208	 , 1	 , 8	 , 150.0, 
200	 , 56560	 , 1	 , 8	 , 150.0, 
200	 , 59958	 , 3	 , 8	 , 149.99999, 
200	 , 56000	 , 0	 , 8	 , 149.99994, 
200	 , 55112	 , 1	 , 8	 , 149.99997, 
200	 , 56042	 , 2	 , 8	 , 150.0, 
200	 , 57814	 , 2	 , 8	 , 150.0, 
200	 , 57998	 , 4	 , 8	 , 149.99999, 
200	 , 57412	 , 2	 , 8	 , 149.99999, 
200	 , 54604	 , 1	 , 8	 , 150.0, 
200	 , 54432	 , 2	 , 8	 , 149.99999, 
200	 , 55562	 , 2	 , 8	 , 150.0, 
200	 , 55074	 , 2	 , 8	 , 150.0, 
200	 , 56654	 , 2	 , 8	 , 150.0, 
200	 , 54342	 , 0	 , 8	 , 150.0, 
200	 , 58458	 , 3	 , 8	 , 149.99999, 
200	 , 56374	 , 3	 , 8	 , 149.99999, 
200	 , 55066	 , 0	 , 8	 , 150.0, 
200	 , 56072	 , 1	 , 8	 , 149.99999, 
200	 , 55362	 , 1	 , 8	 , 150.0, 
200	 , 59640	 , 4	 , 8	 , 149.99999, 
200	 , 58070	 , 3	 , 8	 , 150.0, 
200	 , 55498	 , 3	 , 8	 , 149.99999, 
200	 , 53824	 , 2	 , 8	 , 150.0, 
200	 , 54572	 , 2	 , 8	 , 150.0, 
200	 , 53514	 , 1	 , 8	 , 150.0, 
200	 , 57844	 , 0	 , 8	 , 149.99999, 
200	 , 58348	 , 2	 , 8	 , 149.99999, 
200	 , 58544	 , 2	 , 8	 , 150.0, 
200	 , 53422	 , 1	 , 8	 , 150.0, 
200	 , 54902	 , 0	 , 8	 , 150.0, 
200	 , 54932	 , 0	 , 8	 , 150.0, 
200	 , 55488	 , 1	 , 8	 , 149.99999, 
200	 , 56222	 , 2	 , 8	 , 149.99999, 
200	 , 57892	 , 2	 , 8	 , 150.0, 
200	 , 54616	 , 2	 , 8	 , 149.99999, 
200	 , 54526	 , 1	 , 8	 , 150.0, 
200	 , 55776	 , 3	 , 8	 , 149.99999, 
200	 , 55162	 , 3	 , 8	 , 150.0, 
200	 , 53572	 , 1	 , 8	 , 149.99998, 
200	 , 56082	 , 0	 , 8	 , 150.0, 
200	 , 54016	 , 1	 , 8	 , 150.0, 
200	 , 54786	 , 1	 , 8	 , 150.0, 
200	 , 56154	 , 3	 , 8	 , 149.99997, 
200	 , 58128	 , 2	 , 8	 , 149.99999, 
200	 , 53588	 , 1	 , 8	 , 149.99999, 
200	 , 53982	 , 0	 , 8	 , 150.0, 
200	 , 59556	 , 2	 , 8	 , 150.0, 
200	 , 54284	 , 2	 , 8	 , 150.0, 
200	 , 55166	 , 1	 , 8	 , 150.0, 
200	 , 55588	 , 0	 , 8	 , 150.0, 
200	 , 56894	 , 3	 , 8	 , 149.99997, 
200	 , 54666	 , 1	 , 8	 , 150.0, 
200	 , 58010	 , 2	 , 8	 , 149.99999, 
200	 , 54072	 , 0	 , 8	 , 150.0, 
200	 , 56992	 , 3	 , 8	 , 150.0, 
200	 , 58060	 , 2	 , 8	 , 150.0, 
200	 , 54526	 , 0	 , 8	 , 150.0, 
200	 , 55004	 , 0	 , 8	 , 150.0, 
200	 , 53646	 , 2	 , 8	 , 150.0, 
200	 , 56148	 , 0	 , 8	 , 150.0, 
200	 , 57356	 , 2	 , 8	 , 149.99999, 
200	 , 54052	 , 0	 , 8	 , 149.99999, 
200	 , 54402	 , 2	 , 8	 , 149.99999, 
200	 , 56940	 , 1	 , 8	 , 150.0, 
200	 , 55984	 , 3	 , 8	 , 149.99999, 
200	 , 56996	 , 3	 , 8	 , 150.0, 
200	 , 55174	 , 0	 , 8	 , 150.0, 
200	 , 55772	 , 1	 , 8	 , 149.99999, 
200	 , 57116	 , 2	 , 8	 , 149.99999, 
200	 , 57118	 , 0	 , 8	 , 150.0, 
200	 , 53784	 , 0	 , 8	 , 150.0, 
200	 , 58142	 , 1	 , 8	 , 150.0, 
200	 , 58808	 , 2	 , 8	 , 150.0, 
200	 , 56368	 , 2	 , 8	 , 149.99999, 
200	 , 54464	 , 0	 , 8	 , 149.99999, 
200	 , 53660	 , 2	 , 8	 , 150.0, 
200	 , 57180	 , 3	 , 8	 , 150.0, 
200	 , 55236	 , 0	 , 8	 , 150.0, 
200	 , 54418	 , 0	 , 8	 , 150.0, 
200	 , 54490	 , 2	 , 8	 , 149.99992, 
200	 , 55136	 , 0	 , 8	 , 150.0, 
200	 , 55524	 , 0	 , 8	 , 150.0, 
200	 , 56200	 , 1	 , 8	 , 150.0, 
200	 , 54906	 , 2	 , 8	 , 149.99999, 
200	 , 54390	 , 2	 , 8	 , 150.0, 
200	 , 57378	 , 1	 , 8	 , 150.0, 
200	 , 57178	 , 2	 , 8	 , 149.99999, 
200	 , 59446	 , 4	 , 8	 , 149.99999, 
250	 , 58198	 , 0	 , 7	 , 149.99999, 
250	 , 57958	 , 1	 , 7	 , 150.0, 
250	 , 58594	 , 1	 , 7	 , 150.0, 
250	 , 59656	 , 1	 , 7	 , 149.99999, 
250	 , 58574	 , 0	 , 7	 , 150.0, 
250	 , 58334	 , 1	 , 7	 , 150.0, 
250	 , 61988	 , 3	 , 7	 , 149.99999, 
250	 , 61186	 , 2	 , 7	 , 150.0, 
250	 , 57724	 , 2	 , 7	 , 150.0, 
250	 , 59084	 , 1	 , 7	 , 150.0, 
250	 , 58324	 , 1	 , 7	 , 150.0, 
250	 , 58296	 , 2	 , 7	 , 149.99995, 
250	 , 58576	 , 2	 , 7	 , 150.0, 
250	 , 57352	 , 1	 , 7	 , 149.99999, 
250	 , 58874	 , 2	 , 7	 , 149.99999, 
250	 , 57444	 , 0	 , 7	 , 150.0, 
250	 , 57534	 , 0	 , 7	 , 149.99997, 
250	 , 58670	 , 1	 , 7	 , 150.0, 
250	 , 58804	 , 0	 , 7	 , 150.0, 
250	 , 61836	 , 2	 , 7	 , 149.99999, 
250	 , 57898	 , 1	 , 7	 , 150.0, 
250	 , 57562	 , 2	 , 7	 , 150.0, 
250	 , 58560	 , 2	 , 7	 , 150.0, 
250	 , 62394	 , 3	 , 7	 , 149.99999, 
250	 , 57238	 , 2	 , 7	 , 150.0, 
250	 , 57830	 , 0	 , 7	 , 150.0, 
250	 , 57904	 , 1	 , 7	 , 150.0, 
250	 , 62040	 , 1	 , 7	 , 150.0, 
250	 , 59306	 , 0	 , 7	 , 150.0, 
250	 , 57186	 , 1	 , 7	 , 150.0, 
250	 , 57986	 , 0	 , 7	 , 149.99993, 
250	 , 60526	 , 1	 , 7	 , 149.99999, 
250	 , 60794	 , 2	 , 7	 , 150.0, 
250	 , 61092	 , 1	 , 7	 , 149.99999, 
250	 , 57882	 , 2	 , 7	 , 150.0, 
250	 , 58426	 , 0	 , 7	 , 149.99999, 
250	 , 57816	 , 0	 , 7	 , 150.0, 
250	 , 59014	 , 2	 , 7	 , 150.0, 
250	 , 57982	 , 1	 , 7	 , 150.0, 
250	 , 57430	 , 1	 , 7	 , 149.99999, 
250	 , 58928	 , 0	 , 7	 , 150.0, 
250	 , 57982	 , 1	 , 7	 , 150.0, 
250	 , 59730	 , 2	 , 7	 , 149.99999, 
250	 , 61580	 , 1	 , 7	 , 150.0, 
250	 , 60908	 , 3	 , 7	 , 149.99999, 
250	 , 58372	 , 1	 , 7	 , 150.0, 
250	 , 57528	 , 0	 , 7	 , 150.0, 
250	 , 61404	 , 1	 , 7	 , 149.99999, 
250	 , 58224	 , 1	 , 7	 , 149.99999, 
250	 , 60700	 , 1	 , 7	 , 149.99999, 
250	 , 58560	 , 0	 , 7	 , 150.0, 
250	 , 57628	 , 0	 , 7	 , 150.0, 
250	 , 59590	 , 1	 , 7	 , 150.0, 
250	 , 58216	 , 1	 , 7	 , 150.0, 
250	 , 59594	 , 0	 , 7	 , 149.99997, 
250	 , 59822	 , 2	 , 7	 , 149.99999, 
250	 , 59488	 , 2	 , 7	 , 150.0, 
250	 , 57282	 , 0	 , 7	 , 150.0, 
250	 , 59792	 , 0	 , 7	 , 149.99999, 
250	 , 58728	 , 1	 , 7	 , 149.99999, 
250	 , 58240	 , 0	 , 7	 , 150.0, 
250	 , 60040	 , 2	 , 7	 , 149.99999, 
250	 , 57566	 , 0	 , 7	 , 150.0, 
250	 , 58874	 , 1	 , 7	 , 149.99996, 
250	 , 57182	 , 0	 , 7	 , 149.99999, 
250	 , 58934	 , 2	 , 7	 , 150.0, 
250	 , 58660	 , 1	 , 7	 , 150.0, 
250	 , 58310	 , 0	 , 7	 , 150.0, 
250	 , 58064	 , 1	 , 7	 , 150.0, 
250	 , 58440	 , 1	 , 7	 , 149.99999, 
250	 , 58028	 , 1	 , 7	 , 150.0, 
250	 , 59318	 , 1	 , 7	 , 149.99999, 
250	 , 57616	 , 1	 , 7	 , 150.0, 
250	 , 58452	 , 1	 , 7	 , 150.0, 
250	 , 59462	 , 1	 , 7	 , 150.0, 
250	 , 61810	 , 2	 , 7	 , 149.99999, 
250	 , 60114	 , 2	 , 7	 , 150.0, 
250	 , 58364	 , 1	 , 7	 , 150.0, 
250	 , 59210	 , 1	 , 7	 , 150.0, 
250	 , 61956	 , 2	 , 7	 , 149.99999, 
250	 , 59400	 , 0	 , 7	 , 150.0, 
250	 , 57794	 , 1	 , 7	 , 149.99992, 
250	 , 58606	 , 0	 , 7	 , 150.0, 
250	 , 57450	 , 1	 , 7	 , 150.0, 
250	 , 58626	 , 1	 , 7	 , 150.0, 
250	 , 58456	 , 2	 , 7	 , 150.0, 
250	 , 60670	 , 2	 , 7	 , 149.99999, 
250	 , 59184	 , 2	 , 7	 , 150.0, 
250	 , 57744	 , 0	 , 7	 , 150.0, 
250	 , 51802	 , 1	 , 6	 , 149.99999, 
250	 , 58836	 , 0	 , 7	 , 150.0, 
250	 , 58124	 , 2	 , 7	 , 150.0, 
250	 , 59852	 , 1	 , 7	 , 150.0, 
250	 , 61684	 , 2	 , 7	 , 149.99999, 
250	 , 59180	 , 0	 , 7	 , 150.0, 
250	 , 61098	 , 3	 , 7	 , 149.99999, 
250	 , 57298	 , 0	 , 7	 , 149.99999, 
250	 , 58476	 , 0	 , 7	 , 150.0, 
250	 , 59470	 , 3	 , 7	 , 150.0, 
250	 , 58126	 , 0	 , 7	 , 149.99999, 
250	 , 57644	 , 0	 , 7	 , 149.99997, 
250	 , 57898	 , 0	 , 7	 , 150.0, 
250	 , 58322	 , 0	 , 7	 , 150.0, 
250	 , 59092	 , 1	 , 7	 , 149.99999, 
250	 , 60698	 , 1	 , 7	 , 149.99994, 
250	 , 58190	 , 0	 , 7	 , 150.0, 
250	 , 59190	 , 0	 , 7	 , 150.0, 
250	 , 59114	 , 2	 , 7	 , 150.0, 
250	 , 63354	 , 2	 , 7	 , 150.0, 
250	 , 57256	 , 1	 , 7	 , 150.0, 
250	 , 61452	 , 2	 , 7	 , 149.99999, 
250	 , 60572	 , 1	 , 7	 , 149.99999, 
250	 , 57518	 , 1	 , 7	 , 150.0, 
250	 , 57368	 , 0	 , 7	 , 150.0, 
250	 , 59242	 , 1	 , 7	 , 150.0, 
250	 , 58950	 , 0	 , 7	 , 150.0, 
250	 , 58798	 , 1	 , 7	 , 150.0, 
250	 , 61414	 , 1	 , 7	 , 150.0, 
250	 , 58846	 , 0	 , 7	 , 149.99999, 
250	 , 57686	 , 0	 , 7	 , 149.99999, 
250	 , 59844	 , 3	 , 7	 , 150.0, 
250	 , 61446	 , 3	 , 7	 , 149.99999, 
250	 , 64908	 , 2	 , 7	 , 150.0, 
250	 , 58130	 , 1	 , 7	 , 150.0, 
250	 , 57542	 , 1	 , 7	 , 150.0, 
250	 , 58210	 , 1	 , 7	 , 150.0, 
250	 , 59458	 , 2	 , 7	 , 149.99999, 
250	 , 57436	 , 0	 , 7	 , 150.0, 
250	 , 60936	 , 1	 , 7	 , 150.0, 
250	 , 61250	 , 2	 , 7	 , 150.0, 
250	 , 59016	 , 0	 , 7	 , 149.99999, 
250	 , 57820	 , 1	 , 7	 , 149.99998, 
250	 , 62362	 , 1	 , 7	 , 149.99999, 
250	 , 59230	 , 0	 , 7	 , 150.0, 
250	 , 57504	 , 0	 , 7	 , 150.0, 
250	 , 58860	 , 2	 , 7	 , 150.0, 
250	 , 58560	 , 0	 , 7	 , 150.0, 
250	 , 58672	 , 2	 , 7	 , 149.99999, 
250	 , 57488	 , 0	 , 7	 , 150.0, 
250	 , 57120	 , 1	 , 7	 , 149.99999, 
250	 , 58874	 , 0	 , 7	 , 149.99999, 
250	 , 61342	 , 3	 , 7	 , 150.0, 
250	 , 59298	 , 2	 , 7	 , 150.0, 
250	 , 62242	 , 2	 , 7	 , 149.99999, 
250	 , 57810	 , 0	 , 7	 , 150.0, 
250	 , 61596	 , 2	 , 7	 , 150.0, 
250	 , 59206	 , 1	 , 7	 , 150.0, 
250	 , 58034	 , 3	 , 7	 , 150.0, 
250	 , 57234	 , 0	 , 7	 , 150.0, 
250	 , 57768	 , 1	 , 7	 , 150.0, 
250	 , 58704	 , 0	 , 7	 , 150.0, 
250	 , 58744	 , 0	 , 7	 , 149.99999, 
250	 , 62368	 , 2	 , 7	 , 149.99994, 
250	 , 57992	 , 1	 , 7	 , 150.0, 
250	 , 59034	 , 2	 , 7	 , 149.99999, 
250	 , 57064	 , 2	 , 7	 , 150.0, 
250	 , 61668	 , 1	 , 7	 , 150.0, 
250	 , 59370	 , 1	 , 7	 , 149.99999, 
250	 , 57308	 , 1	 , 7	 , 149.99999, 
250	 , 61830	 , 2	 , 7	 , 149.99999, 
250	 , 58216	 , 0	 , 7	 , 149.99999, 
250	 , 57866	 , 0	 , 7	 , 149.99999, 
250	 , 58024	 , 1	 , 7	 , 149.99999, 
250	 , 58018	 , 2	 , 7	 , 149.99999, 
250	 , 58058	 , 0	 , 7	 , 150.0, 
250	 , 57470	 , 1	 , 7	 , 150.0, 
250	 , 60130	 , 2	 , 7	 , 150.0, 
250	 , 57910	 , 1	 , 7	 , 150.0, 
250	 , 57868	 , 1	 , 7	 , 150.0, 
250	 , 57538	 , 1	 , 7	 , 150.0, 
250	 , 57546	 , 0	 , 7	 , 150.0, 
250	 , 58272	 , 1	 , 7	 , 150.0, 
250	 , 57744	 , 0	 , 7	 , 150.0, 
250	 , 59846	 , 2	 , 7	 , 149.99999, 
250	 , 60410	 , 2	 , 7	 , 149.99999, 
250	 , 57428	 , 0	 , 7	 , 150.0, 
250	 , 59660	 , 0	 , 7	 , 149.99999, 
250	 , 61636	 , 1	 , 7	 , 150.0, 
250	 , 57922	 , 0	 , 7	 , 149.99999, 
250	 , 60570	 , 1	 , 7	 , 149.99999, 
250	 , 59404	 , 2	 , 7	 , 150.0, 
250	 , 59512	 , 1	 , 7	 , 149.99999, 
250	 , 60180	 , 1	 , 7	 , 150.0, 
250	 , 58648	 , 0	 , 7	 , 150.0, 
250	 , 58690	 , 1	 , 7	 , 150.0, 
250	 , 60010	 , 1	 , 7	 , 150.0, 
250	 , 59196	 , 0	 , 7	 , 150.0, 
250	 , 57588	 , 2	 , 7	 , 150.0, 
250	 , 58980	 , 1	 , 7	 , 150.0, 
250	 , 57820	 , 1	 , 7	 , 150.0, 
250	 , 58408	 , 1	 , 7	 , 150.0, 
250	 , 57606	 , 2	 , 7	 , 150.0, 
250	 , 58972	 , 0	 , 7	 , 150.0, 
250	 , 59584	 , 0	 , 7	 , 150.0, 
250	 , 58406	 , 0	 , 7	 , 150.0, 
250	 , 57768	 , 1	 , 7	 , 150.0, 
250	 , 61672	 , 2	 , 7	 , 149.99999, 
250	 , 59300	 , 3	 , 7	 , 150.0, 
250	 , 59270	 , 1	 , 7	 , 150.0, 
250	 , 57222	 , 1	 , 7	 , 150.0, 
250	 , 57496	 , 0	 , 7	 , 150.0, 
250	 , 58824	 , 1	 , 7	 , 150.0, 
250	 , 61550	 , 3	 , 7	 , 149.99999, 
250	 , 58432	 , 0	 , 7	 , 150.0, 
250	 , 58208	 , 1	 , 7	 , 150.0, 
250	 , 57388	 , 1	 , 7	 , 150.0, 
250	 , 58630	 , 2	 , 7	 , 150.0, 
250	 , 58996	 , 1	 , 7	 , 149.99999, 
250	 , 58528	 , 0	 , 7	 , 150.0, 
250	 , 58758	 , 1	 , 7	 , 149.99999, 
250	 , 58158	 , 1	 , 7	 , 149.99999, 
250	 , 58290	 , 0	 , 7	 , 150.0, 
250	 , 57840	 , 1	 , 7	 , 150.0, 
250	 , 60608	 , 0	 , 7	 , 150.0, 
250	 , 59742	 , 0	 , 7	 , 150.0, 
250	 , 58436	 , 1	 , 7	 , 149.99999, 
250	 , 58748	 , 0	 , 7	 , 150.0, 
250	 , 57922	 , 0	 , 7	 , 150.0, 
250	 , 58106	 , 0	 , 7	 , 150.0, 
250	 , 62124	 , 3	 , 7	 , 150.0, 
250	 , 57342	 , 2	 , 7	 , 150.0, 
250	 , 57222	 , 0	 , 7	 , 150.0, 
250	 , 57598	 , 1	 , 7	 , 150.0, 
250	 , 57980	 , 1	 , 7	 , 150.0, 
250	 , 60414	 , 0	 , 7	 , 150.0, 
250	 , 60636	 , 1	 , 7	 , 150.0, 
250	 , 59488	 , 0	 , 7	 , 149.99999, 
250	 , 59314	 , 0	 , 7	 , 150.0, 
250	 , 60994	 , 1	 , 7	 , 150.0, 
250	 , 58662	 , 1	 , 7	 , 150.0, 
250	 , 61188	 , 1	 , 7	 , 150.0, 
250	 , 57988	 , 0	 , 7	 , 149.99994, 
250	 , 59658	 , 1	 , 7	 , 149.99999, 
250	 , 58392	 , 1	 , 7	 , 149.99999, 
250	 , 57504	 , 1	 , 7	 , 149.99992, 
250	 , 59348	 , 0	 , 7	 , 150.0, 
250	 , 57906	 , 1	 , 7	 , 150.0, 
250	 , 51780	 , 1	 , 6	 , 149.99999, 
250	 , 58824	 , 1	 , 7	 , 150.0, 
250	 , 58334	 , 1	 , 7	 , 149.99999, 
250	 , 58650	 , 1	 , 7	 , 150.0, 
250	 , 59052	 , 1	 , 7	 , 149.99997, 
250	 , 61090	 , 1	 , 7	 , 150.0, 
250	 , 58586	 , 0	 , 7	 , 150.0, 
250	 , 58910	 , 1	 , 7	 , 150.0, 
250	 , 60646	 , 1	 , 7	 , 149.99999, 
250	 , 57786	 , 0	 , 7	 , 150.0, 
250	 , 61218	 , 2	 , 7	 , 149.99999, 
250	 , 57458	 , 1	 , 7	 , 150.0, 
250	 , 58970	 , 2	 , 7	 , 150.0, 
300	 , 57332	 , 0	 , 6	 , 149.99999, 
300	 , 57852	 , 0	 , 6	 , 150.0, 
300	 , 58510	 , 0	 , 6	 , 150.0, 
300	 , 58288	 , 0	 , 6	 , 149.99999, 
300	 , 59092	 , 2	 , 6	 , 149.99999, 
300	 , 57654	 , 0	 , 6	 , 150.0, 
300	 , 57412	 , 1	 , 6	 , 150.0, 
300	 , 57008	 , 0	 , 6	 , 149.99999, 
300	 , 57530	 , 0	 , 6	 , 150.0, 
300	 , 57414	 , 0	 , 6	 , 149.99999, 
300	 , 60168	 , 1	 , 6	 , 149.99999, 
300	 , 57526	 , 1	 , 6	 , 149.99999, 
300	 , 58446	 , 1	 , 6	 , 150.0, 
300	 , 57158	 , 0	 , 6	 , 150.0, 
300	 , 58058	 , 0	 , 6	 , 149.99999, 
300	 , 57510	 , 0	 , 6	 , 150.0, 
300	 , 60996	 , 1	 , 6	 , 149.99999, 
300	 , 61528	 , 2	 , 6	 , 150.0, 
300	 , 58648	 , 1	 , 6	 , 149.99999, 
300	 , 57416	 , 0	 , 6	 , 150.0, 
300	 , 59080	 , 0	 , 6	 , 149.99999, 
300	 , 57686	 , 0	 , 6	 , 149.99992, 
300	 , 58026	 , 0	 , 6	 , 150.0, 
300	 , 58888	 , 1	 , 6	 , 150.0, 
300	 , 57330	 , 0	 , 6	 , 150.0, 
300	 , 57790	 , 0	 , 6	 , 150.0, 
300	 , 58582	 , 0	 , 6	 , 150.0, 
300	 , 57510	 , 0	 , 6	 , 150.0, 
300	 , 57262	 , 1	 , 6	 , 150.0, 
300	 , 58586	 , 1	 , 6	 , 149.99999, 
300	 , 57664	 , 0	 , 6	 , 150.0, 
300	 , 59568	 , 1	 , 6	 , 149.99999, 
300	 , 57190	 , 1	 , 6	 , 150.0, 
300	 , 57468	 , 0	 , 6	 , 150.0, 
300	 , 58490	 , 2	 , 6	 , 149.99999, 
300	 , 57376	 , 1	 , 6	 , 150.0, 
300	 , 60398	 , 1	 , 6	 , 149.99999, 
300	 , 58850	 , 1	 , 6	 , 149.99999, 
300	 , 57746	 , 0	 , 6	 , 150.0, 
300	 , 57914	 , 0	 , 6	 , 149.99999, 
300	 , 60216	 , 0	 , 6	 , 149.99999, 
300	 , 57772	 , 0	 , 6	 , 150.0, 
300	 , 58560	 , 2	 , 6	 , 150.0, 
300	 , 57592	 , 0	 , 6	 , 150.0, 
300	 , 57284	 , 1	 , 6	 , 150.0, 
300	 , 58468	 , 0	 , 6	 , 150.0, 
300	 , 58680	 , 0	 , 6	 , 149.99999, 
300	 , 57066	 , 1	 , 6	 , 150.0, 
300	 , 58652	 , 1	 , 6	 , 149.99999, 
300	 , 57388	 , 0	 , 6	 , 150.0, 
300	 , 58578	 , 0	 , 6	 , 149.99999, 
300	 , 57550	 , 1	 , 6	 , 150.0, 
300	 , 57914	 , 0	 , 6	 , 149.99999, 
300	 , 57880	 , 0	 , 6	 , 150.0, 
300	 , 57612	 , 0	 , 6	 , 149.99975, 
300	 , 57444	 , 2	 , 6	 , 150.0, 
300	 , 56996	 , 0	 , 6	 , 149.99998, 
300	 , 57018	 , 1	 , 6	 , 150.0, 
300	 , 58006	 , 0	 , 6	 , 150.0, 
300	 , 57422	 , 0	 , 6	 , 149.99999, 
300	 , 61134	 , 0	 , 6	 , 150.0, 
300	 , 60190	 , 2	 , 6	 , 149.99999, 
300	 , 57598	 , 0	 , 6	 , 150.0, 
300	 , 58850	 , 2	 , 6	 , 150.0, 
300	 , 57958	 , 1	 , 6	 , 150.0, 
300	 , 57630	 , 0	 , 6	 , 149.99994, 
300	 , 57460	 , 1	 , 6	 , 150.0, 
300	 , 60212	 , 1	 , 6	 , 150.0, 
300	 , 58690	 , 2	 , 6	 , 150.0, 
300	 , 57318	 , 0	 , 6	 , 149.99998, 
300	 , 57566	 , 1	 , 6	 , 150.0, 
300	 , 57182	 , 2	 , 6	 , 150.0, 
300	 , 57530	 , 0	 , 6	 , 150.0, 
300	 , 57634	 , 1	 , 6	 , 150.0, 
300	 , 59410	 , 1	 , 6	 , 149.99999, 
300	 , 57346	 , 0	 , 6	 , 150.0, 
300	 , 57278	 , 0	 , 6	 , 150.0, 
300	 , 58084	 , 0	 , 6	 , 150.0, 
300	 , 60108	 , 1	 , 6	 , 149.99999, 
300	 , 57720	 , 1	 , 6	 , 150.0, 
300	 , 58558	 , 0	 , 6	 , 149.99999, 
300	 , 57760	 , 0	 , 6	 , 150.0, 
300	 , 58082	 , 1	 , 6	 , 149.99999, 
300	 , 57430	 , 1	 , 6	 , 150.0, 
300	 , 57440	 , 0	 , 6	 , 149.99999, 
300	 , 60862	 , 1	 , 6	 , 149.99999, 
300	 , 57426	 , 0	 , 6	 , 150.0, 
300	 , 57600	 , 0	 , 6	 , 150.0, 
300	 , 58188	 , 0	 , 6	 , 150.0, 
300	 , 59102	 , 1	 , 6	 , 150.0, 
300	 , 59306	 , 0	 , 6	 , 149.99999, 
300	 , 57200	 , 0	 , 6	 , 149.99998, 
300	 , 58478	 , 0	 , 6	 , 149.99999, 
300	 , 60640	 , 1	 , 6	 , 149.99999, 
300	 , 57528	 , 1	 , 6	 , 150.0, 
300	 , 57754	 , 0	 , 6	 , 150.0, 
300	 , 58162	 , 0	 , 6	 , 149.99999, 
300	 , 60912	 , 1	 , 6	 , 149.99999, 
300	 , 57500	 , 0	 , 6	 , 150.0, 
300	 , 57980	 , 0	 , 6	 , 150.0, 
300	 , 58192	 , 0	 , 6	 , 149.99999, 
300	 , 57510	 , 0	 , 6	 , 149.99999, 
300	 , 57396	 , 0	 , 6	 , 149.99999, 
300	 , 57436	 , 1	 , 6	 , 150.0, 
300	 , 57712	 , 0	 , 6	 , 149.99999, 
300	 , 57258	 , 1	 , 6	 , 149.99999, 
300	 , 57520	 , 1	 , 6	 , 150.0, 
300	 , 57318	 , 0	 , 6	 , 150.0, 
300	 , 57872	 , 0	 , 6	 , 150.0, 
300	 , 57136	 , 0	 , 6	 , 150.0, 
300	 , 57760	 , 0	 , 6	 , 150.0, 
300	 , 57696	 , 1	 , 6	 , 150.0, 
300	 , 60660	 , 1	 , 6	 , 149.99999, 
300	 , 58618	 , 1	 , 6	 , 149.99999, 
300	 , 61752	 , 1	 , 6	 , 149.99999, 
300	 , 57486	 , 0	 , 6	 , 150.0, 
300	 , 60964	 , 2	 , 6	 , 149.99999, 
300	 , 57612	 , 1	 , 6	 , 150.0, 
300	 , 57836	 , 1	 , 6	 , 150.0, 
300	 , 57480	 , 0	 , 6	 , 149.99995, 
300	 , 57812	 , 0	 , 6	 , 150.0, 
300	 , 58252	 , 0	 , 6	 , 150.0, 
300	 , 57786	 , 0	 , 6	 , 150.0, 
300	 , 61732	 , 1	 , 6	 , 149.99999, 
300	 , 57638	 , 0	 , 6	 , 149.99999, 
300	 , 57368	 , 1	 , 6	 , 150.0, 
300	 , 57612	 , 1	 , 6	 , 150.0, 
300	 , 57834	 , 0	 , 6	 , 149.99994, 
300	 , 57738	 , 1	 , 6	 , 150.0, 
300	 , 57598	 , 1	 , 6	 , 149.99999, 
300	 , 57902	 , 1	 , 6	 , 149.99999, 
300	 , 57448	 , 0	 , 6	 , 150.0, 
300	 , 57038	 , 1	 , 6	 , 150.0, 
300	 , 57508	 , 1	 , 6	 , 150.0, 
300	 , 57296	 , 0	 , 6	 , 150.0, 
300	 , 60800	 , 2	 , 6	 , 149.99999, 
300	 , 62412	 , 1	 , 6	 , 149.99999, 
300	 , 58800	 , 1	 , 6	 , 149.99999, 
300	 , 57744	 , 0	 , 6	 , 150.0, 
300	 , 57432	 , 0	 , 6	 , 149.99997, 
300	 , 60860	 , 2	 , 6	 , 149.99999, 
300	 , 57784	 , 0	 , 6	 , 150.0, 
300	 , 62234	 , 1	 , 6	 , 150.0, 
300	 , 57628	 , 0	 , 6	 , 150.0, 
300	 , 56882	 , 2	 , 6	 , 150.0, 
300	 , 57246	 , 2	 , 6	 , 150.0, 
300	 , 57048	 , 0	 , 6	 , 150.0, 
300	 , 57308	 , 0	 , 6	 , 149.99997, 
300	 , 57364	 , 1	 , 6	 , 150.0, 
300	 , 58868	 , 1	 , 6	 , 149.99999, 
300	 , 57632	 , 1	 , 6	 , 149.99999, 
300	 , 57534	 , 0	 , 6	 , 150.0, 
300	 , 59606	 , 0	 , 6	 , 150.0, 
300	 , 60932	 , 1	 , 6	 , 149.99999, 
300	 , 57442	 , 1	 , 6	 , 150.0, 
300	 , 56998	 , 1	 , 6	 , 150.0, 
300	 , 58544	 , 0	 , 6	 , 150.0, 
300	 , 61068	 , 0	 , 6	 , 149.99999, 
300	 , 57494	 , 0	 , 6	 , 150.0, 
300	 , 57506	 , 1	 , 6	 , 150.0, 
300	 , 58662	 , 0	 , 6	 , 149.99999, 
300	 , 60082	 , 1	 , 6	 , 150.0, 
300	 , 58938	 , 1	 , 6	 , 149.99999, 
300	 , 58340	 , 0	 , 6	 , 149.99998, 
300	 , 58672	 , 0	 , 6	 , 149.99997, 
300	 , 57728	 , 0	 , 6	 , 149.99999, 
300	 , 58060	 , 1	 , 6	 , 150.0, 
300	 , 57700	 , 0	 , 6	 , 149.99999, 
300	 , 57534	 , 0	 , 6	 , 150.0, 
300	 , 57158	 , 1	 , 6	 , 150.0, 
300	 , 58208	 , 1	 , 6	 , 150.0, 
300	 , 57752	 , 0	 , 6	 , 150.0, 
300	 , 58868	 , 0	 , 6	 , 149.99999, 
300	 , 57502	 , 0	 , 6	 , 150.0, 
300	 , 59162	 , 0	 , 6	 , 149.99999, 
300	 , 57894	 , 0	 , 6	 , 149.99999, 
300	 , 60724	 , 1	 , 6	 , 149.99999, 
300	 , 60462	 , 1	 , 6	 , 149.99999, 
300	 , 57516	 , 0	 , 6	 , 149.99998, 
300	 , 59624	 , 0	 , 6	 , 149.99999, 
300	 , 57670	 , 1	 , 6	 , 150.0, 
300	 , 58596	 , 1	 , 6	 , 150.0, 
300	 , 57858	 , 0	 , 6	 , 149.99999, 
300	 , 57622	 , 0	 , 6	 , 150.0, 
300	 , 58408	 , 0	 , 6	 , 150.0, 
300	 , 57784	 , 1	 , 6	 , 150.0, 
300	 , 58170	 , 1	 , 6	 , 150.0, 
300	 , 57852	 , 0	 , 6	 , 149.99997, 
300	 , 58126	 , 0	 , 6	 , 150.0, 
300	 , 57616	 , 1	 , 6	 , 150.0, 
300	 , 57776	 , 0	 , 6	 , 149.99997, 
300	 , 57404	 , 1	 , 6	 , 150.0, 
300	 , 59018	 , 1	 , 6	 , 149.99999, 
300	 , 57284	 , 0	 , 6	 , 150.0, 
300	 , 57602	 , 0	 , 6	 , 149.99999, 
300	 , 61882	 , 1	 , 6	 , 149.99999, 
300	 , 57942	 , 0	 , 6	 , 150.0, 
300	 , 57504	 , 1	 , 6	 , 150.0, 
300	 , 57722	 , 0	 , 6	 , 150.0, 
300	 , 57406	 , 0	 , 6	 , 149.99999, 
300	 , 58092	 , 2	 , 6	 , 150.0, 
300	 , 58408	 , 1	 , 6	 , 150.0, 
300	 , 57582	 , 0	 , 6	 , 150.0, 
300	 , 58158	 , 1	 , 6	 , 149.99999, 
300	 , 59092	 , 0	 , 6	 , 150.0, 
300	 , 57730	 , 0	 , 6	 , 149.99972, 
300	 , 60910	 , 0	 , 6	 , 149.99999, 
300	 , 57800	 , 0	 , 6	 , 149.99999, 
300	 , 59824	 , 1	 , 6	 , 150.0, 
300	 , 57500	 , 1	 , 6	 , 150.0, 
300	 , 58492	 , 1	 , 6	 , 150.0, 
300	 , 58396	 , 1	 , 6	 , 150.0, 
300	 , 57446	 , 0	 , 6	 , 149.99999, 
300	 , 57132	 , 0	 , 6	 , 150.0, 
300	 , 58780	 , 0	 , 6	 , 150.0, 
300	 , 59254	 , 0	 , 6	 , 150.0, 
300	 , 58136	 , 0	 , 6	 , 150.0, 
300	 , 58390	 , 0	 , 6	 , 150.0, 
300	 , 58288	 , 0	 , 6	 , 149.99999, 
300	 , 57184	 , 1	 , 6	 , 150.0, 
300	 , 57568	 , 0	 , 6	 , 150.0, 
300	 , 57450	 , 0	 , 6	 , 149.99997, 
300	 , 58164	 , 1	 , 6	 , 149.99999, 
300	 , 61138	 , 1	 , 6	 , 149.99999, 
300	 , 58408	 , 1	 , 6	 , 150.0, 
300	 , 59640	 , 1	 , 6	 , 150.0, 
300	 , 59054	 , 0	 , 6	 , 150.0, 
300	 , 57720	 , 0	 , 6	 , 150.0, 
300	 , 61168	 , 2	 , 6	 , 149.99999, 
300	 , 60620	 , 1	 , 6	 , 149.99999, 
300	 , 57294	 , 1	 , 6	 , 150.0, 
300	 , 57462	 , 0	 , 6	 , 150.0, 
300	 , 57808	 , 1	 , 6	 , 150.0, 
300	 , 61684	 , 1	 , 6	 , 149.99999, 
300	 , 57302	 , 2	 , 6	 , 149.99999, 
300	 , 58770	 , 0	 , 6	 , 150.0, 
300	 , 57550	 , 1	 , 6	 , 150.0, 
300	 , 57800	 , 0	 , 6	 , 150.0, 
300	 , 58786	 , 1	 , 6	 , 149.99999, 
300	 , 57198	 , 1	 , 6	 , 150.0, 
300	 , 59396	 , 2	 , 6	 , 150.0, 
300	 , 58556	 , 0	 , 6	 , 150.0, 
300	 , 60186	 , 2	 , 6	 , 149.99999, 
300	 , 59490	 , 1	 , 6	 , 150.0, 
300	 , 58468	 , 0	 , 6	 , 150.0, 
300	 , 58362	 , 0	 , 6	 , 149.99999, 
300	 , 57916	 , 0	 , 6	 , 149.99999, 
300	 , 57994	 , 1	 , 6	 , 150.0, 
300	 , 57546	 , 1	 , 6	 , 150.0, 
300	 , 57024	 , 1	 , 6	 , 150.0, 
350	 , 54762	 , 0	 , 5	 , 149.99999, 
350	 , 53708	 , 0	 , 5	 , 150.0, 
350	 , 53654	 , 0	 , 5	 , 150.0, 
350	 , 54450	 , 1	 , 5	 , 149.99999, 
350	 , 53636	 , 0	 , 5	 , 149.99998, 
350	 , 54340	 , 0	 , 5	 , 149.99999, 
350	 , 55242	 , 0	 , 5	 , 149.99999, 
350	 , 53068	 , 0	 , 5	 , 149.99996, 
350	 , 54566	 , 0	 , 5	 , 150.0, 
350	 , 54868	 , 0	 , 5	 , 149.99994, 
350	 , 53484	 , 0	 , 5	 , 149.99999, 
350	 , 53916	 , 0	 , 5	 , 150.0, 
350	 , 53478	 , 1	 , 5	 , 150.0, 
350	 , 54406	 , 0	 , 5	 , 149.99999, 
350	 , 53670	 , 0	 , 5	 , 150.0, 
350	 , 54634	 , 0	 , 5	 , 149.99999, 
350	 , 53372	 , 0	 , 5	 , 149.99999, 
350	 , 54732	 , 0	 , 5	 , 149.99999, 
350	 , 53766	 , 0	 , 5	 , 149.99997, 
350	 , 55082	 , 0	 , 5	 , 149.99997, 
350	 , 53286	 , 0	 , 5	 , 150.0, 
350	 , 53604	 , 0	 , 5	 , 149.99997, 
350	 , 53424	 , 0	 , 5	 , 150.0, 
350	 , 53816	 , 0	 , 5	 , 149.99999, 
350	 , 53412	 , 0	 , 5	 , 150.0, 
350	 , 53148	 , 0	 , 5	 , 149.99998, 
350	 , 53242	 , 0	 , 5	 , 150.0, 
350	 , 53732	 , 0	 , 5	 , 149.99996, 
350	 , 53798	 , 0	 , 5	 , 149.99981, 
350	 , 53572	 , 0	 , 5	 , 150.0, 
350	 , 55278	 , 1	 , 5	 , 149.99999, 
350	 , 54744	 , 0	 , 5	 , 149.99999, 
350	 , 53682	 , 0	 , 5	 , 149.99999, 
350	 , 53456	 , 1	 , 5	 , 149.99999, 
350	 , 53634	 , 0	 , 5	 , 150.0, 
350	 , 53578	 , 0	 , 5	 , 150.0, 
350	 , 54228	 , 0	 , 5	 , 149.99994, 
350	 , 53596	 , 0	 , 5	 , 149.99995, 
350	 , 53982	 , 0	 , 5	 , 150.0, 
350	 , 53276	 , 0	 , 5	 , 149.99981, 
350	 , 53330	 , 0	 , 5	 , 149.99999, 
350	 , 53764	 , 0	 , 5	 , 149.99999, 
350	 , 53596	 , 0	 , 5	 , 149.99946, 
350	 , 53490	 , 0	 , 5	 , 149.99999, 
350	 , 53794	 , 0	 , 5	 , 150.0, 
350	 , 53572	 , 0	 , 5	 , 150.0, 
350	 , 55054	 , 0	 , 5	 , 149.99999, 
350	 , 53106	 , 0	 , 5	 , 149.99999, 
350	 , 53276	 , 0	 , 5	 , 149.99999, 
350	 , 53688	 , 0	 , 5	 , 149.99999, 
350	 , 53596	 , 0	 , 5	 , 149.99995, 
350	 , 53562	 , 0	 , 5	 , 150.0, 
350	 , 53564	 , 0	 , 5	 , 149.99999, 
350	 , 53516	 , 0	 , 5	 , 150.0, 
350	 , 53606	 , 0	 , 5	 , 149.99999, 
350	 , 53656	 , 0	 , 5	 , 149.99999, 
350	 , 53492	 , 0	 , 5	 , 149.99999, 
350	 , 53516	 , 0	 , 5	 , 150.0, 
350	 , 53780	 , 0	 , 5	 , 149.99999, 
350	 , 53666	 , 0	 , 5	 , 149.99997, 
350	 , 53706	 , 0	 , 5	 , 149.99992, 
350	 , 53524	 , 0	 , 5	 , 149.99999, 
350	 , 54282	 , 0	 , 5	 , 150.0, 
350	 , 53612	 , 0	 , 5	 , 149.99994, 
350	 , 53648	 , 0	 , 5	 , 149.99999, 
350	 , 53532	 , 0	 , 5	 , 150.0, 
350	 , 53886	 , 0	 , 5	 , 149.99992, 
350	 , 53448	 , 0	 , 5	 , 150.0, 
350	 , 53224	 , 0	 , 5	 , 149.99999, 
350	 , 53644	 , 1	 , 5	 , 150.0, 
350	 , 54558	 , 0	 , 5	 , 149.99997, 
350	 , 55018	 , 0	 , 5	 , 149.99999, 
350	 , 53614	 , 0	 , 5	 , 149.99999, 
350	 , 53804	 , 0	 , 5	 , 149.99994, 
350	 , 53518	 , 0	 , 5	 , 150.0, 
350	 , 53404	 , 0	 , 5	 , 149.99999, 
350	 , 55026	 , 0	 , 5	 , 149.99997, 
350	 , 54542	 , 0	 , 5	 , 149.99999, 
350	 , 54966	 , 1	 , 5	 , 149.99999, 
350	 , 53756	 , 0	 , 5	 , 150.0, 
350	 , 53624	 , 0	 , 5	 , 150.0, 
350	 , 53418	 , 0	 , 5	 , 149.99998, 
350	 , 53136	 , 0	 , 5	 , 149.99997, 
350	 , 53608	 , 0	 , 5	 , 149.99999, 
350	 , 53412	 , 0	 , 5	 , 150.0, 
350	 , 53422	 , 0	 , 5	 , 149.99999, 
350	 , 53356	 , 0	 , 5	 , 149.99992, 
350	 , 55204	 , 0	 , 5	 , 149.99973, 
350	 , 54422	 , 0	 , 5	 , 149.99995, 
350	 , 53586	 , 0	 , 5	 , 149.99999, 
350	 , 54734	 , 0	 , 5	 , 149.99999, 
350	 , 53966	 , 0	 , 5	 , 149.99999, 
350	 , 53716	 , 0	 , 5	 , 150.0, 
350	 , 53092	 , 0	 , 5	 , 149.99999, 
350	 , 53658	 , 0	 , 5	 , 150.0, 
350	 , 53808	 , 0	 , 5	 , 149.99998, 
350	 , 53224	 , 0	 , 5	 , 149.99999, 
350	 , 53900	 , 0	 , 5	 , 149.99999, 
350	 , 53912	 , 0	 , 5	 , 150.0, 
350	 , 54998	 , 0	 , 5	 , 150.0, 
350	 , 53406	 , 0	 , 5	 , 149.99999, 
350	 , 53554	 , 0	 , 5	 , 149.99997, 
350	 , 53762	 , 0	 , 5	 , 149.99998, 
350	 , 53838	 , 1	 , 5	 , 149.99976, 
350	 , 54220	 , 0	 , 5	 , 149.99999, 
350	 , 53590	 , 0	 , 5	 , 150.0, 
350	 , 53634	 , 0	 , 5	 , 149.99998, 
350	 , 53936	 , 0	 , 5	 , 149.99999, 
350	 , 55122	 , 0	 , 5	 , 149.99999, 
350	 , 54822	 , 0	 , 5	 , 150.0, 
350	 , 53700	 , 0	 , 5	 , 149.99996, 
350	 , 54142	 , 0	 , 5	 , 149.99997, 
350	 , 53888	 , 0	 , 5	 , 149.99998, 
350	 , 54070	 , 0	 , 5	 , 149.99999, 
350	 , 53386	 , 0	 , 5	 , 150.0, 
350	 , 53676	 , 0	 , 5	 , 149.99996, 
350	 , 53516	 , 0	 , 5	 , 149.99998, 
350	 , 54188	 , 0	 , 5	 , 150.0, 
350	 , 53892	 , 0	 , 5	 , 149.99999, 
350	 , 53712	 , 0	 , 5	 , 149.99999, 
350	 , 53590	 , 0	 , 5	 , 149.99999, 
350	 , 53610	 , 0	 , 5	 , 150.0, 
350	 , 53726	 , 0	 , 5	 , 149.99976, 
350	 , 53630	 , 0	 , 5	 , 149.99999, 
350	 , 53750	 , 0	 , 5	 , 149.99998, 
350	 , 53520	 , 0	 , 5	 , 149.99999, 
350	 , 53764	 , 0	 , 5	 , 149.99998, 
350	 , 53464	 , 0	 , 5	 , 149.99997, 
350	 , 53644	 , 0	 , 5	 , 149.99977, 
350	 , 54124	 , 0	 , 5	 , 149.99999, 
350	 , 54124	 , 0	 , 5	 , 149.99998, 
350	 , 55472	 , 0	 , 5	 , 149.99999, 
350	 , 55060	 , 1	 , 5	 , 149.99999, 
350	 , 53682	 , 0	 , 5	 , 149.99999, 
350	 , 53586	 , 0	 , 5	 , 150.0, 
350	 , 53662	 , 0	 , 5	 , 150.0, 
350	 , 55370	 , 1	 , 5	 , 149.99999, 
350	 , 53492	 , 1	 , 5	 , 150.0, 
350	 , 53914	 , 0	 , 5	 , 149.99998, 
350	 , 55672	 , 0	 , 5	 , 149.99997, 
350	 , 54218	 , 0	 , 5	 , 149.99999, 
350	 , 53340	 , 0	 , 5	 , 149.99994, 
350	 , 53516	 , 0	 , 5	 , 150.0, 
350	 , 56530	 , 1	 , 5	 , 149.99999, 
350	 , 53402	 , 0	 , 5	 , 149.99999, 
350	 , 53538	 , 0	 , 5	 , 149.99992, 
350	 , 53682	 , 0	 , 5	 , 149.99996, 
350	 , 53648	 , 0	 , 5	 , 150.0, 
350	 , 56916	 , 1	 , 5	 , 149.99999, 
350	 , 54820	 , 0	 , 5	 , 149.99999, 
350	 , 53340	 , 1	 , 5	 , 150.0, 
350	 , 53820	 , 0	 , 5	 , 149.99993, 
350	 , 53158	 , 0	 , 5	 , 150.0, 
350	 , 53512	 , 0	 , 5	 , 149.99999, 
350	 , 53922	 , 0	 , 5	 , 150.0, 
350	 , 53250	 , 0	 , 5	 , 149.99999, 
350	 , 55108	 , 0	 , 5	 , 149.99958, 
350	 , 53028	 , 0	 , 5	 , 149.99999, 
350	 , 53624	 , 0	 , 5	 , 150.0, 
350	 , 53664	 , 0	 , 5	 , 149.99997, 
350	 , 53362	 , 0	 , 5	 , 149.99998, 
350	 , 53498	 , 0	 , 5	 , 150.0, 
350	 , 53610	 , 0	 , 5	 , 149.99999, 
350	 , 54452	 , 0	 , 5	 , 150.0, 
350	 , 53646	 , 0	 , 5	 , 150.0, 
350	 , 54178	 , 0	 , 5	 , 149.99999, 
350	 , 53586	 , 0	 , 5	 , 149.99999, 
350	 , 53428	 , 0	 , 5	 , 150.0, 
350	 , 53620	 , 0	 , 5	 , 150.0, 
350	 , 53638	 , 0	 , 5	 , 149.99997, 
350	 , 55040	 , 0	 , 5	 , 149.99994, 
350	 , 53644	 , 0	 , 5	 , 149.99997, 
350	 , 54530	 , 1	 , 5	 , 149.99999, 
350	 , 55182	 , 0	 , 5	 , 149.99999, 
350	 , 53720	 , 0	 , 5	 , 150.0, 
350	 , 53362	 , 0	 , 5	 , 149.99996, 
350	 , 53432	 , 0	 , 5	 , 150.0, 
350	 , 53498	 , 0	 , 5	 , 150.0, 
350	 , 53246	 , 0	 , 5	 , 149.99999, 
350	 , 55504	 , 0	 , 5	 , 149.99999, 
350	 , 53514	 , 0	 , 5	 , 149.99996, 
350	 , 53556	 , 0	 , 5	 , 150.0, 
350	 , 53356	 , 0	 , 5	 , 149.99999, 
350	 , 53350	 , 0	 , 5	 , 150.0, 
350	 , 53684	 , 0	 , 5	 , 149.99999, 
350	 , 55056	 , 0	 , 5	 , 150.0, 
350	 , 53374	 , 0	 , 5	 , 149.99999, 
350	 , 53610	 , 1	 , 5	 , 149.99998, 
350	 , 53474	 , 0	 , 5	 , 150.0, 
350	 , 53470	 , 0	 , 5	 , 149.99985, 
350	 , 53616	 , 1	 , 5	 , 150.0, 
350	 , 53698	 , 0	 , 5	 , 149.99997, 
350	 , 53422	 , 0	 , 5	 , 150.0, 
350	 , 53436	 , 0	 , 5	 , 150.0, 
350	 , 53680	 , 0	 , 5	 , 150.0, 
350	 , 53350	 , 0	 , 5	 , 150.0, 
350	 , 53584	 , 0	 , 5	 , 150.0, 
350	 , 54692	 , 0	 , 5	 , 149.99999, 
350	 , 54414	 , 1	 , 5	 , 150.0, 
350	 , 54234	 , 0	 , 5	 , 150.0, 
350	 , 53934	 , 0	 , 5	 , 149.99999, 
350	 , 53704	 , 0	 , 5	 , 150.0, 
350	 , 53934	 , 0	 , 5	 , 150.0, 
350	 , 53678	 , 0	 , 5	 , 150.0, 
350	 , 53428	 , 0	 , 5	 , 149.99997, 
350	 , 53676	 , 0	 , 5	 , 149.99997, 
350	 , 53216	 , 0	 , 5	 , 149.99999, 
350	 , 53422	 , 0	 , 5	 , 149.99999, 
350	 , 53612	 , 0	 , 5	 , 149.99998, 
350	 , 53526	 , 0	 , 5	 , 149.99999, 
350	 , 53218	 , 0	 , 5	 , 150.0, 
350	 , 53742	 , 0	 , 5	 , 150.0, 
350	 , 54342	 , 0	 , 5	 , 149.99999, 
350	 , 53396	 , 0	 , 5	 , 149.99999, 
350	 , 53182	 , 0	 , 5	 , 149.99999, 
350	 , 53686	 , 0	 , 5	 , 149.99999, 
350	 , 53338	 , 0	 , 5	 , 149.99999, 
350	 , 54454	 , 0	 , 5	 , 150.0, 
350	 , 53278	 , 0	 , 5	 , 149.99971, 
350	 , 53546	 , 0	 , 5	 , 149.99998, 
350	 , 53730	 , 0	 , 5	 , 150.0, 
350	 , 53464	 , 0	 , 5	 , 149.99999, 
350	 , 54736	 , 0	 , 5	 , 150.0, 
350	 , 53302	 , 0	 , 5	 , 149.99994, 
350	 , 53526	 , 0	 , 5	 , 150.0, 
350	 , 54698	 , 0	 , 5	 , 149.99997, 
350	 , 54312	 , 0	 , 5	 , 149.99999, 
350	 , 53550	 , 0	 , 5	 , 149.99997, 
350	 , 53258	 , 0	 , 5	 , 149.99999, 
350	 , 53506	 , 0	 , 5	 , 149.99999, 
350	 , 53636	 , 0	 , 5	 , 149.99999, 
350	 , 53826	 , 0	 , 5	 , 150.0, 
350	 , 53478	 , 1	 , 5	 , 149.99994, 
350	 , 54700	 , 0	 , 5	 , 149.99999, 
350	 , 53282	 , 0	 , 5	 , 149.99999, 
350	 , 53584	 , 0	 , 5	 , 150.0, 
350	 , 53346	 , 0	 , 5	 , 150.0, 
350	 , 53252	 , 0	 , 5	 , 149.99995, 
350	 , 56282	 , 0	 , 5	 , 149.99999, 
350	 , 53636	 , 1	 , 5	 , 150.0, 
350	 , 53778	 , 0	 , 5	 , 150.0, 
350	 , 53466	 , 0	 , 5	 , 150.0, 
350	 , 53640	 , 0	 , 5	 , 149.99999, 
350	 , 53494	 , 0	 , 5	 , 149.99997, 
350	 , 53670	 , 1	 , 5	 , 150.0, 
350	 , 53668	 , 0	 , 5	 , 149.99981, 
350	 , 53294	 , 0	 , 5	 , 149.99996, 
350	 , 53722	 , 0	 , 5	 , 149.99988, 
350	 , 53688	 , 0	 , 5	 , 150.0, 
350	 , 53970	 , 0	 , 5	 , 149.99996, 
400	 , 62716	 , 2	 , 5	 , 150.0, 
400	 , 61400	 , 0	 , 5	 , 150.0, 
400	 , 61042	 , 0	 , 5	 , 150.0, 
400	 , 60930	 , 0	 , 5	 , 149.99999, 
400	 , 62066	 , 0	 , 5	 , 149.99999, 
400	 , 60920	 , 0	 , 5	 , 149.99999, 
400	 , 61128	 , 0	 , 5	 , 150.0, 
400	 , 60724	 , 0	 , 5	 , 149.99997, 
400	 , 61820	 , 0	 , 5	 , 150.0, 
400	 , 60818	 , 0	 , 5	 , 150.0, 
400	 , 62400	 , 0	 , 5	 , 149.99999, 
400	 , 61348	 , 1	 , 5	 , 150.0, 
400	 , 61528	 , 0	 , 5	 , 149.99975, 
400	 , 60758	 , 1	 , 5	 , 150.0, 
400	 , 60814	 , 0	 , 5	 , 149.99999, 
400	 , 61012	 , 0	 , 5	 , 149.99999, 
400	 , 62834	 , 0	 , 5	 , 149.99999, 
400	 , 61200	 , 0	 , 5	 , 150.0, 
400	 , 61008	 , 0	 , 5	 , 150.0, 
400	 , 61426	 , 1	 , 5	 , 149.99999, 
400	 , 60926	 , 0	 , 5	 , 149.99992, 
400	 , 61586	 , 0	 , 5	 , 150.0, 
400	 , 61724	 , 0	 , 5	 , 150.0, 
400	 , 61370	 , 0	 , 5	 , 149.99986, 
400	 , 61182	 , 1	 , 5	 , 150.0, 
400	 , 61124	 , 0	 , 5	 , 150.0, 
400	 , 61054	 , 0	 , 5	 , 150.0, 
400	 , 61292	 , 0	 , 5	 , 149.99975, 
400	 , 61244	 , 0	 , 5	 , 150.0, 
400	 , 61224	 , 0	 , 5	 , 149.99991, 
400	 , 60936	 , 0	 , 5	 , 149.99999, 
400	 , 61194	 , 1	 , 5	 , 150.0, 
400	 , 61070	 , 0	 , 5	 , 150.0, 
400	 , 61306	 , 0	 , 5	 , 149.99999, 
400	 , 61544	 , 0	 , 5	 , 150.0, 
400	 , 61386	 , 1	 , 5	 , 150.0, 
400	 , 60830	 , 0	 , 5	 , 149.99997, 
400	 , 60918	 , 0	 , 5	 , 149.99999, 
400	 , 60856	 , 0	 , 5	 , 149.99997, 
400	 , 61242	 , 0	 , 5	 , 149.99999, 
400	 , 61326	 , 0	 , 5	 , 149.99966, 
400	 , 61032	 , 0	 , 5	 , 150.0, 
400	 , 61180	 , 0	 , 5	 , 150.0, 
400	 , 61364	 , 0	 , 5	 , 149.99999, 
400	 , 62542	 , 0	 , 5	 , 149.99999, 
400	 , 62756	 , 1	 , 5	 , 149.99999, 
400	 , 61402	 , 0	 , 5	 , 149.99992, 
400	 , 61110	 , 0	 , 5	 , 149.99988, 
400	 , 61200	 , 0	 , 5	 , 149.99996, 
400	 , 60728	 , 0	 , 5	 , 150.0, 
400	 , 61372	 , 0	 , 5	 , 150.0, 
400	 , 61568	 , 0	 , 5	 , 149.99999, 
400	 , 61446	 , 0	 , 5	 , 149.99999, 
400	 , 61156	 , 0	 , 5	 , 149.99994, 
400	 , 61672	 , 0	 , 5	 , 150.0, 
400	 , 60742	 , 0	 , 5	 , 150.0, 
400	 , 61450	 , 0	 , 5	 , 150.0, 
400	 , 60982	 , 0	 , 5	 , 150.0, 
400	 , 61816	 , 0	 , 5	 , 149.99937, 
400	 , 60794	 , 0	 , 5	 , 149.99995, 
400	 , 61332	 , 0	 , 5	 , 150.0, 
400	 , 61214	 , 0	 , 5	 , 150.0, 
400	 , 61266	 , 0	 , 5	 , 150.0, 
400	 , 61336	 , 0	 , 5	 , 150.0, 
400	 , 60744	 , 2	 , 5	 , 149.99999, 
400	 , 61340	 , 0	 , 5	 , 150.0, 
400	 , 61296	 , 0	 , 5	 , 150.0, 
400	 , 62040	 , 0	 , 5	 , 149.99999, 
400	 , 61242	 , 0	 , 5	 , 150.0, 
400	 , 62040	 , 0	 , 5	 , 149.99995, 
400	 , 61126	 , 0	 , 5	 , 149.99999, 
400	 , 62792	 , 0	 , 5	 , 149.9998, 
400	 , 61554	 , 0	 , 5	 , 149.99999, 
400	 , 62256	 , 0	 , 5	 , 149.99999, 
400	 , 61026	 , 0	 , 5	 , 150.0, 
400	 , 61390	 , 0	 , 5	 , 150.0, 
400	 , 61022	 , 0	 , 5	 , 150.0, 
400	 , 61144	 , 2	 , 5	 , 150.0, 
400	 , 61274	 , 0	 , 5	 , 149.99999, 
400	 , 62320	 , 2	 , 5	 , 149.99999, 
400	 , 60994	 , 1	 , 5	 , 150.0, 
400	 , 61132	 , 0	 , 5	 , 150.0, 
400	 , 61320	 , 0	 , 5	 , 149.99996, 
400	 , 62210	 , 0	 , 5	 , 149.99999, 
400	 , 61148	 , 0	 , 5	 , 150.0, 
400	 , 62458	 , 0	 , 5	 , 150.0, 
400	 , 61086	 , 0	 , 5	 , 150.0, 
400	 , 61366	 , 0	 , 5	 , 150.0, 
400	 , 62990	 , 1	 , 5	 , 149.99999, 
400	 , 61922	 , 0	 , 5	 , 150.0, 
400	 , 62734	 , 0	 , 5	 , 149.99999, 
400	 , 62566	 , 0	 , 5	 , 149.99999, 
400	 , 61296	 , 0	 , 5	 , 150.0, 
400	 , 61118	 , 0	 , 5	 , 150.0, 
400	 , 61446	 , 0	 , 5	 , 150.0, 
400	 , 61312	 , 0	 , 5	 , 149.99993, 
400	 , 61410	 , 0	 , 5	 , 150.0, 
400	 , 61816	 , 0	 , 5	 , 149.99993, 
400	 , 62790	 , 0	 , 5	 , 149.99999, 
400	 , 61498	 , 0	 , 5	 , 149.99998, 
400	 , 61190	 , 0	 , 5	 , 149.99999, 
400	 , 61504	 , 0	 , 5	 , 149.99998, 
400	 , 60596	 , 0	 , 5	 , 150.0, 
400	 , 60676	 , 0	 , 5	 , 149.99999, 
400	 , 61224	 , 0	 , 5	 , 149.99999, 
400	 , 61326	 , 0	 , 5	 , 149.99996, 
400	 , 61446	 , 0	 , 5	 , 149.99999, 
400	 , 61032	 , 0	 , 5	 , 149.99996, 
400	 , 60892	 , 0	 , 5	 , 149.99999, 
400	 , 61000	 , 0	 , 5	 , 149.99969, 
400	 , 61342	 , 0	 , 5	 , 150.0, 
400	 , 61182	 , 0	 , 5	 , 150.0, 
400	 , 61584	 , 0	 , 5	 , 149.99997, 
400	 , 61560	 , 0	 , 5	 , 149.99999, 
400	 , 62550	 , 0	 , 5	 , 149.99994, 
400	 , 62300	 , 1	 , 5	 , 149.99999, 
400	 , 61424	 , 0	 , 5	 , 149.99998, 
400	 , 61294	 , 0	 , 5	 , 150.0, 
400	 , 61578	 , 0	 , 5	 , 150.0, 
400	 , 61410	 , 0	 , 5	 , 149.99999, 
400	 , 61316	 , 1	 , 5	 , 150.0, 
400	 , 62928	 , 1	 , 5	 , 150.0, 
400	 , 60934	 , 0	 , 5	 , 149.99999, 
400	 , 61056	 , 1	 , 5	 , 149.99999, 
400	 , 62672	 , 1	 , 5	 , 149.99999, 
400	 , 61006	 , 0	 , 5	 , 150.0, 
400	 , 61646	 , 0	 , 5	 , 150.0, 
400	 , 61514	 , 1	 , 5	 , 150.0, 
400	 , 60796	 , 0	 , 5	 , 150.0, 
400	 , 61524	 , 0	 , 5	 , 149.99997, 
400	 , 61860	 , 0	 , 5	 , 149.99991, 
400	 , 61168	 , 0	 , 5	 , 150.0, 
400	 , 61516	 , 0	 , 5	 , 149.99992, 
400	 , 62546	 , 0	 , 5	 , 149.99999, 
400	 , 60924	 , 0	 , 5	 , 149.99999, 
400	 , 61562	 , 1	 , 5	 , 150.0, 
400	 , 61352	 , 0	 , 5	 , 150.0, 
400	 , 62124	 , 0	 , 5	 , 149.99999, 
400	 , 61124	 , 0	 , 5	 , 149.99999, 
400	 , 60914	 , 0	 , 5	 , 149.99997, 
400	 , 61546	 , 0	 , 5	 , 149.99999, 
400	 , 61306	 , 0	 , 5	 , 149.99999, 
400	 , 61360	 , 0	 , 5	 , 150.0, 
400	 , 61096	 , 0	 , 5	 , 149.99996, 
400	 , 61588	 , 0	 , 5	 , 149.99981, 
400	 , 62408	 , 0	 , 5	 , 149.99997, 
400	 , 61354	 , 0	 , 5	 , 149.99993, 
400	 , 61112	 , 0	 , 5	 , 149.99999, 
400	 , 61344	 , 0	 , 5	 , 150.0, 
400	 , 61228	 , 0	 , 5	 , 150.0, 
400	 , 61608	 , 0	 , 5	 , 149.99999, 
400	 , 61340	 , 0	 , 5	 , 149.99996, 
400	 , 62508	 , 0	 , 5	 , 149.99999, 
400	 , 63054	 , 2	 , 5	 , 149.99999, 
400	 , 61044	 , 0	 , 5	 , 149.99999, 
400	 , 61632	 , 0	 , 5	 , 149.99989, 
400	 , 61574	 , 0	 , 5	 , 149.99996, 
400	 , 61150	 , 1	 , 5	 , 150.0, 
400	 , 60802	 , 1	 , 5	 , 150.0, 
400	 , 60844	 , 0	 , 5	 , 150.0, 
400	 , 63122	 , 0	 , 5	 , 149.99999, 
400	 , 62544	 , 0	 , 5	 , 149.99999, 
400	 , 60978	 , 1	 , 5	 , 149.99997, 
400	 , 61094	 , 0	 , 5	 , 149.99999, 
400	 , 61204	 , 0	 , 5	 , 149.99999, 
400	 , 60884	 , 0	 , 5	 , 149.99998, 
400	 , 61574	 , 0	 , 5	 , 150.0, 
400	 , 60704	 , 0	 , 5	 , 150.0, 
400	 , 61168	 , 0	 , 5	 , 149.99997, 
400	 , 61572	 , 0	 , 5	 , 149.99968, 
400	 , 61164	 , 0	 , 5	 , 149.9999, 
400	 , 61214	 , 0	 , 5	 , 149.99999, 
400	 , 61460	 , 1	 , 5	 , 150.0, 
400	 , 61260	 , 0	 , 5	 , 149.99998, 
400	 , 61234	 , 0	 , 5	 , 150.0, 
400	 , 61120	 , 0	 , 5	 , 149.99998, 
400	 , 61436	 , 0	 , 5	 , 150.0, 
400	 , 61258	 , 0	 , 5	 , 150.0, 
400	 , 61258	 , 0	 , 5	 , 149.99999, 
400	 , 61322	 , 0	 , 5	 , 149.99999, 
400	 , 61064	 , 0	 , 5	 , 150.0, 
400	 , 61654	 , 0	 , 5	 , 149.99999, 
400	 , 61262	 , 0	 , 5	 , 149.99973, 
400	 , 61318	 , 0	 , 5	 , 149.99996, 
400	 , 61194	 , 0	 , 5	 , 150.0, 
400	 , 61430	 , 0	 , 5	 , 149.99995, 
400	 , 61074	 , 0	 , 5	 , 150.0, 
400	 , 60926	 , 0	 , 5	 , 149.99997, 
400	 , 61418	 , 0	 , 5	 , 150.0, 
400	 , 62062	 , 0	 , 5	 , 149.99995, 
400	 , 62712	 , 0	 , 5	 , 149.99997, 
400	 , 60788	 , 0	 , 5	 , 150.0, 
400	 , 61958	 , 0	 , 5	 , 150.0, 
400	 , 61916	 , 0	 , 5	 , 150.0, 
400	 , 61296	 , 0	 , 5	 , 149.99998, 
400	 , 62584	 , 0	 , 5	 , 149.99997, 
400	 , 62716	 , 0	 , 5	 , 150.0, 
400	 , 61282	 , 0	 , 5	 , 149.99999, 
400	 , 61278	 , 0	 , 5	 , 149.99992, 
400	 , 60936	 , 0	 , 5	 , 149.99997, 
400	 , 61152	 , 0	 , 5	 , 149.99997, 
400	 , 61258	 , 0	 , 5	 , 150.0, 
400	 , 61486	 , 0	 , 5	 , 149.99994, 
400	 , 61512	 , 0	 , 5	 , 149.99995, 
400	 , 61416	 , 0	 , 5	 , 150.0, 
400	 , 61728	 , 1	 , 5	 , 150.0, 
400	 , 60838	 , 0	 , 5	 , 149.99998, 
400	 , 61230	 , 0	 , 5	 , 150.0, 
400	 , 62928	 , 0	 , 5	 , 149.99999, 
400	 , 61250	 , 1	 , 5	 , 150.0, 
400	 , 60834	 , 0	 , 5	 , 150.0, 
400	 , 61270	 , 1	 , 5	 , 150.0, 
400	 , 61644	 , 0	 , 5	 , 149.99999, 
400	 , 61304	 , 0	 , 5	 , 149.99999, 
400	 , 61044	 , 0	 , 5	 , 149.99998, 
400	 , 61950	 , 0	 , 5	 , 149.99999, 
400	 , 61058	 , 0	 , 5	 , 149.99999, 
400	 , 61502	 , 0	 , 5	 , 150.0, 
400	 , 61162	 , 0	 , 5	 , 149.99999, 
400	 , 60932	 , 0	 , 5	 , 149.99999, 
400	 , 61068	 , 0	 , 5	 , 149.99999, 
400	 , 61850	 , 0	 , 5	 , 150.0, 
400	 , 61120	 , 0	 , 5	 , 150.0, 
400	 , 61096	 , 0	 , 5	 , 150.0, 
400	 , 61016	 , 1	 , 5	 , 149.99999, 
400	 , 61016	 , 0	 , 5	 , 150.0, 
400	 , 61234	 , 0	 , 5	 , 150.0, 
400	 , 60954	 , 0	 , 5	 , 149.99999, 
400	 , 60600	 , 0	 , 5	 , 149.99999, 
400	 , 61102	 , 0	 , 5	 , 150.0, 
400	 , 60918	 , 0	 , 5	 , 150.0, 
400	 , 60746	 , 1	 , 5	 , 149.99999, 
400	 , 62384	 , 0	 , 5	 , 150.0, 
400	 , 61384	 , 0	 , 5	 , 150.0, 
400	 , 61080	 , 0	 , 5	 , 150.0, 
400	 , 61608	 , 0	 , 5	 , 149.99999, 
400	 , 61428	 , 0	 , 5	 , 149.99999, 
400	 , 61460	 , 0	 , 5	 , 150.0, 
400	 , 61170	 , 0	 , 5	 , 150.0, 
400	 , 60572	 , 0	 , 5	 , 149.99994, 
400	 , 61366	 , 0	 , 5	 , 150.0, 
400	 , 61120	 , 0	 , 5	 , 149.99999, 
400	 , 61478	 , 0	 , 5	 , 150.0, 
400	 , 61528	 , 0	 , 5	 , 150.0, 
400	 , 61390	 , 0	 , 5	 , 149.99999, 
400	 , 61300	 , 0	 , 5	 , 149.99999, 
400	 , 61030	 , 1	 , 5	 , 149.99999, 
400	 , 61320	 , 0	 , 5	 , 150.0, 
400	 , 61546	 , 0	 , 5	 , 149.99996, 
400	 , 61480	 , 0	 , 5	 , 149.99999]