[
50	 , 52672	 , 14	 , 25	 , -0.05143, 
50	 , 52206	 , 11	 , 27	 , -0.10493, 
50	 , 53412	 , 8	 , 27	 , -0.00441, 
50	 , 51988	 , 15	 , 26	 , -0.03506, 
50	 , 53422	 , 19	 , 26	 , -0.00209, 
50	 , 51704	 , 10	 , 25	 , -0.056, 
50	 , 53228	 , 10	 , 26	 , -0.06215, 
50	 , 52564	 , 13	 , 25	 , -0.03681, 
50	 , 53708	 , 13	 , 27	 , -2.8E-4, 
50	 , 51534	 , 10	 , 25	 , -0.12171, 
50	 , 52764	 , 12	 , 25	 , -5.5E-4, 
50	 , 52346	 , 15	 , 24	 , -0.00103, 
50	 , 52062	 , 11	 , 25	 , -0.06496, 
50	 , 52582	 , 17	 , 26	 , -0.00125, 
50	 , 52146	 , 13	 , 26	 , -0.03162, 
50	 , 51570	 , 15	 , 23	 , 0.0, 
50	 , 53772	 , 12	 , 26	 , -0.0021, 
50	 , 53086	 , 22	 , 27	 , -0.26061, 
50	 , 52796	 , 9	 , 28	 , -0.23191, 
50	 , 53058	 , 17	 , 25	 , -0.00396, 
50	 , 53044	 , 16	 , 26	 , -0.10487, 
50	 , 51292	 , 19	 , 26	 , -5.0E-5, 
50	 , 53250	 , 8	 , 27	 , -0.0152, 
50	 , 51768	 , 1	 , 27	 , -0.02002, 
50	 , 51364	 , 16	 , 25	 , -0.03371, 
50	 , 53262	 , 9	 , 27	 , -0.01233, 
50	 , 53242	 , 10	 , 26	 , -0.00345, 
50	 , 53666	 , 13	 , 25	 , -0.03483, 
50	 , 52274	 , 13	 , 25	 , -2.4E-4, 
50	 , 51726	 , 15	 , 26	 , -0.08784, 
50	 , 52278	 , 4	 , 26	 , -7.0E-5, 
50	 , 52128	 , 18	 , 25	 , -0.40087, 
50	 , 52362	 , 10	 , 26	 , -4.0E-5, 
50	 , 52530	 , 6	 , 25	 , -0.00875, 
50	 , 51204	 , 8	 , 26	 , -0.00596, 
50	 , 52644	 , 15	 , 24	 , -0.01151, 
50	 , 53434	 , 16	 , 25	 , -0.03759, 
50	 , 51944	 , 14	 , 25	 , -8.7E-4, 
50	 , 51296	 , 15	 , 25	 , -0.01024, 
50	 , 52572	 , 12	 , 25	 , -0.05891, 
50	 , 52348	 , 20	 , 26	 , -0.04137, 
50	 , 52686	 , 0	 , 27	 , -0.12209, 
50	 , 52570	 , 6	 , 25	 , -0.00611, 
50	 , 52122	 , 5	 , 27	 , -0.04964, 
50	 , 52604	 , 0	 , 28	 , -0.15421, 
50	 , 51752	 , 5	 , 26	 , -0.13548, 
50	 , 51276	 , 16	 , 25	 , -0.0461, 
50	 , 53260	 , 11	 , 27	 , -0.0124, 
50	 , 51784	 , 7	 , 26	 , -0.10063, 
50	 , 52710	 , 2	 , 28	 , -0.05824, 
50	 , 52184	 , 7	 , 26	 , -0.09525, 
50	 , 51760	 , 14	 , 23	 , -0.10358, 
50	 , 52074	 , 14	 , 26	 , -0.0195, 
50	 , 53634	 , 16	 , 26	 , -2.4E-4, 
50	 , 51872	 , 13	 , 25	 , -1.6E-4, 
50	 , 52792	 , 5	 , 27	 , -0.01153, 
50	 , 52932	 , 13	 , 25	 , -0.00298, 
50	 , 53086	 , 17	 , 25	 , -0.00169, 
50	 , 51708	 , 13	 , 26	 , -2.8E-4, 
50	 , 52110	 , 12	 , 26	 , -0.04222, 
50	 , 52932	 , 9	 , 27	 , -0.00377, 
50	 , 53084	 , 20	 , 26	 , -0.00116, 
50	 , 52492	 , 9	 , 26	 , -0.04179, 
50	 , 52394	 , 19	 , 26	 , -0.00545, 
50	 , 51454	 , 12	 , 24	 , -0.10439, 
50	 , 53582	 , 16	 , 26	 , -0.02073, 
50	 , 52400	 , 11	 , 26	 , -0.03729, 
50	 , 52290	 , 14	 , 25	 , -2.5E-4, 
50	 , 51976	 , 13	 , 26	 , -0.01677, 
50	 , 52628	 , 7	 , 27	 , -0.00602, 
50	 , 53160	 , 14	 , 25	 , 0.0, 
50	 , 52402	 , 15	 , 25	 , -0.00111, 
50	 , 52448	 , 15	 , 27	 , -0.34918, 
50	 , 51512	 , 0	 , 24	 , -2.2E-4, 
50	 , 53988	 , 16	 , 26	 , -9.7E-4, 
50	 , 53718	 , 16	 , 26	 , 0.0, 
50	 , 53166	 , 19	 , 26	 , -0.00174, 
50	 , 51540	 , 5	 , 27	 , -0.00629, 
50	 , 51536	 , 19	 , 26	 , -1.4E-4, 
50	 , 53024	 , 19	 , 27	 , -0.04188, 
50	 , 51534	 , 7	 , 27	 , -0.00494, 
50	 , 51878	 , 13	 , 26	 , -0.00848, 
50	 , 53560	 , 15	 , 25	 , -0.02652, 
50	 , 51596	 , 19	 , 26	 , -0.13394, 
50	 , 51882	 , 22	 , 26	 , -0.04432, 
50	 , 52010	 , 7	 , 26	 , -0.01171, 
50	 , 51508	 , 9	 , 26	 , -0.00786, 
50	 , 52820	 , 11	 , 25	 , -0.0055, 
50	 , 52706	 , 16	 , 26	 , -0.02399, 
50	 , 51686	 , 9	 , 25	 , -0.00172, 
50	 , 51444	 , 14	 , 24	 , -0.00383, 
50	 , 53254	 , 16	 , 24	 , -0.21819, 
50	 , 51644	 , 17	 , 24	 , -0.00609, 
50	 , 53184	 , 15	 , 27	 , -0.10569, 
50	 , 54038	 , 7	 , 26	 , -0.12407, 
50	 , 53020	 , 8	 , 27	 , -5.0E-5, 
50	 , 51858	 , 19	 , 25	 , -0.0152, 
50	 , 51832	 , 19	 , 27	 , -0.00114, 
50	 , 52202	 , 13	 , 26	 , -0.00224, 
50	 , 53338	 , 18	 , 26	 , -0.00909, 
50	 , 52966	 , 17	 , 24	 , -0.00786, 
50	 , 53600	 , 9	 , 27	 , -7.2E-4, 
50	 , 51488	 , 15	 , 24	 , -4.5E-4, 
50	 , 51804	 , 4	 , 27	 , -1.3E-4, 
50	 , 52716	 , 10	 , 26	 , -3.5E-4, 
50	 , 52572	 , 7	 , 27	 , -0.05162, 
50	 , 51436	 , 21	 , 25	 , -2.0E-5, 
50	 , 53228	 , 14	 , 26	 , -0.08488, 
50	 , 52774	 , 14	 , 25	 , -4.0E-4, 
50	 , 51978	 , 15	 , 24	 , -0.00627, 
50	 , 52116	 , 12	 , 25	 , -0.00776, 
50	 , 52312	 , 17	 , 25	 , -0.02672, 
50	 , 52324	 , 15	 , 25	 , -0.07516, 
50	 , 53074	 , 18	 , 25	 , -4.0E-5, 
50	 , 52362	 , 14	 , 25	 , -0.02434, 
50	 , 52250	 , 0	 , 26	 , -3.4E-4, 
50	 , 51948	 , 16	 , 25	 , -0.01925, 
50	 , 51688	 , 16	 , 26	 , -0.13044, 
50	 , 52472	 , 7	 , 25	 , -6.0E-5, 
50	 , 52990	 , 15	 , 26	 , -0.00183, 
50	 , 53778	 , 15	 , 25	 , -0.00343, 
50	 , 52036	 , 11	 , 26	 , -0.00984, 
50	 , 52866	 , 11	 , 26	 , -0.05005, 
50	 , 51922	 , 12	 , 24	 , -0.02783, 
50	 , 51300	 , 15	 , 25	 , -0.00816, 
50	 , 52322	 , 15	 , 24	 , -0.27309, 
50	 , 52294	 , 14	 , 25	 , 0.0, 
50	 , 53330	 , 14	 , 26	 , 0.0, 
50	 , 52208	 , 13	 , 24	 , -0.00745, 
50	 , 52334	 , 9	 , 25	 , -2.3E-4, 
50	 , 51794	 , 1	 , 26	 , -0.07624, 
50	 , 53136	 , 4	 , 27	 , -0.13487, 
50	 , 51510	 , 17	 , 25	 , -0.0033, 
50	 , 52470	 , 0	 , 25	 , -0.02864, 
50	 , 51356	 , 14	 , 26	 , -0.00264, 
50	 , 51430	 , 5	 , 26	 , -0.02968, 
50	 , 51848	 , 18	 , 25	 , -0.00248, 
50	 , 52034	 , 16	 , 24	 , -0.00685, 
50	 , 51248	 , 17	 , 24	 , -0.0112, 
50	 , 53700	 , 18	 , 26	 , -0.05099, 
50	 , 53978	 , 13	 , 25	 , -0.00254, 
50	 , 51448	 , 15	 , 25	 , -0.0557, 
50	 , 53832	 , 16	 , 25	 , -0.00516, 
50	 , 52870	 , 11	 , 27	 , -0.00772, 
50	 , 51600	 , 4	 , 26	 , -0.00713, 
50	 , 51910	 , 14	 , 26	 , -8.7E-4, 
50	 , 51840	 , 14	 , 25	 , -0.00325, 
50	 , 52038	 , 19	 , 25	 , -0.00645, 
50	 , 53500	 , 19	 , 26	 , -4.3E-4, 
50	 , 53026	 , 16	 , 26	 , -0.00339, 
50	 , 52254	 , 12	 , 26	 , -0.00262, 
50	 , 51380	 , 17	 , 24	 , -0.00819, 
50	 , 52082	 , 14	 , 27	 , -0.04996, 
50	 , 51386	 , 9	 , 26	 , -2.5E-4, 
50	 , 51476	 , 18	 , 24	 , -8.3E-4, 
50	 , 51354	 , 8	 , 25	 , -0.00887, 
50	 , 53164	 , 18	 , 26	 , -2.0E-4, 
50	 , 52098	 , 15	 , 26	 , -0.05413, 
50	 , 52258	 , 6	 , 26	 , -4.0E-4, 
50	 , 52510	 , 14	 , 27	 , -0.03058, 
50	 , 51704	 , 12	 , 26	 , -0.15437, 
50	 , 51806	 , 10	 , 26	 , -0.028, 
50	 , 51242	 , 13	 , 24	 , -8.0E-4, 
50	 , 52514	 , 14	 , 25	 , -0.0401, 
50	 , 52928	 , 12	 , 26	 , -0.00631, 
50	 , 52440	 , 17	 , 25	 , -0.00397, 
50	 , 51558	 , 13	 , 27	 , -0.1163, 
50	 , 51966	 , 16	 , 24	 , -0.03417, 
50	 , 51496	 , 18	 , 25	 , -0.01135, 
50	 , 51670	 , 10	 , 27	 , -0.01661, 
50	 , 51288	 , 10	 , 25	 , -8.0E-5, 
50	 , 51594	 , 17	 , 25	 , -0.00109, 
50	 , 52578	 , 12	 , 27	 , -0.00625, 
50	 , 52390	 , 16	 , 25	 , -2.4E-4, 
50	 , 53118	 , 14	 , 24	 , -0.00149, 
50	 , 51976	 , 13	 , 26	 , -8.0E-5, 
50	 , 52690	 , 14	 , 27	 , -0.00869, 
50	 , 52888	 , 7	 , 27	 , -0.00943, 
50	 , 51308	 , 16	 , 23	 , -8.6E-4, 
50	 , 51292	 , 10	 , 25	 , -0.07736, 
50	 , 53046	 , 18	 , 26	 , -0.0521, 
50	 , 53140	 , 11	 , 26	 , -0.04912, 
50	 , 52538	 , 11	 , 25	 , -0.01852, 
50	 , 53432	 , 13	 , 26	 , -4.0E-5, 
50	 , 52238	 , 14	 , 26	 , -0.01634, 
50	 , 53314	 , 12	 , 25	 , -0.00891, 
50	 , 52740	 , 6	 , 26	 , -3.4E-4, 
50	 , 53002	 , 13	 , 26	 , -0.00544, 
50	 , 52458	 , 12	 , 26	 , -6.4E-4, 
50	 , 51964	 , 12	 , 24	 , -0.00614, 
50	 , 53034	 , 8	 , 27	 , -0.01382, 
50	 , 53168	 , 17	 , 26	 , -0.01144, 
50	 , 52118	 , 13	 , 26	 , -0.0081, 
50	 , 53346	 , 13	 , 26	 , -0.03336, 
50	 , 51968	 , 15	 , 25	 , -0.0015, 
50	 , 51218	 , 5	 , 24	 , -0.02049, 
50	 , 53300	 , 16	 , 26	 , 0.0, 
50	 , 52194	 , 16	 , 25	 , -0.01085, 
50	 , 52866	 , 13	 , 27	 , -0.00625, 
50	 , 51852	 , 16	 , 24	 , -0.0012, 
50	 , 52246	 , 6	 , 26	 , -0.02832, 
50	 , 53728	 , 15	 , 25	 , -4.0E-5, 
50	 , 52432	 , 16	 , 26	 , -0.00404, 
50	 , 51702	 , 16	 , 25	 , -0.03317, 
50	 , 51352	 , 12	 , 25	 , -0.00363, 
50	 , 53252	 , 15	 , 26	 , -0.00121, 
50	 , 52032	 , 16	 , 26	 , -0.03973, 
50	 , 51690	 , 19	 , 25	 , -0.00485, 
50	 , 53364	 , 21	 , 26	 , -0.01773, 
50	 , 51940	 , 6	 , 27	 , -0.00316, 
50	 , 51248	 , 10	 , 26	 , -0.05374, 
50	 , 52078	 , 17	 , 25	 , -0.00297, 
50	 , 53214	 , 0	 , 27	 , -0.00166, 
50	 , 51814	 , 9	 , 25	 , -0.00314, 
50	 , 52386	 , 14	 , 25	 , -0.14689, 
50	 , 51288	 , 20	 , 25	 , -0.08342, 
50	 , 52192	 , 15	 , 25	 , -0.01054, 
50	 , 53304	 , 11	 , 26	 , -0.00925, 
50	 , 51628	 , 14	 , 25	 , -0.14321, 
50	 , 53116	 , 6	 , 25	 , -0.00145, 
50	 , 51772	 , 8	 , 26	 , -0.0198, 
50	 , 51604	 , 11	 , 26	 , -0.07924, 
50	 , 52200	 , 12	 , 26	 , -0.0042, 
50	 , 51322	 , 12	 , 24	 , -0.00951, 
50	 , 52664	 , 19	 , 26	 , -0.00424, 
50	 , 52720	 , 12	 , 27	 , -0.00704, 
50	 , 52808	 , 17	 , 26	 , -0.00966, 
50	 , 53460	 , 12	 , 27	 , -0.00629, 
50	 , 53848	 , 13	 , 24	 , 0.0, 
50	 , 53858	 , 8	 , 26	 , -7.6E-4, 
50	 , 52704	 , 17	 , 26	 , -0.04057, 
50	 , 51368	 , 3	 , 26	 , -0.01635, 
50	 , 52030	 , 19	 , 25	 , -0.0233, 
50	 , 52138	 , 6	 , 26	 , -0.00659, 
50	 , 52514	 , 7	 , 27	 , -0.00301, 
50	 , 53256	 , 12	 , 27	 , -0.00433, 
50	 , 53434	 , 12	 , 27	 , -0.01005, 
50	 , 51398	 , 0	 , 24	 , -0.00386, 
50	 , 53292	 , 18	 , 25	 , -0.00196, 
50	 , 51926	 , 16	 , 24	 , -0.02444, 
50	 , 53846	 , 7	 , 26	 , -0.00827, 
50	 , 53184	 , 18	 , 25	 , -0.00264, 
50	 , 52112	 , 17	 , 25	 , -0.00629, 
50	 , 52870	 , 14	 , 26	 , -1.1E-4, 
50	 , 53414	 , 18	 , 26	 , -2.2E-4, 
50	 , 51638	 , 18	 , 24	 , -0.01856, 
50	 , 51372	 , 21	 , 25	 , -0.02631, 
50	 , 52738	 , 13	 , 25	 , -3.0E-5, 
50	 , 51588	 , 13	 , 23	 , -0.07989, 
50	 , 53128	 , 13	 , 25	 , -0.04949, 
100	 , 52172	 , 3	 , 14	 , -0.00885, 
100	 , 52424	 , 4	 , 14	 , -0.01424, 
100	 , 52420	 , 2	 , 14	 , -1.2E-4, 
100	 , 54356	 , 0	 , 15	 , -1.9E-4, 
100	 , 55328	 , 7	 , 14	 , -0.00306, 
100	 , 53190	 , 7	 , 14	 , -0.00379, 
100	 , 55128	 , 6	 , 15	 , -7.9E-4, 
100	 , 52712	 , 5	 , 14	 , -0.00294, 
100	 , 53068	 , 6	 , 14	 , -0.0029, 
100	 , 51960	 , 1	 , 14	 , -0.0029, 
100	 , 53106	 , 7	 , 14	 , -0.00211, 
100	 , 54884	 , 0	 , 15	 , -0.00181, 
100	 , 54144	 , 3	 , 15	 , -0.01459, 
100	 , 54978	 , 3	 , 15	 , -0.00171, 
100	 , 54244	 , 0	 , 15	 , -0.01189, 
100	 , 51924	 , 6	 , 14	 , -0.00244, 
100	 , 55940	 , 7	 , 14	 , -0.03004, 
100	 , 54370	 , 5	 , 15	 , 0.0, 
100	 , 53100	 , 4	 , 14	 , -4.0E-5, 
100	 , 54500	 , 8	 , 14	 , -0.00181, 
100	 , 52592	 , 7	 , 14	 , -4.5E-4, 
100	 , 52184	 , 4	 , 14	 , -3.3E-4, 
100	 , 56006	 , 9	 , 14	 , -0.0037, 
100	 , 55462	 , 8	 , 14	 , -0.04682, 
100	 , 54408	 , 0	 , 15	 , -0.00132, 
100	 , 53376	 , 0	 , 14	 , -0.01989, 
100	 , 54760	 , 4	 , 15	 , -0.02427, 
100	 , 52236	 , 8	 , 14	 , -0.00367, 
100	 , 52512	 , 6	 , 14	 , -0.18185, 
100	 , 53720	 , 6	 , 14	 , -0.0075, 
100	 , 55330	 , 5	 , 15	 , -1.0E-4, 
100	 , 54860	 , 5	 , 15	 , -0.01875, 
100	 , 51318	 , 3	 , 14	 , -0.00406, 
100	 , 52894	 , 8	 , 13	 , -0.0011, 
100	 , 51996	 , 8	 , 13	 , -0.001, 
100	 , 55722	 , 0	 , 14	 , -0.07811, 
100	 , 56402	 , 5	 , 15	 , -0.0029, 
100	 , 54676	 , 5	 , 15	 , -0.00292, 
100	 , 53260	 , 3	 , 14	 , -9.4E-4, 
100	 , 52062	 , 7	 , 14	 , -0.01165, 
100	 , 51750	 , 2	 , 14	 , 0.0, 
100	 , 51334	 , 9	 , 13	 , -4.0E-4, 
100	 , 51756	 , 5	 , 14	 , -0.00567, 
100	 , 55328	 , 5	 , 15	 , -0.00205, 
100	 , 54226	 , 8	 , 14	 , -0.01437, 
100	 , 55446	 , 5	 , 15	 , -0.01037, 
100	 , 53694	 , 6	 , 14	 , -0.01942, 
100	 , 51594	 , 7	 , 14	 , -7.5E-4, 
100	 , 51950	 , 2	 , 14	 , -0.00304, 
100	 , 53740	 , 9	 , 14	 , -0.00132, 
100	 , 54310	 , 0	 , 15	 , -0.00791, 
100	 , 52642	 , 0	 , 14	 , -0.04688, 
100	 , 52574	 , 8	 , 14	 , -0.00451, 
100	 , 53842	 , 3	 , 14	 , -2.2E-4, 
100	 , 54534	 , 1	 , 15	 , -0.00577, 
100	 , 54262	 , 7	 , 14	 , -3.2E-4, 
100	 , 52922	 , 0	 , 14	 , -0.00639, 
100	 , 52948	 , 6	 , 14	 , -0.00997, 
100	 , 55616	 , 4	 , 15	 , -0.00326, 
100	 , 51358	 , 5	 , 14	 , -0.00611, 
100	 , 55132	 , 8	 , 14	 , -0.00973, 
100	 , 52526	 , 8	 , 13	 , -4.2E-4, 
100	 , 55286	 , 6	 , 15	 , -0.0029, 
100	 , 55674	 , 8	 , 14	 , -2.8E-4, 
100	 , 54832	 , 8	 , 14	 , -0.00368, 
100	 , 52320	 , 5	 , 14	 , -0.00314, 
100	 , 52274	 , 2	 , 14	 , -0.18711, 
100	 , 51858	 , 7	 , 14	 , -0.00449, 
100	 , 55532	 , 11	 , 14	 , -0.0114, 
100	 , 54430	 , 2	 , 15	 , -8.4E-4, 
100	 , 54282	 , 3	 , 15	 , -7.2E-4, 
100	 , 53354	 , 6	 , 14	 , -0.00527, 
100	 , 54948	 , 2	 , 15	 , 0.0, 
100	 , 53774	 , 1	 , 15	 , -7.9E-4, 
100	 , 56312	 , 8	 , 14	 , -0.00859, 
100	 , 56536	 , 8	 , 14	 , -5.0E-5, 
100	 , 51422	 , 7	 , 13	 , -8.3E-4, 
100	 , 55666	 , 7	 , 15	 , -0.00288, 
100	 , 52716	 , 6	 , 14	 , -1.6E-4, 
100	 , 52348	 , 1	 , 14	 , -0.09642, 
100	 , 54228	 , 7	 , 14	 , -0.00322, 
100	 , 52424	 , 5	 , 14	 , -0.00634, 
100	 , 52606	 , 5	 , 14	 , -0.00875, 
100	 , 54016	 , 1	 , 15	 , -3.0E-5, 
100	 , 54432	 , 3	 , 15	 , -0.01295, 
100	 , 52228	 , 5	 , 14	 , -0.01751, 
100	 , 51556	 , 6	 , 14	 , -0.05067, 
100	 , 53114	 , 6	 , 13	 , -0.18132, 
100	 , 52318	 , 7	 , 14	 , 0.0, 
100	 , 53640	 , 9	 , 14	 , -0.00611, 
100	 , 54544	 , 8	 , 14	 , -0.03267, 
100	 , 51956	 , 8	 , 14	 , -0.00281, 
100	 , 52930	 , 8	 , 14	 , -0.00184, 
100	 , 56544	 , 7	 , 14	 , -0.00372, 
100	 , 51216	 , 2	 , 14	 , -1.0E-4, 
100	 , 53012	 , 9	 , 14	 , -1.0E-5, 
100	 , 52542	 , 7	 , 14	 , -0.11722, 
100	 , 54006	 , 8	 , 13	 , -0.01626, 
100	 , 55080	 , 6	 , 15	 , -0.01712, 
100	 , 52956	 , 4	 , 14	 , -8.5E-4, 
100	 , 54286	 , 7	 , 14	 , -0.06662, 
100	 , 51748	 , 9	 , 14	 , -0.00371, 
100	 , 55188	 , 5	 , 15	 , -2.0E-5, 
100	 , 51424	 , 0	 , 14	 , -0.00532, 
100	 , 55372	 , 8	 , 15	 , -1.8E-4, 
100	 , 53196	 , 7	 , 13	 , -0.02051, 
100	 , 51880	 , 3	 , 14	 , -1.5E-4, 
100	 , 54890	 , 4	 , 15	 , -4.7E-4, 
100	 , 53304	 , 3	 , 14	 , -6.6E-4, 
100	 , 55370	 , 10	 , 14	 , -0.00269, 
100	 , 51504	 , 7	 , 14	 , -0.03417, 
100	 , 52742	 , 10	 , 13	 , -0.16509, 
100	 , 54766	 , 6	 , 14	 , -0.00548, 
100	 , 54358	 , 1	 , 15	 , -0.01249, 
100	 , 51920	 , 1	 , 14	 , -1.0E-4, 
100	 , 56540	 , 8	 , 14	 , -0.00406, 
100	 , 52460	 , 8	 , 14	 , -4.6E-4, 
100	 , 53408	 , 7	 , 14	 , -8.8E-4, 
100	 , 55850	 , 9	 , 14	 , -0.00497, 
100	 , 53846	 , 3	 , 15	 , -0.00629, 
100	 , 51906	 , 4	 , 14	 , -4.0E-5, 
100	 , 54780	 , 7	 , 14	 , -0.00313, 
100	 , 54044	 , 0	 , 15	 , -0.0129, 
100	 , 52844	 , 8	 , 13	 , -0.03394, 
100	 , 51472	 , 3	 , 14	 , -7.0E-5, 
100	 , 53606	 , 6	 , 14	 , -4.6E-4, 
100	 , 55060	 , 6	 , 14	 , -1.6E-4, 
100	 , 54688	 , 8	 , 14	 , -3.0E-4, 
100	 , 52950	 , 8	 , 14	 , -0.05729, 
100	 , 55130	 , 9	 , 14	 , -0.002, 
100	 , 53906	 , 5	 , 14	 , -0.0103, 
100	 , 53200	 , 5	 , 14	 , -0.01995, 
100	 , 54870	 , 8	 , 14	 , -0.013, 
100	 , 55270	 , 5	 , 15	 , -0.00226, 
100	 , 54868	 , 0	 , 15	 , -0.01933, 
100	 , 52224	 , 5	 , 14	 , -0.01784, 
100	 , 53850	 , 9	 , 14	 , -2.6E-4, 
100	 , 51894	 , 6	 , 14	 , -0.02254, 
100	 , 56200	 , 6	 , 15	 , -0.18035, 
100	 , 52916	 , 6	 , 14	 , -6.5E-4, 
100	 , 51394	 , 0	 , 14	 , -0.00645, 
100	 , 55184	 , 8	 , 14	 , -0.00602, 
100	 , 51790	 , 0	 , 14	 , -5.6E-4, 
100	 , 54874	 , 3	 , 15	 , -9.6E-4, 
100	 , 51276	 , 1	 , 14	 , -0.00107, 
100	 , 51362	 , 3	 , 14	 , -0.00484, 
100	 , 52304	 , 9	 , 14	 , -0.00144, 
100	 , 53154	 , 7	 , 14	 , -0.00148, 
100	 , 55366	 , 4	 , 15	 , -0.01039, 
100	 , 52352	 , 4	 , 14	 , -0.01688, 
100	 , 52432	 , 7	 , 13	 , -0.01107, 
100	 , 52854	 , 5	 , 14	 , -0.01235, 
100	 , 51210	 , 2	 , 14	 , -0.00551, 
100	 , 51762	 , 5	 , 14	 , -6.9E-4, 
100	 , 54734	 , 1	 , 15	 , -9.0E-4, 
100	 , 54080	 , 7	 , 14	 , -0.00315, 
100	 , 53548	 , 6	 , 14	 , -0.01956, 
100	 , 54778	 , 7	 , 14	 , -7.0E-5, 
100	 , 51298	 , 8	 , 13	 , -0.00776, 
100	 , 54620	 , 2	 , 15	 , -0.00331, 
100	 , 52332	 , 6	 , 14	 , -0.03326, 
100	 , 55130	 , 3	 , 15	 , -0.09217, 
100	 , 54320	 , 1	 , 14	 , 0.0, 
100	 , 53536	 , 6	 , 14	 , -2.0E-5, 
100	 , 55536	 , 5	 , 15	 , -0.02693, 
100	 , 52884	 , 8	 , 14	 , -0.00625, 
100	 , 51532	 , 1	 , 14	 , -1.2E-4, 
100	 , 55214	 , 7	 , 15	 , -5.8E-4, 
100	 , 54682	 , 2	 , 15	 , -0.01362, 
100	 , 54596	 , 1	 , 15	 , -0.02918, 
100	 , 51716	 , 2	 , 14	 , -1.1E-4, 
100	 , 54138	 , 7	 , 14	 , -0.00391, 
100	 , 52374	 , 9	 , 13	 , -4.2E-4, 
100	 , 53250	 , 5	 , 14	 , -0.00461, 
100	 , 55172	 , 1	 , 15	 , -0.00151, 
100	 , 53160	 , 6	 , 14	 , -0.07361, 
100	 , 54308	 , 3	 , 15	 , -2.0E-4, 
100	 , 55050	 , 4	 , 15	 , -0.03436, 
100	 , 52590	 , 4	 , 14	 , -1.0E-5, 
100	 , 51558	 , 6	 , 14	 , -0.01732, 
100	 , 53354	 , 8	 , 14	 , -0.00679, 
100	 , 55502	 , 7	 , 15	 , -0.00193, 
100	 , 54678	 , 7	 , 14	 , -0.00525, 
100	 , 51878	 , 3	 , 14	 , -8.0E-5, 
100	 , 51254	 , 2	 , 14	 , -0.00863, 
100	 , 54746	 , 7	 , 14	 , -0.02434, 
100	 , 51928	 , 3	 , 14	 , -0.00382, 
100	 , 51728	 , 1	 , 14	 , -0.00103, 
100	 , 56372	 , 6	 , 14	 , -0.01546, 
100	 , 54000	 , 0	 , 14	 , -0.00292, 
100	 , 51260	 , 4	 , 14	 , -1.7E-4, 
100	 , 52334	 , 1	 , 14	 , -0.00559, 
100	 , 54304	 , 9	 , 14	 , 0.0, 
100	 , 54112	 , 4	 , 14	 , -1.7E-4, 
100	 , 54056	 , 2	 , 15	 , -0.00365, 
100	 , 51562	 , 3	 , 14	 , -0.00355, 
100	 , 52560	 , 5	 , 14	 , -3.0E-5, 
100	 , 52958	 , 6	 , 14	 , -0.03654, 
100	 , 54572	 , 6	 , 14	 , -0.02431, 
100	 , 53636	 , 6	 , 14	 , -0.00202, 
100	 , 52338	 , 9	 , 14	 , -5.8E-4, 
100	 , 51456	 , 6	 , 14	 , -3.9E-4, 
100	 , 55486	 , 7	 , 15	 , -1.3E-4, 
100	 , 51514	 , 5	 , 14	 , 0.0, 
100	 , 53600	 , 8	 , 14	 , -0.00101, 
100	 , 54832	 , 3	 , 15	 , -1.2E-4, 
100	 , 51994	 , 1	 , 14	 , -0.0256, 
100	 , 55760	 , 8	 , 14	 , -4.0E-5, 
100	 , 54478	 , 0	 , 15	 , -4.7E-4, 
100	 , 51364	 , 3	 , 14	 , -0.00651, 
100	 , 51634	 , 5	 , 14	 , -0.00307, 
100	 , 55190	 , 9	 , 15	 , -9.8E-4, 
100	 , 51246	 , 1	 , 14	 , -0.01306, 
100	 , 53338	 , 10	 , 14	 , -1.0E-5, 
100	 , 56238	 , 8	 , 14	 , -6.1E-4, 
100	 , 53056	 , 5	 , 14	 , -0.00293, 
100	 , 51332	 , 1	 , 14	 , 0.0, 
100	 , 51692	 , 5	 , 14	 , -5.5E-4, 
100	 , 54180	 , 8	 , 14	 , -9.9E-4, 
100	 , 54084	 , 3	 , 15	 , -0.00816, 
100	 , 53478	 , 2	 , 14	 , -5.9E-4, 
100	 , 51666	 , 7	 , 14	 , -0.00924, 
100	 , 53710	 , 9	 , 14	 , -0.01148, 
100	 , 55816	 , 7	 , 14	 , -0.00118, 
100	 , 54294	 , 9	 , 14	 , -0.01039, 
100	 , 52388	 , 6	 , 14	 , -0.00869, 
100	 , 55406	 , 7	 , 14	 , -0.04958, 
100	 , 51924	 , 3	 , 14	 , -0.00131, 
100	 , 51870	 , 5	 , 14	 , -6.8E-4, 
100	 , 55364	 , 1	 , 15	 , -0.11366, 
100	 , 52982	 , 8	 , 13	 , -1.2E-4, 
100	 , 55088	 , 3	 , 15	 , -7.2E-4, 
100	 , 52824	 , 6	 , 14	 , -0.05001, 
100	 , 52824	 , 5	 , 14	 , -0.01322, 
100	 , 51260	 , 2	 , 14	 , -0.00315, 
100	 , 52072	 , 3	 , 14	 , -3.1E-4, 
100	 , 51738	 , 6	 , 14	 , -0.00324, 
100	 , 52646	 , 6	 , 14	 , 0.0, 
100	 , 51230	 , 4	 , 14	 , -0.09746, 
100	 , 52060	 , 4	 , 14	 , -0.0042, 
100	 , 55282	 , 10	 , 14	 , -2.0E-5, 
100	 , 51966	 , 7	 , 13	 , -3.8E-4, 
100	 , 53208	 , 8	 , 13	 , -6.8E-4, 
100	 , 52546	 , 5	 , 14	 , -7.0E-5, 
100	 , 52062	 , 5	 , 14	 , -0.00116, 
100	 , 53432	 , 7	 , 14	 , -2.5E-4, 
100	 , 51414	 , 6	 , 14	 , -0.00188, 
100	 , 54480	 , 2	 , 15	 , -0.0015, 
100	 , 55936	 , 4	 , 15	 , -0.00931, 
100	 , 52310	 , 5	 , 14	 , -0.00215, 
150	 , 54140	 , 5	 , 10	 , -0.02161, 
150	 , 52754	 , 1	 , 10	 , -0.00167, 
150	 , 56332	 , 1	 , 10	 , -0.00199, 
150	 , 52338	 , 2	 , 10	 , -0.00124, 
150	 , 52138	 , 0	 , 10	 , -1.6E-4, 
150	 , 52924	 , 2	 , 10	 , -3.2E-4, 
150	 , 52062	 , 0	 , 10	 , -0.00385, 
150	 , 52492	 , 2	 , 10	 , -0.00188, 
150	 , 53212	 , 4	 , 10	 , -0.01412, 
150	 , 52758	 , 3	 , 10	 , -0.00498, 
150	 , 52966	 , 4	 , 10	 , -8.2E-4, 
150	 , 52250	 , 1	 , 10	 , -0.01144, 
150	 , 52338	 , 0	 , 10	 , -1.0E-5, 
150	 , 52296	 , 2	 , 10	 , -8.0E-5, 
150	 , 52696	 , 3	 , 10	 , -0.04208, 
150	 , 52296	 , 0	 , 10	 , -8.8E-4, 
150	 , 51970	 , 2	 , 10	 , -2.2E-4, 
150	 , 53230	 , 2	 , 10	 , -0.00485, 
150	 , 52972	 , 6	 , 10	 , -0.00919, 
150	 , 52102	 , 1	 , 10	 , -0.00218, 
150	 , 53016	 , 3	 , 10	 , 0.0, 
150	 , 54254	 , 5	 , 10	 , -0.02353, 
150	 , 53098	 , 2	 , 10	 , -0.00582, 
150	 , 53012	 , 4	 , 10	 , -0.00117, 
150	 , 54710	 , 5	 , 10	 , -0.00288, 
150	 , 52582	 , 3	 , 10	 , -6.0E-5, 
150	 , 52944	 , 0	 , 10	 , -3.0E-5, 
150	 , 52742	 , 3	 , 10	 , -0.0081, 
150	 , 52748	 , 0	 , 10	 , -7.0E-5, 
150	 , 54180	 , 6	 , 10	 , -3.3E-4, 
150	 , 55576	 , 5	 , 10	 , -0.00874, 
150	 , 52704	 , 4	 , 10	 , -0.19082, 
150	 , 53796	 , 4	 , 10	 , -0.01389, 
150	 , 53086	 , 4	 , 10	 , -8.0E-5, 
150	 , 52236	 , 2	 , 10	 , -2.7E-4, 
150	 , 51974	 , 0	 , 10	 , -5.4E-4, 
150	 , 52922	 , 4	 , 10	 , -3.2E-4, 
150	 , 53100	 , 5	 , 10	 , -0.06018, 
150	 , 52990	 , 4	 , 10	 , -2.5E-4, 
150	 , 55456	 , 4	 , 10	 , 0.0, 
150	 , 54982	 , 6	 , 10	 , -0.00106, 
150	 , 52316	 , 3	 , 10	 , -8.0E-5, 
150	 , 52188	 , 0	 , 10	 , -4.1E-4, 
150	 , 53316	 , 2	 , 10	 , -0.00185, 
150	 , 53400	 , 5	 , 10	 , -0.00112, 
150	 , 52586	 , 0	 , 10	 , -0.00858, 
150	 , 52586	 , 4	 , 10	 , -0.08469, 
150	 , 52340	 , 2	 , 10	 , -0.00178, 
150	 , 57516	 , 6	 , 10	 , -0.01056, 
150	 , 52012	 , 2	 , 10	 , -0.00117, 
150	 , 52452	 , 2	 , 10	 , -0.02084, 
150	 , 52216	 , 0	 , 10	 , -7.2E-4, 
150	 , 52242	 , 2	 , 10	 , -4.0E-5, 
150	 , 52292	 , 1	 , 10	 , -0.02493, 
150	 , 52150	 , 2	 , 10	 , -0.0097, 
150	 , 53960	 , 6	 , 10	 , -0.01907, 
150	 , 52400	 , 0	 , 10	 , -0.00183, 
150	 , 51912	 , 1	 , 10	 , -4.0E-5, 
150	 , 53248	 , 1	 , 10	 , -2.4E-4, 
150	 , 53302	 , 0	 , 10	 , -0.01505, 
150	 , 53104	 , 0	 , 10	 , -5.4E-4, 
150	 , 52764	 , 1	 , 10	 , -2.4E-4, 
150	 , 56728	 , 3	 , 10	 , -0.01078, 
150	 , 53008	 , 5	 , 10	 , -0.00155, 
150	 , 52872	 , 2	 , 10	 , -4.5E-4, 
150	 , 53598	 , 3	 , 10	 , -0.0032, 
150	 , 52074	 , 1	 , 10	 , -0.00647, 
150	 , 52992	 , 0	 , 10	 , -0.00732, 
150	 , 52272	 , 1	 , 10	 , -8.0E-4, 
150	 , 53442	 , 3	 , 10	 , -0.00462, 
150	 , 53300	 , 4	 , 10	 , -0.00196, 
150	 , 53278	 , 1	 , 10	 , -0.06919, 
150	 , 52556	 , 2	 , 10	 , -0.00855, 
150	 , 53642	 , 3	 , 10	 , -0.03051, 
150	 , 53350	 , 4	 , 10	 , -0.00812, 
150	 , 53438	 , 5	 , 10	 , -2.3E-4, 
150	 , 53416	 , 1	 , 10	 , -0.0134, 
150	 , 52096	 , 4	 , 10	 , -0.0254, 
150	 , 52282	 , 0	 , 10	 , -6.1E-4, 
150	 , 52108	 , 1	 , 10	 , -0.00239, 
150	 , 52882	 , 1	 , 10	 , -0.00292, 
150	 , 52602	 , 0	 , 10	 , -0.01379, 
150	 , 53968	 , 0	 , 10	 , -0.00611, 
150	 , 52226	 , 2	 , 10	 , -0.00102, 
150	 , 53198	 , 2	 , 10	 , -0.00271, 
150	 , 54704	 , 4	 , 10	 , -0.00288, 
150	 , 52318	 , 2	 , 10	 , -9.8E-4, 
150	 , 52484	 , 2	 , 10	 , -0.00202, 
150	 , 52070	 , 1	 , 10	 , -1.5E-4, 
150	 , 52390	 , 2	 , 10	 , -0.00695, 
150	 , 52684	 , 4	 , 10	 , -0.00609, 
150	 , 55812	 , 4	 , 10	 , -2.0E-5, 
150	 , 53572	 , 1	 , 10	 , -9.3E-4, 
150	 , 53016	 , 4	 , 10	 , -2.3E-4, 
150	 , 53432	 , 4	 , 10	 , -1.5E-4, 
150	 , 52770	 , 1	 , 10	 , -0.00184, 
150	 , 52960	 , 4	 , 10	 , -0.08827, 
150	 , 53808	 , 5	 , 10	 , -7.0E-5, 
150	 , 56594	 , 4	 , 10	 , -0.15937, 
150	 , 52232	 , 3	 , 10	 , -0.001, 
150	 , 53132	 , 3	 , 10	 , -2.5E-4, 
150	 , 52220	 , 1	 , 10	 , -0.00315, 
150	 , 52706	 , 0	 , 10	 , -0.00176, 
150	 , 52766	 , 1	 , 10	 , -5.6E-4, 
150	 , 52844	 , 3	 , 10	 , -0.00563, 
150	 , 53514	 , 4	 , 10	 , -3.4E-4, 
150	 , 51944	 , 2	 , 10	 , -9.0E-4, 
150	 , 53914	 , 4	 , 10	 , -0.00466, 
150	 , 52110	 , 4	 , 10	 , -0.0039, 
150	 , 52190	 , 0	 , 10	 , -0.0249, 
150	 , 52186	 , 1	 , 10	 , -0.07254, 
150	 , 53726	 , 3	 , 10	 , -0.01394, 
150	 , 52424	 , 6	 , 10	 , -0.00776, 
150	 , 52640	 , 0	 , 10	 , -1.7E-4, 
150	 , 52426	 , 1	 , 10	 , -0.00871, 
150	 , 54986	 , 6	 , 10	 , 0.0, 
150	 , 52920	 , 2	 , 10	 , -0.00416, 
150	 , 52926	 , 6	 , 10	 , -0.00373, 
150	 , 52006	 , 3	 , 10	 , -2.8E-4, 
150	 , 53126	 , 4	 , 10	 , -7.2E-4, 
150	 , 52232	 , 0	 , 10	 , -6.0E-5, 
150	 , 53756	 , 4	 , 10	 , -0.00408, 
150	 , 53044	 , 1	 , 10	 , -0.00491, 
150	 , 53882	 , 2	 , 10	 , -2.9E-4, 
150	 , 51818	 , 1	 , 10	 , -0.08804, 
150	 , 51910	 , 0	 , 10	 , -0.00763, 
150	 , 54028	 , 5	 , 10	 , -0.00707, 
150	 , 53644	 , 3	 , 10	 , -2.3E-4, 
150	 , 53228	 , 2	 , 10	 , -3.5E-4, 
150	 , 53972	 , 4	 , 10	 , -0.00431, 
150	 , 52958	 , 0	 , 10	 , -8.3E-4, 
150	 , 53928	 , 4	 , 10	 , -3.0E-5, 
150	 , 58076	 , 5	 , 10	 , -0.00913, 
150	 , 52926	 , 0	 , 10	 , -8.6E-4, 
150	 , 52440	 , 2	 , 10	 , -0.00659, 
150	 , 52332	 , 3	 , 10	 , -2.3E-4, 
150	 , 53212	 , 4	 , 10	 , -7.0E-5, 
150	 , 52732	 , 0	 , 10	 , -0.00209, 
150	 , 52904	 , 3	 , 10	 , -2.0E-5, 
150	 , 53392	 , 3	 , 10	 , -4.0E-5, 
150	 , 52846	 , 3	 , 10	 , -0.00167, 
150	 , 51902	 , 0	 , 10	 , -0.00266, 
150	 , 54578	 , 7	 , 10	 , -0.00225, 
150	 , 52592	 , 3	 , 10	 , -7.6E-4, 
150	 , 52808	 , 0	 , 10	 , -0.0049, 
150	 , 52652	 , 1	 , 10	 , -0.01086, 
150	 , 52458	 , 1	 , 10	 , -4.0E-5, 
150	 , 52362	 , 3	 , 10	 , -5.0E-5, 
150	 , 52694	 , 1	 , 10	 , -5.0E-5, 
150	 , 52344	 , 1	 , 10	 , -0.00676, 
150	 , 52286	 , 1	 , 10	 , -0.00226, 
150	 , 52966	 , 4	 , 10	 , 0.0, 
150	 , 53802	 , 4	 , 10	 , -5.0E-5, 
150	 , 53036	 , 3	 , 10	 , -2.0E-5, 
150	 , 52256	 , 1	 , 10	 , -0.00955, 
150	 , 51682	 , 2	 , 10	 , -7.0E-5, 
150	 , 52190	 , 1	 , 10	 , -0.00294, 
150	 , 52840	 , 2	 , 10	 , -4.9E-4, 
150	 , 52608	 , 3	 , 10	 , -1.0E-5, 
150	 , 53974	 , 4	 , 10	 , 0.0, 
150	 , 51704	 , 1	 , 10	 , -5.0E-5, 
150	 , 51906	 , 0	 , 10	 , -7.0E-5, 
150	 , 52454	 , 2	 , 10	 , -0.00776, 
150	 , 53728	 , 4	 , 10	 , -2.0E-5, 
150	 , 53752	 , 4	 , 10	 , -3.2E-4, 
150	 , 52100	 , 1	 , 10	 , -0.00177, 
150	 , 52560	 , 0	 , 10	 , -0.00145, 
150	 , 52222	 , 1	 , 10	 , -0.00661, 
150	 , 53236	 , 1	 , 10	 , -1.5E-4, 
150	 , 53578	 , 4	 , 10	 , -4.0E-5, 
150	 , 52032	 , 0	 , 10	 , -0.00816, 
150	 , 52172	 , 2	 , 10	 , -4.0E-5, 
150	 , 52382	 , 1	 , 10	 , -1.3E-4, 
150	 , 53076	 , 3	 , 10	 , -0.00141, 
150	 , 53910	 , 5	 , 10	 , -0.0016, 
150	 , 51950	 , 0	 , 10	 , -2.0E-4, 
150	 , 53134	 , 3	 , 10	 , -9.2E-4, 
150	 , 52036	 , 0	 , 10	 , -1.2E-4, 
150	 , 52052	 , 1	 , 10	 , -6.0E-5, 
150	 , 54262	 , 2	 , 10	 , -0.00106, 
150	 , 52528	 , 3	 , 10	 , -3.5E-4, 
150	 , 53298	 , 4	 , 10	 , -6.1E-4, 
150	 , 52676	 , 1	 , 10	 , -0.00399, 
150	 , 53950	 , 3	 , 10	 , -0.00578, 
150	 , 52156	 , 3	 , 10	 , -0.01649, 
150	 , 53750	 , 5	 , 10	 , -0.00554, 
150	 , 52138	 , 2	 , 10	 , -5.0E-4, 
150	 , 52364	 , 1	 , 10	 , -1.3E-4, 
150	 , 52576	 , 4	 , 10	 , -1.0E-5, 
150	 , 52974	 , 0	 , 10	 , 0.0, 
150	 , 51996	 , 1	 , 10	 , -8.7E-4, 
150	 , 52388	 , 3	 , 10	 , -0.01452, 
150	 , 52436	 , 2	 , 10	 , -1.0E-5, 
150	 , 52364	 , 2	 , 10	 , -1.0E-4, 
150	 , 53342	 , 3	 , 10	 , -0.01552, 
150	 , 54714	 , 7	 , 10	 , -0.00929, 
150	 , 51880	 , 0	 , 10	 , -3.6E-4, 
150	 , 52702	 , 5	 , 10	 , -5.0E-4, 
150	 , 54862	 , 6	 , 10	 , -0.06582, 
150	 , 52738	 , 0	 , 10	 , -8.0E-5, 
150	 , 52790	 , 2	 , 10	 , -0.03166, 
150	 , 51910	 , 4	 , 10	 , -1.0E-5, 
150	 , 51978	 , 3	 , 10	 , -0.02842, 
150	 , 56320	 , 5	 , 10	 , -0.09481, 
150	 , 54120	 , 5	 , 10	 , -8.5E-4, 
150	 , 52686	 , 3	 , 10	 , -0.00173, 
150	 , 53024	 , 2	 , 10	 , -0.01138, 
150	 , 52576	 , 1	 , 10	 , -1.0E-5, 
150	 , 56144	 , 5	 , 10	 , -0.00966, 
150	 , 52930	 , 4	 , 10	 , -0.04884, 
150	 , 52172	 , 1	 , 10	 , -1.4E-4, 
150	 , 57714	 , 6	 , 10	 , -5.0E-5, 
150	 , 51998	 , 2	 , 10	 , -0.00923, 
150	 , 53724	 , 5	 , 10	 , -7.0E-5, 
150	 , 56750	 , 6	 , 10	 , -0.03893, 
150	 , 52030	 , 0	 , 10	 , -0.00106, 
150	 , 52184	 , 2	 , 10	 , -0.00484, 
150	 , 52546	 , 0	 , 10	 , -0.00166, 
150	 , 53122	 , 0	 , 10	 , -1.0E-4, 
150	 , 52116	 , 2	 , 10	 , -1.0E-5, 
150	 , 52248	 , 1	 , 10	 , 0.0, 
150	 , 51978	 , 3	 , 10	 , -1.6E-4, 
150	 , 52836	 , 1	 , 10	 , -5.4E-4, 
150	 , 53318	 , 3	 , 10	 , -0.02641, 
150	 , 55050	 , 4	 , 10	 , -1.2E-4, 
150	 , 51614	 , 5	 , 9	 , -0.02254, 
150	 , 52740	 , 2	 , 10	 , -0.00668, 
150	 , 52506	 , 2	 , 10	 , -0.00118, 
150	 , 55062	 , 0	 , 10	 , -5.0E-5, 
150	 , 52002	 , 1	 , 10	 , -0.00506, 
150	 , 53726	 , 5	 , 10	 , -0.00408, 
150	 , 52016	 , 1	 , 10	 , -0.00196, 
150	 , 51842	 , 1	 , 10	 , -0.00566, 
150	 , 54604	 , 6	 , 10	 , -2.1E-4, 
150	 , 54892	 , 5	 , 10	 , -0.00662, 
150	 , 51880	 , 2	 , 10	 , -4.0E-5, 
150	 , 52748	 , 0	 , 10	 , -5.5E-4, 
150	 , 53470	 , 0	 , 10	 , -0.00273, 
150	 , 53646	 , 2	 , 10	 , -4.3E-4, 
150	 , 52318	 , 0	 , 10	 , -2.0E-5, 
150	 , 54478	 , 3	 , 10	 , -0.0124, 
150	 , 53974	 , 5	 , 10	 , -0.01089, 
150	 , 53260	 , 3	 , 10	 , -0.0681, 
150	 , 52570	 , 3	 , 10	 , -3.0E-5, 
150	 , 52732	 , 1	 , 10	 , -0.00424, 
150	 , 53912	 , 5	 , 10	 , -0.00806, 
150	 , 52824	 , 4	 , 10	 , 0.0, 
150	 , 52388	 , 0	 , 10	 , -0.00758, 
150	 , 53108	 , 1	 , 10	 , -8.0E-5, 
150	 , 52690	 , 2	 , 10	 , -0.01694, 
200	 , 54382	 , 2	 , 8	 , -0.00507, 
200	 , 54592	 , 1	 , 8	 , -0.0251, 
200	 , 54036	 , 0	 , 8	 , -0.00955, 
200	 , 54112	 , 0	 , 8	 , -0.00791, 
200	 , 54550	 , 0	 , 8	 , -0.00146, 
200	 , 54266	 , 2	 , 8	 , -0.0032, 
200	 , 54434	 , 0	 , 8	 , -0.00137, 
200	 , 54756	 , 0	 , 8	 , -0.01563, 
200	 , 54014	 , 1	 , 8	 , -7.0E-5, 
200	 , 54316	 , 2	 , 8	 , -0.00167, 
200	 , 54398	 , 1	 , 8	 , -1.3E-4, 
200	 , 54490	 , 0	 , 8	 , -1.9E-4, 
200	 , 54412	 , 3	 , 8	 , -4.9E-4, 
200	 , 53792	 , 0	 , 8	 , -0.002, 
200	 , 54122	 , 2	 , 8	 , -0.00183, 
200	 , 56076	 , 6	 , 8	 , -7.0E-5, 
200	 , 53988	 , 3	 , 8	 , -0.00356, 
200	 , 54494	 , 3	 , 8	 , -0.02085, 
200	 , 53630	 , 1	 , 8	 , -1.0E-4, 
200	 , 54130	 , 1	 , 8	 , -2.9E-4, 
200	 , 54340	 , 2	 , 8	 , -0.00545, 
200	 , 54146	 , 1	 , 8	 , -0.00472, 
200	 , 53980	 , 2	 , 8	 , -8.8E-4, 
200	 , 53874	 , 0	 , 8	 , -0.00575, 
200	 , 54264	 , 0	 , 8	 , 0.0, 
200	 , 54068	 , 3	 , 8	 , 0.0, 
200	 , 54786	 , 4	 , 8	 , -2.0E-4, 
200	 , 54102	 , 0	 , 8	 , -8.0E-4, 
200	 , 54448	 , 0	 , 8	 , -5.0E-5, 
200	 , 54108	 , 3	 , 8	 , -0.01505, 
200	 , 54034	 , 1	 , 8	 , -0.00301, 
200	 , 54248	 , 0	 , 8	 , -0.12802, 
200	 , 54850	 , 0	 , 8	 , -1.0E-5, 
200	 , 53738	 , 1	 , 8	 , -0.00141, 
200	 , 55734	 , 4	 , 8	 , -0.03832, 
200	 , 54676	 , 2	 , 8	 , -5.0E-5, 
200	 , 54422	 , 3	 , 8	 , -0.00459, 
200	 , 53994	 , 0	 , 8	 , -4.4E-4, 
200	 , 55544	 , 4	 , 8	 , -0.00109, 
200	 , 54060	 , 2	 , 8	 , -0.00224, 
200	 , 54176	 , 0	 , 8	 , -1.0E-5, 
200	 , 53970	 , 1	 , 8	 , -0.00642, 
200	 , 53886	 , 2	 , 8	 , -0.00324, 
200	 , 54498	 , 1	 , 8	 , -0.00854, 
200	 , 54164	 , 1	 , 8	 , -0.02696, 
200	 , 54304	 , 0	 , 8	 , -1.3E-4, 
200	 , 54098	 , 3	 , 8	 , -0.00548, 
200	 , 54226	 , 2	 , 8	 , -0.01599, 
200	 , 54868	 , 2	 , 8	 , -0.0013, 
200	 , 54568	 , 0	 , 8	 , -0.00102, 
200	 , 54400	 , 3	 , 8	 , -0.00387, 
200	 , 54826	 , 3	 , 8	 , -0.0174, 
200	 , 53968	 , 1	 , 8	 , -0.01235, 
200	 , 54066	 , 2	 , 8	 , -8.4E-4, 
200	 , 54384	 , 1	 , 8	 , -8.0E-5, 
200	 , 55064	 , 4	 , 8	 , -3.6E-4, 
200	 , 55036	 , 1	 , 8	 , 0.0, 
200	 , 55218	 , 4	 , 8	 , -0.00112, 
200	 , 53980	 , 0	 , 8	 , -0.023, 
200	 , 54272	 , 2	 , 8	 , -2.8E-4, 
200	 , 54240	 , 0	 , 8	 , -5.9E-4, 
200	 , 54216	 , 2	 , 8	 , -5.3E-4, 
200	 , 55118	 , 3	 , 8	 , 0.0, 
200	 , 54106	 , 1	 , 8	 , -0.00448, 
200	 , 54252	 , 3	 , 8	 , -1.3E-4, 
200	 , 54402	 , 1	 , 8	 , -1.8E-4, 
200	 , 54656	 , 1	 , 8	 , -1.6E-4, 
200	 , 54658	 , 0	 , 8	 , -0.00518, 
200	 , 55982	 , 4	 , 8	 , -1.0E-5, 
200	 , 54162	 , 1	 , 8	 , -1.3E-4, 
200	 , 53958	 , 3	 , 8	 , -0.00126, 
200	 , 54124	 , 2	 , 8	 , -0.00586, 
200	 , 54492	 , 1	 , 8	 , -0.00144, 
200	 , 54934	 , 3	 , 8	 , -0.01133, 
200	 , 54138	 , 2	 , 8	 , -2.2E-4, 
200	 , 54416	 , 2	 , 8	 , -8.2E-4, 
200	 , 54584	 , 1	 , 8	 , -0.26556, 
200	 , 54414	 , 3	 , 8	 , -0.00294, 
200	 , 54354	 , 1	 , 8	 , -1.2E-4, 
200	 , 54268	 , 0	 , 8	 , -2.5E-4, 
200	 , 54538	 , 3	 , 8	 , -0.00891, 
200	 , 53892	 , 2	 , 8	 , -0.01439, 
200	 , 54122	 , 0	 , 8	 , -0.01351, 
200	 , 54136	 , 3	 , 8	 , -0.0308, 
200	 , 53852	 , 0	 , 8	 , -7.0E-5, 
200	 , 54026	 , 3	 , 8	 , -1.0E-5, 
200	 , 54010	 , 2	 , 8	 , -8.5E-4, 
200	 , 54184	 , 0	 , 8	 , -9.6E-4, 
200	 , 54328	 , 2	 , 8	 , -0.00255, 
200	 , 54220	 , 0	 , 8	 , -8.0E-5, 
200	 , 54112	 , 2	 , 8	 , -0.04552, 
200	 , 53752	 , 0	 , 8	 , -0.00224, 
200	 , 54144	 , 0	 , 8	 , 0.0, 
200	 , 54362	 , 3	 , 8	 , -3.2E-4, 
200	 , 54394	 , 1	 , 8	 , -3.0E-4, 
200	 , 54210	 , 0	 , 8	 , -1.0E-5, 
200	 , 54184	 , 1	 , 8	 , -0.00103, 
200	 , 54356	 , 0	 , 8	 , -0.00315, 
200	 , 54644	 , 0	 , 8	 , -0.01271, 
200	 , 54512	 , 0	 , 8	 , -0.002, 
200	 , 54570	 , 0	 , 8	 , 0.0, 
200	 , 54324	 , 4	 , 8	 , -2.0E-5, 
200	 , 54918	 , 3	 , 8	 , -0.00111, 
200	 , 53850	 , 2	 , 8	 , -2.4E-4, 
200	 , 54608	 , 1	 , 8	 , -1.0E-5, 
200	 , 56228	 , 3	 , 8	 , -4.6E-4, 
200	 , 53840	 , 1	 , 8	 , -0.01245, 
200	 , 54132	 , 2	 , 8	 , -0.03534, 
200	 , 54558	 , 1	 , 8	 , 0.0, 
200	 , 54348	 , 2	 , 8	 , -0.00322, 
200	 , 53936	 , 2	 , 8	 , -0.00664, 
200	 , 54404	 , 2	 , 8	 , -0.00354, 
200	 , 53896	 , 3	 , 8	 , -2.0E-5, 
200	 , 54038	 , 3	 , 8	 , -0.10385, 
200	 , 54136	 , 0	 , 8	 , -5.4E-4, 
200	 , 53896	 , 2	 , 8	 , -0.00286, 
200	 , 55948	 , 4	 , 8	 , -1.0E-4, 
200	 , 55490	 , 1	 , 8	 , -4.0E-4, 
200	 , 54234	 , 1	 , 8	 , -0.00982, 
200	 , 53546	 , 1	 , 8	 , -0.01215, 
200	 , 54196	 , 1	 , 8	 , -0.0011, 
200	 , 56104	 , 0	 , 8	 , -0.00342, 
200	 , 54330	 , 1	 , 8	 , -4.0E-5, 
200	 , 54250	 , 1	 , 8	 , -0.01182, 
200	 , 54156	 , 1	 , 8	 , -0.00498, 
200	 , 55426	 , 3	 , 8	 , -7.0E-5, 
200	 , 56674	 , 2	 , 8	 , -0.03818, 
200	 , 54014	 , 0	 , 8	 , -5.9E-4, 
200	 , 54156	 , 1	 , 8	 , -5.5E-4, 
200	 , 54030	 , 0	 , 8	 , -9.5E-4, 
200	 , 54726	 , 0	 , 8	 , -0.00763, 
200	 , 54344	 , 1	 , 8	 , -0.00337, 
200	 , 54318	 , 1	 , 8	 , -1.3E-4, 
200	 , 55282	 , 3	 , 8	 , -6.0E-5, 
200	 , 54392	 , 1	 , 8	 , -0.00268, 
200	 , 53726	 , 1	 , 8	 , -0.05271, 
200	 , 54386	 , 0	 , 8	 , -9.0E-5, 
200	 , 54070	 , 3	 , 8	 , -0.00188, 
200	 , 53904	 , 3	 , 8	 , -0.06468, 
200	 , 54080	 , 0	 , 8	 , -5.0E-5, 
200	 , 54552	 , 5	 , 8	 , -3.0E-5, 
200	 , 53966	 , 2	 , 8	 , -0.00451, 
200	 , 54050	 , 1	 , 8	 , -0.00114, 
200	 , 54258	 , 2	 , 8	 , -0.02388, 
200	 , 55930	 , 4	 , 8	 , -0.00625, 
200	 , 56446	 , 5	 , 8	 , -5.0E-5, 
200	 , 53978	 , 4	 , 8	 , -0.00976, 
200	 , 55090	 , 4	 , 8	 , -6.8E-4, 
200	 , 54046	 , 1	 , 8	 , -0.0181, 
200	 , 54044	 , 2	 , 8	 , -2.0E-4, 
200	 , 54428	 , 2	 , 8	 , -0.00583, 
200	 , 54342	 , 3	 , 8	 , -1.0E-5, 
200	 , 54272	 , 0	 , 8	 , -9.9E-4, 
200	 , 54672	 , 0	 , 8	 , -0.00365, 
200	 , 55374	 , 3	 , 8	 , -0.00633, 
200	 , 54166	 , 3	 , 8	 , -0.00137, 
200	 , 54498	 , 1	 , 8	 , -0.00297, 
200	 , 54388	 , 0	 , 8	 , -1.0E-5, 
200	 , 54376	 , 3	 , 8	 , -0.00329, 
200	 , 54402	 , 1	 , 8	 , -0.03654, 
200	 , 54596	 , 2	 , 8	 , -0.0149, 
200	 , 54280	 , 3	 , 8	 , -1.0E-4, 
200	 , 54564	 , 1	 , 8	 , -0.00251, 
200	 , 54348	 , 1	 , 8	 , -1.8E-4, 
200	 , 53900	 , 0	 , 8	 , -0.0308, 
200	 , 53930	 , 1	 , 8	 , -4.0E-5, 
200	 , 54622	 , 2	 , 8	 , -0.00111, 
200	 , 53604	 , 0	 , 8	 , -0.05422, 
200	 , 53804	 , 0	 , 8	 , -0.00314, 
200	 , 54176	 , 2	 , 8	 , -0.0106, 
200	 , 54530	 , 0	 , 8	 , -8.3E-4, 
200	 , 54402	 , 0	 , 8	 , -0.01005, 
200	 , 54420	 , 1	 , 8	 , -0.01348, 
200	 , 54356	 , 2	 , 8	 , -0.10763, 
200	 , 53992	 , 0	 , 8	 , -0.01505, 
200	 , 53904	 , 2	 , 8	 , -0.01851, 
200	 , 53978	 , 1	 , 8	 , -0.00111, 
200	 , 54166	 , 1	 , 8	 , -0.00567, 
200	 , 54030	 , 0	 , 8	 , -7.3E-4, 
200	 , 54112	 , 0	 , 8	 , -0.00116, 
200	 , 54252	 , 1	 , 8	 , -1.4E-4, 
200	 , 54378	 , 3	 , 8	 , -0.02473, 
200	 , 54122	 , 1	 , 8	 , -1.7E-4, 
200	 , 54236	 , 1	 , 8	 , -4.0E-5, 
200	 , 54026	 , 0	 , 8	 , -0.00804, 
200	 , 54740	 , 4	 , 8	 , -1.0E-5, 
200	 , 56054	 , 3	 , 8	 , -8.6E-4, 
200	 , 54222	 , 3	 , 8	 , -0.02296, 
200	 , 54020	 , 2	 , 8	 , -1.4E-4, 
200	 , 54278	 , 1	 , 8	 , -5.0E-5, 
200	 , 54522	 , 2	 , 8	 , -0.00676, 
200	 , 53926	 , 0	 , 8	 , -0.00254, 
200	 , 54368	 , 0	 , 8	 , -1.0E-5, 
200	 , 54472	 , 0	 , 8	 , -2.3E-4, 
200	 , 54040	 , 0	 , 8	 , -6.6E-4, 
200	 , 54264	 , 0	 , 8	 , -5.9E-4, 
200	 , 54048	 , 0	 , 8	 , -1.0E-5, 
200	 , 54082	 , 0	 , 8	 , -0.00945, 
200	 , 54212	 , 2	 , 8	 , -3.0E-5, 
200	 , 54182	 , 1	 , 8	 , -7.0E-5, 
200	 , 54012	 , 1	 , 8	 , -0.00428, 
200	 , 54038	 , 3	 , 8	 , -0.00547, 
200	 , 54268	 , 0	 , 8	 , -0.00237, 
200	 , 54330	 , 0	 , 8	 , -7.0E-5, 
200	 , 54306	 , 1	 , 8	 , -5.5E-4, 
200	 , 54104	 , 0	 , 8	 , -2.3E-4, 
200	 , 54344	 , 2	 , 8	 , -0.00711, 
200	 , 54656	 , 0	 , 8	 , -0.00869, 
200	 , 55614	 , 0	 , 8	 , -6.0E-4, 
200	 , 54054	 , 1	 , 8	 , -7.8E-4, 
200	 , 54822	 , 1	 , 8	 , -2.0E-5, 
200	 , 54352	 , 0	 , 8	 , -6.6E-4, 
200	 , 54412	 , 0	 , 8	 , -0.00303, 
200	 , 54054	 , 3	 , 8	 , -0.00754, 
200	 , 54270	 , 0	 , 8	 , -8.5E-4, 
200	 , 54068	 , 1	 , 8	 , -0.00404, 
200	 , 54708	 , 0	 , 8	 , -6.0E-4, 
200	 , 54156	 , 1	 , 8	 , -8.5E-4, 
200	 , 54440	 , 2	 , 8	 , -0.06533, 
200	 , 54560	 , 1	 , 8	 , -0.0196, 
200	 , 54484	 , 0	 , 8	 , -0.06593, 
200	 , 54980	 , 1	 , 8	 , -0.04996, 
200	 , 54138	 , 2	 , 8	 , -9.2E-4, 
200	 , 53912	 , 2	 , 8	 , -0.0026, 
200	 , 53852	 , 1	 , 8	 , -0.00205, 
200	 , 54166	 , 2	 , 8	 , -0.00515, 
200	 , 54366	 , 1	 , 8	 , -0.00501, 
200	 , 54368	 , 1	 , 8	 , -0.01107, 
200	 , 54480	 , 0	 , 8	 , -5.0E-5, 
200	 , 54570	 , 1	 , 8	 , -9.0E-5, 
200	 , 53978	 , 1	 , 8	 , -0.00176, 
200	 , 54386	 , 2	 , 8	 , -2.0E-4, 
200	 , 54156	 , 1	 , 8	 , -1.0E-5, 
200	 , 54500	 , 3	 , 8	 , -9.0E-5, 
200	 , 54234	 , 2	 , 8	 , -0.01311, 
200	 , 54526	 , 1	 , 8	 , -0.04673, 
200	 , 55268	 , 3	 , 8	 , -1.5E-4, 
200	 , 54544	 , 1	 , 8	 , -1.3E-4, 
200	 , 54236	 , 1	 , 8	 , -0.00326, 
200	 , 53896	 , 2	 , 8	 , -0.00104, 
200	 , 53840	 , 0	 , 8	 , -1.0E-4, 
200	 , 54070	 , 0	 , 8	 , -1.0E-5, 
200	 , 55840	 , 5	 , 8	 , -4.0E-5, 
200	 , 54396	 , 2	 , 8	 , -0.00447, 
200	 , 54156	 , 0	 , 8	 , -3.0E-5, 
200	 , 55806	 , 4	 , 8	 , -0.00203, 
200	 , 54162	 , 0	 , 8	 , -4.0E-4, 
200	 , 54258	 , 2	 , 8	 , -0.00367, 
200	 , 54384	 , 1	 , 8	 , -4.4E-4, 
200	 , 54558	 , 0	 , 8	 , -0.01226, 
250	 , 57776	 , 0	 , 7	 , 0.0, 
250	 , 58412	 , 0	 , 7	 , -0.00213, 
250	 , 58430	 , 0	 , 7	 , -0.00403, 
250	 , 58370	 , 0	 , 7	 , -0.00625, 
250	 , 58276	 , 0	 , 7	 , -0.00372, 
250	 , 57994	 , 0	 , 7	 , -8.6E-4, 
250	 , 57864	 , 1	 , 7	 , -0.16896, 
250	 , 58492	 , 0	 , 7	 , -2.5E-4, 
250	 , 57956	 , 1	 , 7	 , -0.02425, 
250	 , 57942	 , 2	 , 7	 , -5.0E-5, 
250	 , 58238	 , 1	 , 7	 , -0.00363, 
250	 , 58106	 , 1	 , 7	 , 0.0, 
250	 , 57878	 , 1	 , 7	 , -0.00141, 
250	 , 58000	 , 2	 , 7	 , -3.0E-5, 
250	 , 58244	 , 1	 , 7	 , -1.0E-5, 
250	 , 58202	 , 0	 , 7	 , -5.0E-5, 
250	 , 58416	 , 0	 , 7	 , -4.0E-4, 
250	 , 58172	 , 1	 , 7	 , -5.0E-5, 
250	 , 58390	 , 0	 , 7	 , -0.00109, 
250	 , 57806	 , 2	 , 7	 , -0.01389, 
250	 , 58090	 , 0	 , 7	 , -3.6E-4, 
250	 , 58064	 , 0	 , 7	 , -4.0E-5, 
250	 , 58326	 , 0	 , 7	 , -0.00159, 
250	 , 57760	 , 1	 , 7	 , -2.6E-4, 
250	 , 58014	 , 2	 , 7	 , -5.7E-4, 
250	 , 57904	 , 1	 , 7	 , -0.00398, 
250	 , 58364	 , 0	 , 7	 , -2.2E-4, 
250	 , 58080	 , 0	 , 7	 , -0.00145, 
250	 , 57944	 , 0	 , 7	 , -0.00315, 
250	 , 58476	 , 3	 , 7	 , -0.00202, 
250	 , 58016	 , 2	 , 7	 , -0.01691, 
250	 , 58160	 , 2	 , 7	 , -0.00176, 
250	 , 58052	 , 0	 , 7	 , -0.00497, 
250	 , 59568	 , 3	 , 7	 , -1.0E-5, 
250	 , 58398	 , 1	 , 7	 , -5.9E-4, 
250	 , 58912	 , 4	 , 7	 , -3.0E-4, 
250	 , 58202	 , 2	 , 7	 , -6.0E-5, 
250	 , 58354	 , 3	 , 7	 , -0.00617, 
250	 , 58362	 , 0	 , 7	 , -1.0E-4, 
250	 , 57794	 , 1	 , 7	 , -1.0E-5, 
250	 , 58296	 , 0	 , 7	 , -0.00621, 
250	 , 58204	 , 0	 , 7	 , -9.0E-5, 
250	 , 58176	 , 1	 , 7	 , -0.00346, 
250	 , 57684	 , 1	 , 7	 , -8.0E-4, 
250	 , 59948	 , 3	 , 7	 , -0.00352, 
250	 , 58406	 , 0	 , 7	 , -1.2E-4, 
250	 , 58364	 , 2	 , 7	 , -0.00286, 
250	 , 58112	 , 1	 , 7	 , -4.7E-4, 
250	 , 58238	 , 0	 , 7	 , -0.00169, 
250	 , 57776	 , 0	 , 7	 , -0.00326, 
250	 , 57870	 , 0	 , 7	 , -0.0037, 
250	 , 58568	 , 0	 , 7	 , -0.00238, 
250	 , 58514	 , 0	 , 7	 , -0.00514, 
250	 , 58370	 , 1	 , 7	 , -1.6E-4, 
250	 , 58204	 , 3	 , 7	 , -0.00107, 
250	 , 57836	 , 0	 , 7	 , -0.00272, 
250	 , 57750	 , 1	 , 7	 , -0.00883, 
250	 , 58200	 , 1	 , 7	 , -6.0E-4, 
250	 , 57974	 , 0	 , 7	 , -0.01537, 
250	 , 58020	 , 2	 , 7	 , -0.05397, 
250	 , 58362	 , 2	 , 7	 , 0.0, 
250	 , 57986	 , 0	 , 7	 , 0.0, 
250	 , 57792	 , 0	 , 7	 , -0.00141, 
250	 , 57634	 , 1	 , 7	 , -1.0E-5, 
250	 , 58232	 , 0	 , 7	 , -0.02095, 
250	 , 58012	 , 0	 , 7	 , -0.00243, 
250	 , 58688	 , 5	 , 7	 , -0.0011, 
250	 , 58162	 , 0	 , 7	 , -1.0E-5, 
250	 , 58062	 , 1	 , 7	 , -0.00724, 
250	 , 58864	 , 0	 , 7	 , -7.7E-4, 
250	 , 58010	 , 0	 , 7	 , -0.00146, 
250	 , 57766	 , 2	 , 7	 , -0.00314, 
250	 , 57930	 , 1	 , 7	 , -0.00162, 
250	 , 58382	 , 2	 , 7	 , -5.0E-5, 
250	 , 58392	 , 2	 , 7	 , -0.01252, 
250	 , 58374	 , 1	 , 7	 , -0.13687, 
250	 , 58192	 , 2	 , 7	 , -0.00193, 
250	 , 58120	 , 3	 , 7	 , -0.00191, 
250	 , 58048	 , 0	 , 7	 , -3.0E-4, 
250	 , 57924	 , 0	 , 7	 , -0.00223, 
250	 , 57702	 , 3	 , 7	 , -0.00191, 
250	 , 57864	 , 0	 , 7	 , -5.3E-4, 
250	 , 57942	 , 1	 , 7	 , -6.0E-5, 
250	 , 58782	 , 0	 , 7	 , -2.5E-4, 
250	 , 58162	 , 1	 , 7	 , -0.00268, 
250	 , 58406	 , 2	 , 7	 , -1.3E-4, 
250	 , 57596	 , 1	 , 7	 , -9.1E-4, 
250	 , 57570	 , 0	 , 7	 , -7.0E-5, 
250	 , 58134	 , 2	 , 7	 , -0.00731, 
250	 , 58072	 , 0	 , 7	 , -0.00161, 
250	 , 59582	 , 0	 , 7	 , -0.00237, 
250	 , 57722	 , 1	 , 7	 , -0.00442, 
250	 , 58156	 , 4	 , 7	 , -0.05267, 
250	 , 58436	 , 2	 , 7	 , 0.0, 
250	 , 58080	 , 0	 , 7	 , -6.0E-5, 
250	 , 58040	 , 2	 , 7	 , -2.9E-4, 
250	 , 58096	 , 0	 , 7	 , -1.9E-4, 
250	 , 57986	 , 2	 , 7	 , -0.00275, 
250	 , 57968	 , 1	 , 7	 , -0.01131, 
250	 , 58040	 , 0	 , 7	 , -1.2E-4, 
250	 , 57976	 , 2	 , 7	 , -0.0069, 
250	 , 59354	 , 0	 , 7	 , -0.00116, 
250	 , 58088	 , 0	 , 7	 , -6.6E-4, 
250	 , 58274	 , 0	 , 7	 , -3.5E-4, 
250	 , 58166	 , 0	 , 7	 , -0.04003, 
250	 , 58436	 , 3	 , 7	 , -0.01086, 
250	 , 58450	 , 1	 , 7	 , -2.6E-4, 
250	 , 58324	 , 2	 , 7	 , -3.2E-4, 
250	 , 59542	 , 4	 , 7	 , -7.0E-5, 
250	 , 57938	 , 1	 , 7	 , -6.9E-4, 
250	 , 58158	 , 1	 , 7	 , -0.00743, 
250	 , 58098	 , 0	 , 7	 , -6.7E-4, 
250	 , 58820	 , 4	 , 7	 , -0.00161, 
250	 , 57956	 , 3	 , 7	 , -0.16215, 
250	 , 58050	 , 2	 , 7	 , -0.0012, 
250	 , 58090	 , 2	 , 7	 , -0.00598, 
250	 , 58152	 , 0	 , 7	 , -8.0E-4, 
250	 , 58378	 , 0	 , 7	 , -9.0E-5, 
250	 , 57658	 , 0	 , 7	 , -0.00261, 
250	 , 57482	 , 2	 , 7	 , -0.00614, 
250	 , 58138	 , 0	 , 7	 , -0.00367, 
250	 , 58424	 , 0	 , 7	 , -0.00593, 
250	 , 58384	 , 3	 , 7	 , 0.0, 
250	 , 58462	 , 0	 , 7	 , -2.9E-4, 
250	 , 58322	 , 0	 , 7	 , -0.00129, 
250	 , 58678	 , 0	 , 7	 , -0.02451, 
250	 , 57710	 , 1	 , 7	 , -0.00654, 
250	 , 57938	 , 1	 , 7	 , -0.00124, 
250	 , 58174	 , 0	 , 7	 , -0.00823, 
250	 , 57982	 , 0	 , 7	 , -0.00363, 
250	 , 58014	 , 1	 , 7	 , -3.9E-4, 
250	 , 58006	 , 0	 , 7	 , -7.0E-5, 
250	 , 58002	 , 2	 , 7	 , -0.00382, 
250	 , 58562	 , 1	 , 7	 , -5.1E-4, 
250	 , 58350	 , 0	 , 7	 , -6.0E-5, 
250	 , 58164	 , 0	 , 7	 , -0.01521, 
250	 , 57912	 , 0	 , 7	 , -0.00852, 
250	 , 58068	 , 0	 , 7	 , -1.0E-4, 
250	 , 57962	 , 1	 , 7	 , -0.00104, 
250	 , 57812	 , 1	 , 7	 , -0.00144, 
250	 , 57960	 , 1	 , 7	 , -0.00146, 
250	 , 57942	 , 3	 , 7	 , -0.00109, 
250	 , 58386	 , 2	 , 7	 , -0.00117, 
250	 , 58254	 , 1	 , 7	 , -2.0E-5, 
250	 , 58364	 , 0	 , 7	 , -0.00651, 
250	 , 58094	 , 2	 , 7	 , -8.5E-4, 
250	 , 57708	 , 2	 , 7	 , -0.00647, 
250	 , 58166	 , 0	 , 7	 , -0.00156, 
250	 , 58428	 , 1	 , 7	 , -0.00305, 
250	 , 58344	 , 1	 , 7	 , -2.8E-4, 
250	 , 57644	 , 1	 , 7	 , -4.0E-5, 
250	 , 58042	 , 0	 , 7	 , -1.0E-5, 
250	 , 57846	 , 0	 , 7	 , -0.00304, 
250	 , 57988	 , 0	 , 7	 , -2.3E-4, 
250	 , 57916	 , 2	 , 7	 , -0.00578, 
250	 , 57982	 , 0	 , 7	 , -0.03248, 
250	 , 57886	 , 2	 , 7	 , -0.00385, 
250	 , 57946	 , 0	 , 7	 , -1.6E-4, 
250	 , 57536	 , 1	 , 7	 , -2.1E-4, 
250	 , 58474	 , 1	 , 7	 , -8.0E-5, 
250	 , 57810	 , 1	 , 7	 , -0.03343, 
250	 , 58372	 , 1	 , 7	 , -0.00284, 
250	 , 57874	 , 0	 , 7	 , -0.00115, 
250	 , 58350	 , 1	 , 7	 , -1.8E-4, 
250	 , 58038	 , 3	 , 7	 , -0.00652, 
250	 , 57528	 , 0	 , 7	 , -0.00338, 
250	 , 58312	 , 1	 , 7	 , -0.00315, 
250	 , 58766	 , 0	 , 7	 , -0.00228, 
250	 , 58076	 , 2	 , 7	 , -8.0E-4, 
250	 , 57994	 , 1	 , 7	 , -2.4E-4, 
250	 , 57828	 , 2	 , 7	 , -3.0E-5, 
250	 , 57878	 , 1	 , 7	 , -2.0E-5, 
250	 , 57628	 , 1	 , 7	 , -0.02511, 
250	 , 58442	 , 0	 , 7	 , -0.00802, 
250	 , 58000	 , 0	 , 7	 , -0.00152, 
250	 , 59132	 , 0	 , 7	 , -3.0E-5, 
250	 , 57618	 , 2	 , 7	 , -0.03654, 
250	 , 57896	 , 0	 , 7	 , -0.00514, 
250	 , 57760	 , 0	 , 7	 , -1.0E-5, 
250	 , 58254	 , 0	 , 7	 , -8.1E-4, 
250	 , 58668	 , 0	 , 7	 , -0.01524, 
250	 , 57790	 , 1	 , 7	 , -5.1E-4, 
250	 , 58414	 , 2	 , 7	 , -0.00273, 
250	 , 58096	 , 2	 , 7	 , -2.2E-4, 
250	 , 58146	 , 1	 , 7	 , -0.00211, 
250	 , 58884	 , 2	 , 7	 , -0.02804, 
250	 , 57816	 , 0	 , 7	 , -0.00506, 
250	 , 58138	 , 0	 , 7	 , -7.0E-5, 
250	 , 58650	 , 4	 , 7	 , -0.00342, 
250	 , 58374	 , 0	 , 7	 , -2.0E-5, 
250	 , 58194	 , 0	 , 7	 , -0.00203, 
250	 , 57950	 , 2	 , 7	 , -0.06226, 
250	 , 57804	 , 0	 , 7	 , -6.0E-5, 
250	 , 58250	 , 0	 , 7	 , -0.00419, 
250	 , 57814	 , 0	 , 7	 , -0.02034, 
250	 , 57680	 , 0	 , 7	 , -0.03767, 
250	 , 57996	 , 0	 , 7	 , -0.0015, 
250	 , 58368	 , 1	 , 7	 , -0.01716, 
250	 , 58450	 , 0	 , 7	 , -3.5E-4, 
250	 , 58456	 , 0	 , 7	 , -4.0E-5, 
250	 , 57800	 , 0	 , 7	 , -2.9E-4, 
250	 , 58586	 , 0	 , 7	 , -0.00107, 
250	 , 58112	 , 2	 , 7	 , -0.00615, 
250	 , 57842	 , 0	 , 7	 , -0.00485, 
250	 , 58764	 , 3	 , 7	 , -0.00816, 
250	 , 58046	 , 1	 , 7	 , -0.00314, 
250	 , 57902	 , 0	 , 7	 , -0.01311, 
250	 , 58042	 , 2	 , 7	 , -0.00306, 
250	 , 58282	 , 1	 , 7	 , -4.0E-5, 
250	 , 58576	 , 0	 , 7	 , -1.6E-4, 
250	 , 57620	 , 2	 , 7	 , -0.00328, 
250	 , 57694	 , 0	 , 7	 , -0.00158, 
250	 , 57650	 , 1	 , 7	 , 0.0, 
250	 , 57658	 , 2	 , 7	 , -0.00124, 
250	 , 58016	 , 0	 , 7	 , -1.2E-4, 
250	 , 58194	 , 0	 , 7	 , -8.2E-4, 
250	 , 58584	 , 1	 , 7	 , -0.00318, 
250	 , 58688	 , 1	 , 7	 , -2.4E-4, 
250	 , 57992	 , 0	 , 7	 , -0.0035, 
250	 , 57904	 , 0	 , 7	 , -8.0E-5, 
250	 , 58066	 , 1	 , 7	 , -0.0072, 
250	 , 57992	 , 0	 , 7	 , -3.7E-4, 
250	 , 58320	 , 0	 , 7	 , -2.0E-5, 
250	 , 58412	 , 1	 , 7	 , -0.00101, 
250	 , 58100	 , 1	 , 7	 , -2.0E-5, 
250	 , 58556	 , 3	 , 7	 , -0.00547, 
250	 , 58544	 , 0	 , 7	 , -1.0E-5, 
250	 , 57498	 , 2	 , 7	 , -4.0E-5, 
250	 , 58164	 , 0	 , 7	 , -0.00406, 
250	 , 58236	 , 1	 , 7	 , -0.02425, 
250	 , 57836	 , 1	 , 7	 , -3.9E-4, 
250	 , 58324	 , 3	 , 7	 , -4.0E-5, 
250	 , 58552	 , 0	 , 7	 , -4.2E-4, 
250	 , 57600	 , 2	 , 7	 , -0.00144, 
250	 , 58054	 , 1	 , 7	 , -4.8E-4, 
250	 , 58520	 , 0	 , 7	 , -1.3E-4, 
250	 , 58268	 , 0	 , 7	 , -0.0017, 
250	 , 58110	 , 2	 , 7	 , -0.002, 
250	 , 57614	 , 0	 , 7	 , -0.01374, 
250	 , 58210	 , 1	 , 7	 , -0.00209, 
250	 , 58234	 , 2	 , 7	 , -0.0084, 
250	 , 58244	 , 2	 , 7	 , -0.00115, 
250	 , 58314	 , 1	 , 7	 , -0.00264, 
250	 , 57894	 , 3	 , 7	 , -0.00416, 
250	 , 57834	 , 2	 , 7	 , -0.01235, 
250	 , 58202	 , 1	 , 7	 , -0.0554, 
250	 , 58272	 , 1	 , 7	 , -9.5E-4, 
250	 , 57836	 , 2	 , 7	 , -5.0E-5, 
250	 , 57932	 , 3	 , 7	 , -3.9E-4, 
250	 , 58002	 , 2	 , 7	 , -0.01254, 
300	 , 58032	 , 0	 , 6	 , -5.8E-4, 
300	 , 58096	 , 1	 , 6	 , -8.2E-4, 
300	 , 58248	 , 1	 , 6	 , -0.01057, 
300	 , 58320	 , 0	 , 6	 , -3.4E-4, 
300	 , 58046	 , 1	 , 6	 , -8.3E-4, 
300	 , 58120	 , 2	 , 6	 , -5.1E-4, 
300	 , 58172	 , 0	 , 6	 , -4.0E-5, 
300	 , 57822	 , 0	 , 6	 , -1.0E-5, 
300	 , 57942	 , 0	 , 6	 , -1.1E-4, 
300	 , 57904	 , 0	 , 6	 , -1.4E-4, 
300	 , 57868	 , 0	 , 6	 , -4.2E-4, 
300	 , 57986	 , 0	 , 6	 , -9.0E-5, 
300	 , 58266	 , 0	 , 6	 , -0.0057, 
300	 , 58314	 , 1	 , 6	 , -0.00601, 
300	 , 58138	 , 0	 , 6	 , -4.1E-4, 
300	 , 57630	 , 2	 , 6	 , -5.0E-4, 
300	 , 58086	 , 1	 , 6	 , -0.00303, 
300	 , 59598	 , 0	 , 6	 , -0.01747, 
300	 , 58486	 , 1	 , 6	 , -2.6E-4, 
300	 , 57938	 , 1	 , 6	 , -0.01594, 
300	 , 57978	 , 0	 , 6	 , -0.04162, 
300	 , 57994	 , 0	 , 6	 , -2.9E-4, 
300	 , 58290	 , 0	 , 6	 , -2.0E-4, 
300	 , 58182	 , 0	 , 6	 , -0.00753, 
300	 , 58360	 , 0	 , 6	 , -3.0E-5, 
300	 , 57996	 , 0	 , 6	 , -7.8E-4, 
300	 , 58274	 , 0	 , 6	 , -6.7E-4, 
300	 , 58330	 , 0	 , 6	 , -7.0E-5, 
300	 , 58136	 , 0	 , 6	 , -0.00328, 
300	 , 57992	 , 0	 , 6	 , -0.09293, 
300	 , 58070	 , 0	 , 6	 , -3.0E-5, 
300	 , 58166	 , 1	 , 6	 , -1.6E-4, 
300	 , 57734	 , 1	 , 6	 , -0.00498, 
300	 , 57796	 , 0	 , 6	 , -0.00161, 
300	 , 58018	 , 2	 , 6	 , -0.01186, 
300	 , 58220	 , 1	 , 6	 , -0.00424, 
300	 , 58188	 , 2	 , 6	 , -6.0E-5, 
300	 , 58066	 , 2	 , 6	 , -2.0E-5, 
300	 , 57854	 , 1	 , 6	 , -4.3E-4, 
300	 , 58052	 , 0	 , 6	 , -2.6E-4, 
300	 , 58420	 , 1	 , 6	 , -6.8E-4, 
300	 , 57826	 , 0	 , 6	 , -0.00237, 
300	 , 58330	 , 2	 , 6	 , -0.00274, 
300	 , 58102	 , 1	 , 6	 , -2.0E-5, 
300	 , 58098	 , 2	 , 6	 , -0.00288, 
300	 , 58356	 , 0	 , 6	 , -0.00107, 
300	 , 58432	 , 0	 , 6	 , -3.0E-5, 
300	 , 58234	 , 1	 , 6	 , -0.01527, 
300	 , 58276	 , 0	 , 6	 , -0.00101, 
300	 , 58224	 , 2	 , 6	 , -6.9E-4, 
300	 , 58214	 , 0	 , 6	 , -1.6E-4, 
300	 , 58484	 , 0	 , 6	 , -1.6E-4, 
300	 , 57794	 , 1	 , 6	 , -5.0E-5, 
300	 , 58022	 , 2	 , 6	 , -0.00671, 
300	 , 58004	 , 2	 , 6	 , -0.00343, 
300	 , 58404	 , 1	 , 6	 , -1.0E-5, 
300	 , 58202	 , 1	 , 6	 , -0.00718, 
300	 , 58370	 , 1	 , 6	 , -0.00421, 
300	 , 58426	 , 1	 , 6	 , -5.9E-4, 
300	 , 57642	 , 0	 , 6	 , -0.01712, 
300	 , 57984	 , 1	 , 6	 , -0.00109, 
300	 , 58210	 , 1	 , 6	 , -0.00406, 
300	 , 58368	 , 0	 , 6	 , -0.00271, 
300	 , 58792	 , 0	 , 6	 , -1.0E-5, 
300	 , 57894	 , 1	 , 6	 , -1.9E-4, 
300	 , 58050	 , 0	 , 6	 , -2.5E-4, 
300	 , 57622	 , 0	 , 6	 , -3.0E-5, 
300	 , 57796	 , 0	 , 6	 , -0.00348, 
300	 , 58320	 , 0	 , 6	 , -0.0011, 
300	 , 57924	 , 0	 , 6	 , -1.0E-5, 
300	 , 57532	 , 0	 , 6	 , -0.01033, 
300	 , 58320	 , 1	 , 6	 , -1.2E-4, 
300	 , 58174	 , 1	 , 6	 , -1.4E-4, 
300	 , 57704	 , 2	 , 6	 , 0.0, 
300	 , 58184	 , 0	 , 6	 , -0.00113, 
300	 , 57986	 , 0	 , 6	 , -0.0017, 
300	 , 57638	 , 1	 , 6	 , -0.02427, 
300	 , 57922	 , 0	 , 6	 , -8.6E-4, 
300	 , 57874	 , 1	 , 6	 , -0.00143, 
300	 , 58022	 , 0	 , 6	 , -0.00318, 
300	 , 58426	 , 1	 , 6	 , -0.00533, 
300	 , 57836	 , 0	 , 6	 , -2.9E-4, 
300	 , 58096	 , 1	 , 6	 , -2.0E-5, 
300	 , 58058	 , 0	 , 6	 , -0.05855, 
300	 , 59502	 , 2	 , 6	 , 0.0, 
300	 , 58158	 , 0	 , 6	 , -7.8E-4, 
300	 , 58222	 , 1	 , 6	 , -1.0E-5, 
300	 , 57762	 , 0	 , 6	 , -3.5E-4, 
300	 , 58006	 , 1	 , 6	 , -0.00533, 
300	 , 58318	 , 2	 , 6	 , -2.9E-4, 
300	 , 57582	 , 1	 , 6	 , -0.00479, 
300	 , 57840	 , 1	 , 6	 , -3.3E-4, 
300	 , 58200	 , 0	 , 6	 , -2.0E-4, 
300	 , 58224	 , 0	 , 6	 , -5.5E-4, 
300	 , 58178	 , 1	 , 6	 , -3.1E-4, 
300	 , 57740	 , 2	 , 6	 , -0.00125, 
300	 , 57728	 , 2	 , 6	 , -0.00659, 
300	 , 58208	 , 0	 , 6	 , -4.6E-4, 
300	 , 58338	 , 0	 , 6	 , -0.00368, 
300	 , 58092	 , 0	 , 6	 , -0.03409, 
300	 , 57700	 , 0	 , 6	 , -0.01222, 
300	 , 57778	 , 0	 , 6	 , -0.00168, 
300	 , 58328	 , 1	 , 6	 , -2.4E-4, 
300	 , 57912	 , 2	 , 6	 , -0.00183, 
300	 , 58432	 , 0	 , 6	 , -0.03526, 
300	 , 58446	 , 0	 , 6	 , -0.00962, 
300	 , 57746	 , 2	 , 6	 , -7.0E-5, 
300	 , 58174	 , 1	 , 6	 , 0.0, 
300	 , 58326	 , 0	 , 6	 , -0.00249, 
300	 , 58568	 , 0	 , 6	 , -0.07293, 
300	 , 58254	 , 2	 , 6	 , -2.2E-4, 
300	 , 58036	 , 0	 , 6	 , -0.00743, 
300	 , 57620	 , 1	 , 6	 , -0.00118, 
300	 , 58494	 , 1	 , 6	 , -0.02918, 
300	 , 58452	 , 2	 , 6	 , -0.00163, 
300	 , 58088	 , 0	 , 6	 , -1.8E-4, 
300	 , 57996	 , 0	 , 6	 , -0.00386, 
300	 , 58078	 , 0	 , 6	 , -2.6E-4, 
300	 , 57926	 , 0	 , 6	 , -0.00585, 
300	 , 58196	 , 0	 , 6	 , -5.4E-4, 
300	 , 58124	 , 1	 , 6	 , 0.0, 
300	 , 58394	 , 1	 , 6	 , -0.00194, 
300	 , 58286	 , 2	 , 6	 , -0.00604, 
300	 , 58382	 , 0	 , 6	 , -0.01431, 
300	 , 57902	 , 2	 , 6	 , -0.00561, 
300	 , 58108	 , 1	 , 6	 , -0.00223, 
300	 , 58230	 , 0	 , 6	 , -0.03177, 
300	 , 58064	 , 0	 , 6	 , -0.01631, 
300	 , 58274	 , 1	 , 6	 , -2.8E-4, 
300	 , 58266	 , 0	 , 6	 , -0.04323, 
300	 , 59042	 , 2	 , 6	 , -0.0014, 
300	 , 58140	 , 1	 , 6	 , -1.0E-4, 
300	 , 58220	 , 0	 , 6	 , -0.00706, 
300	 , 58136	 , 0	 , 6	 , -4.0E-5, 
300	 , 58066	 , 2	 , 6	 , -0.0026, 
300	 , 57932	 , 0	 , 6	 , -9.0E-5, 
300	 , 57700	 , 1	 , 6	 , -0.00271, 
300	 , 58268	 , 0	 , 6	 , -0.00458, 
300	 , 58116	 , 0	 , 6	 , -0.00416, 
300	 , 58368	 , 0	 , 6	 , -9.3E-4, 
300	 , 57868	 , 0	 , 6	 , -0.01404, 
300	 , 58296	 , 1	 , 6	 , 0.0, 
300	 , 58192	 , 1	 , 6	 , -0.00363, 
300	 , 58034	 , 1	 , 6	 , -2.4E-4, 
300	 , 58118	 , 1	 , 6	 , -0.0106, 
300	 , 58618	 , 0	 , 6	 , -1.2E-4, 
300	 , 58018	 , 0	 , 6	 , -8.0E-5, 
300	 , 58252	 , 0	 , 6	 , -3.0E-5, 
300	 , 58018	 , 0	 , 6	 , -7.5E-4, 
300	 , 58366	 , 0	 , 6	 , -0.03154, 
300	 , 58228	 , 0	 , 6	 , -0.01085, 
300	 , 58294	 , 1	 , 6	 , -3.5E-4, 
300	 , 58082	 , 1	 , 6	 , -0.26838, 
300	 , 58064	 , 2	 , 6	 , -0.03099, 
300	 , 57810	 , 0	 , 6	 , -2.0E-5, 
300	 , 58102	 , 1	 , 6	 , -0.0011, 
300	 , 57940	 , 1	 , 6	 , -0.00235, 
300	 , 58178	 , 1	 , 6	 , -0.00593, 
300	 , 58362	 , 1	 , 6	 , -0.00214, 
300	 , 58066	 , 1	 , 6	 , -0.013, 
300	 , 58172	 , 0	 , 6	 , -0.00245, 
300	 , 57844	 , 1	 , 6	 , -0.003, 
300	 , 57910	 , 2	 , 6	 , -0.00758, 
300	 , 58256	 , 0	 , 6	 , -8.8E-4, 
300	 , 58012	 , 1	 , 6	 , -4.0E-4, 
300	 , 58148	 , 1	 , 6	 , -2.7E-4, 
300	 , 58512	 , 1	 , 6	 , -1.0E-4, 
300	 , 58198	 , 1	 , 6	 , -1.0E-5, 
300	 , 57876	 , 0	 , 6	 , 0.0, 
300	 , 58266	 , 0	 , 6	 , -0.00291, 
300	 , 58092	 , 1	 , 6	 , -2.0E-5, 
300	 , 58270	 , 2	 , 6	 , -0.03169, 
300	 , 57586	 , 0	 , 6	 , 0.0, 
300	 , 58014	 , 1	 , 6	 , -3.0E-4, 
300	 , 58444	 , 1	 , 6	 , -4.0E-5, 
300	 , 58318	 , 0	 , 6	 , -0.00175, 
300	 , 58216	 , 2	 , 6	 , -0.00379, 
300	 , 57944	 , 0	 , 6	 , -0.01118, 
300	 , 57888	 , 1	 , 6	 , -0.02526, 
300	 , 57928	 , 0	 , 6	 , -1.0E-5, 
300	 , 58108	 , 1	 , 6	 , -5.4E-4, 
300	 , 58086	 , 0	 , 6	 , -3.0E-5, 
300	 , 58098	 , 2	 , 6	 , -1.0E-5, 
300	 , 57738	 , 0	 , 6	 , -1.2E-4, 
300	 , 58204	 , 0	 , 6	 , -4.6E-4, 
300	 , 58108	 , 1	 , 6	 , -0.00105, 
300	 , 57834	 , 0	 , 6	 , -0.11765, 
300	 , 58046	 , 0	 , 6	 , -1.7E-4, 
300	 , 58176	 , 0	 , 6	 , -1.0E-5, 
300	 , 57922	 , 0	 , 6	 , -0.00357, 
300	 , 58030	 , 0	 , 6	 , -2.7E-4, 
300	 , 57284	 , 0	 , 6	 , -0.04074, 
300	 , 58074	 , 3	 , 6	 , -0.00408, 
300	 , 58044	 , 1	 , 6	 , -1.0E-5, 
300	 , 58188	 , 1	 , 6	 , -9.0E-5, 
300	 , 57878	 , 0	 , 6	 , -0.01712, 
300	 , 58306	 , 0	 , 6	 , -0.02152, 
300	 , 57640	 , 0	 , 6	 , -0.00375, 
300	 , 58130	 , 0	 , 6	 , -5.3E-4, 
300	 , 57976	 , 0	 , 6	 , -0.00904, 
300	 , 58132	 , 1	 , 6	 , -6.8E-4, 
300	 , 58060	 , 1	 , 6	 , -0.00173, 
300	 , 58258	 , 0	 , 6	 , -0.03297, 
300	 , 58322	 , 1	 , 6	 , -5.0E-5, 
300	 , 58564	 , 0	 , 6	 , -0.00238, 
300	 , 58242	 , 1	 , 6	 , -1.0E-5, 
300	 , 58282	 , 0	 , 6	 , -3.6E-4, 
300	 , 58092	 , 0	 , 6	 , -0.04903, 
300	 , 57660	 , 0	 , 6	 , -0.00727, 
300	 , 57760	 , 0	 , 6	 , -0.00125, 
300	 , 57752	 , 0	 , 6	 , -4.2E-4, 
300	 , 57650	 , 0	 , 6	 , -3.3E-4, 
300	 , 58176	 , 0	 , 6	 , -0.01162, 
300	 , 58066	 , 0	 , 6	 , -8.0E-5, 
300	 , 58458	 , 2	 , 6	 , 0.0, 
300	 , 58064	 , 1	 , 6	 , -0.00135, 
300	 , 57570	 , 1	 , 6	 , -1.0E-5, 
300	 , 57728	 , 0	 , 6	 , -0.01178, 
300	 , 58098	 , 0	 , 6	 , -1.0E-4, 
300	 , 58410	 , 3	 , 6	 , -0.19028, 
300	 , 58004	 , 1	 , 6	 , -3.2E-4, 
300	 , 58134	 , 2	 , 6	 , -2.0E-4, 
300	 , 58282	 , 2	 , 6	 , -0.08403, 
300	 , 58094	 , 0	 , 6	 , -0.00976, 
300	 , 58134	 , 0	 , 6	 , -2.6E-4, 
300	 , 58356	 , 0	 , 6	 , -3.0E-5, 
300	 , 59460	 , 0	 , 6	 , -5.5E-4, 
300	 , 58454	 , 1	 , 6	 , -2.0E-5, 
300	 , 58268	 , 0	 , 6	 , -0.01176, 
300	 , 57738	 , 0	 , 6	 , -0.00109, 
300	 , 57762	 , 1	 , 6	 , -1.9E-4, 
300	 , 57906	 , 1	 , 6	 , -5.6E-4, 
300	 , 57876	 , 0	 , 6	 , -0.03495, 
300	 , 57750	 , 1	 , 6	 , -0.00619, 
300	 , 57758	 , 0	 , 6	 , -0.02451, 
300	 , 57636	 , 0	 , 6	 , -0.0015, 
300	 , 58298	 , 0	 , 6	 , -5.0E-5, 
300	 , 58300	 , 0	 , 6	 , -2.0E-4, 
300	 , 58076	 , 0	 , 6	 , -0.00212, 
300	 , 58168	 , 1	 , 6	 , -0.00136, 
300	 , 57958	 , 1	 , 6	 , -0.00569, 
300	 , 58026	 , 2	 , 6	 , -2.0E-5, 
300	 , 58314	 , 1	 , 6	 , -0.01875, 
300	 , 57552	 , 1	 , 6	 , -0.0021, 
300	 , 58152	 , 1	 , 6	 , -1.7E-4, 
300	 , 58194	 , 0	 , 6	 , -0.0482, 
300	 , 57868	 , 1	 , 6	 , -6.2E-4, 
300	 , 58010	 , 0	 , 6	 , -0.0028, 
300	 , 57948	 , 1	 , 6	 , -1.0E-5, 
300	 , 57844	 , 1	 , 6	 , -1.4E-4, 
350	 , 53614	 , 1	 , 5	 , -0.00367, 
350	 , 53684	 , 1	 , 5	 , -0.00216, 
350	 , 54262	 , 1	 , 5	 , -0.00524, 
350	 , 53914	 , 0	 , 5	 , -0.00125, 
350	 , 54344	 , 1	 , 5	 , -1.5E-4, 
350	 , 54240	 , 0	 , 5	 , -0.03469, 
350	 , 54344	 , 0	 , 5	 , -0.00277, 
350	 , 54256	 , 0	 , 5	 , -0.0014, 
350	 , 54276	 , 0	 , 5	 , -0.01357, 
350	 , 54122	 , 0	 , 5	 , -8.0E-5, 
350	 , 54058	 , 0	 , 5	 , -0.01334, 
350	 , 54390	 , 0	 , 5	 , -2.9E-4, 
350	 , 54248	 , 0	 , 5	 , -0.00241, 
350	 , 54274	 , 0	 , 5	 , -0.0064, 
350	 , 53902	 , 0	 , 5	 , -0.00461, 
350	 , 53654	 , 1	 , 5	 , -0.00887, 
350	 , 55060	 , 0	 , 5	 , -5.5E-4, 
350	 , 54042	 , 0	 , 5	 , -0.01878, 
350	 , 54178	 , 0	 , 5	 , -0.01748, 
350	 , 54136	 , 0	 , 5	 , -0.00334, 
350	 , 53740	 , 1	 , 5	 , -0.00854, 
350	 , 54362	 , 0	 , 5	 , -0.00245, 
350	 , 54378	 , 0	 , 5	 , 0.0, 
350	 , 54274	 , 0	 , 5	 , -0.00343, 
350	 , 54228	 , 1	 , 5	 , -0.0053, 
350	 , 54162	 , 1	 , 5	 , -0.00101, 
350	 , 54398	 , 0	 , 5	 , -0.00835, 
350	 , 54116	 , 0	 , 5	 , -0.00667, 
350	 , 54344	 , 1	 , 5	 , -0.00624, 
350	 , 53926	 , 1	 , 5	 , -0.00131, 
350	 , 54304	 , 0	 , 5	 , -0.00915, 
350	 , 54060	 , 0	 , 5	 , -5.3E-4, 
350	 , 54230	 , 2	 , 5	 , -0.0375, 
350	 , 54112	 , 0	 , 5	 , -0.0228, 
350	 , 54320	 , 0	 , 5	 , -9.4E-4, 
350	 , 54330	 , 1	 , 5	 , -0.00569, 
350	 , 54054	 , 0	 , 5	 , -7.0E-5, 
350	 , 54236	 , 0	 , 5	 , -2.7E-4, 
350	 , 54226	 , 0	 , 5	 , -0.01131, 
350	 , 53582	 , 0	 , 5	 , -0.00767, 
350	 , 54098	 , 1	 , 5	 , -0.00765, 
350	 , 54198	 , 0	 , 5	 , -0.03185, 
350	 , 53980	 , 0	 , 5	 , -0.01995, 
350	 , 54110	 , 0	 , 5	 , -4.0E-5, 
350	 , 54038	 , 1	 , 5	 , -0.00804, 
350	 , 54184	 , 0	 , 5	 , -1.4E-4, 
350	 , 54278	 , 0	 , 5	 , -0.00152, 
350	 , 54260	 , 1	 , 5	 , -1.5E-4, 
350	 , 54170	 , 1	 , 5	 , -0.02051, 
350	 , 53412	 , 0	 , 5	 , -0.01075, 
350	 , 54300	 , 0	 , 5	 , -2.0E-5, 
350	 , 54146	 , 0	 , 5	 , -0.00305, 
350	 , 54102	 , 1	 , 5	 , -3.1E-4, 
350	 , 54068	 , 0	 , 5	 , -1.1E-4, 
350	 , 53840	 , 1	 , 5	 , -0.01102, 
350	 , 54288	 , 0	 , 5	 , -9.4E-4, 
350	 , 54286	 , 1	 , 5	 , -0.00449, 
350	 , 53912	 , 0	 , 5	 , -2.6E-4, 
350	 , 54210	 , 1	 , 5	 , -0.00875, 
350	 , 54112	 , 0	 , 5	 , -0.00137, 
350	 , 54142	 , 1	 , 5	 , -0.00192, 
350	 , 54206	 , 0	 , 5	 , -0.0437, 
350	 , 54028	 , 1	 , 5	 , -0.01059, 
350	 , 53980	 , 0	 , 5	 , -7.2E-4, 
350	 , 54166	 , 1	 , 5	 , -1.2E-4, 
350	 , 54020	 , 0	 , 5	 , -0.0384, 
350	 , 54060	 , 1	 , 5	 , -3.4E-4, 
350	 , 54240	 , 0	 , 5	 , -0.04375, 
350	 , 54304	 , 0	 , 5	 , -3.0E-5, 
350	 , 53928	 , 0	 , 5	 , -1.0E-4, 
350	 , 54140	 , 0	 , 5	 , -1.4E-4, 
350	 , 54184	 , 0	 , 5	 , -0.04032, 
350	 , 54260	 , 0	 , 5	 , -0.0018, 
350	 , 54232	 , 0	 , 5	 , -2.6E-4, 
350	 , 54242	 , 0	 , 5	 , -0.00123, 
350	 , 54308	 , 0	 , 5	 , -3.7E-4, 
350	 , 54180	 , 0	 , 5	 , -1.8E-4, 
350	 , 54014	 , 0	 , 5	 , -1.4E-4, 
350	 , 54188	 , 0	 , 5	 , -0.00306, 
350	 , 54244	 , 0	 , 5	 , -0.05972, 
350	 , 53996	 , 0	 , 5	 , -8.0E-5, 
350	 , 54166	 , 0	 , 5	 , -0.03811, 
350	 , 54386	 , 0	 , 5	 , -0.00159, 
350	 , 53838	 , 2	 , 5	 , -1.0E-5, 
350	 , 54254	 , 0	 , 5	 , -4.0E-5, 
350	 , 53624	 , 0	 , 5	 , -4.1E-4, 
350	 , 54160	 , 1	 , 5	 , -0.00141, 
350	 , 54258	 , 2	 , 5	 , -0.00133, 
350	 , 54228	 , 1	 , 5	 , -2.9E-4, 
350	 , 54312	 , 0	 , 5	 , -2.8E-4, 
350	 , 54182	 , 1	 , 5	 , -5.2E-4, 
350	 , 54204	 , 0	 , 5	 , -0.0067, 
350	 , 54234	 , 1	 , 5	 , -0.00306, 
350	 , 54198	 , 0	 , 5	 , -1.0E-4, 
350	 , 53928	 , 1	 , 5	 , -1.0E-5, 
350	 , 54138	 , 0	 , 5	 , -0.00456, 
350	 , 53724	 , 0	 , 5	 , -3.7E-4, 
350	 , 54258	 , 1	 , 5	 , -0.00109, 
350	 , 54182	 , 0	 , 5	 , -8.0E-5, 
350	 , 54204	 , 0	 , 5	 , -2.3E-4, 
350	 , 54094	 , 3	 , 5	 , -0.00176, 
350	 , 53848	 , 0	 , 5	 , -0.03348, 
350	 , 54082	 , 0	 , 5	 , -6.5E-4, 
350	 , 54100	 , 1	 , 5	 , -7.0E-5, 
350	 , 54320	 , 0	 , 5	 , -9.5E-4, 
350	 , 54176	 , 1	 , 5	 , -0.00578, 
350	 , 54130	 , 0	 , 5	 , -0.00164, 
350	 , 54086	 , 2	 , 5	 , -0.00214, 
350	 , 54004	 , 0	 , 5	 , -0.00386, 
350	 , 54142	 , 0	 , 5	 , -4.0E-5, 
350	 , 54118	 , 0	 , 5	 , -0.01109, 
350	 , 54194	 , 0	 , 5	 , -0.00288, 
350	 , 54026	 , 1	 , 5	 , -0.00146, 
350	 , 54126	 , 1	 , 5	 , -0.00253, 
350	 , 54218	 , 0	 , 5	 , 0.0, 
350	 , 54192	 , 0	 , 5	 , -0.02584, 
350	 , 54132	 , 0	 , 5	 , -1.0E-4, 
350	 , 54224	 , 0	 , 5	 , -0.00128, 
350	 , 54128	 , 1	 , 5	 , -5.0E-5, 
350	 , 53920	 , 0	 , 5	 , -0.00172, 
350	 , 54074	 , 2	 , 5	 , -3.5E-4, 
350	 , 53828	 , 0	 , 5	 , -6.3E-4, 
350	 , 53908	 , 1	 , 5	 , -0.02961, 
350	 , 53774	 , 0	 , 5	 , -9.0E-5, 
350	 , 54276	 , 0	 , 5	 , -0.00551, 
350	 , 54338	 , 0	 , 5	 , -0.0052, 
350	 , 53970	 , 0	 , 5	 , -0.03029, 
350	 , 54046	 , 0	 , 5	 , -0.00179, 
350	 , 54088	 , 0	 , 5	 , -0.00925, 
350	 , 54180	 , 0	 , 5	 , -0.0114, 
350	 , 53998	 , 0	 , 5	 , -0.00229, 
350	 , 54310	 , 0	 , 5	 , -2.6E-4, 
350	 , 54050	 , 0	 , 5	 , -0.0556, 
350	 , 54256	 , 0	 , 5	 , -0.00216, 
350	 , 54328	 , 0	 , 5	 , -0.0273, 
350	 , 54282	 , 0	 , 5	 , -1.9E-4, 
350	 , 54214	 , 0	 , 5	 , -4.0E-5, 
350	 , 54078	 , 1	 , 5	 , -1.1E-4, 
350	 , 54284	 , 0	 , 5	 , -0.00367, 
350	 , 53386	 , 0	 , 5	 , -0.00491, 
350	 , 54256	 , 1	 , 5	 , -5.0E-5, 
350	 , 53920	 , 0	 , 5	 , -0.00447, 
350	 , 54272	 , 1	 , 5	 , -0.05345, 
350	 , 53356	 , 0	 , 5	 , -1.0E-5, 
350	 , 54212	 , 0	 , 5	 , -0.00397, 
350	 , 53738	 , 0	 , 5	 , -0.00292, 
350	 , 54032	 , 0	 , 5	 , -4.0E-5, 
350	 , 53986	 , 0	 , 5	 , -3.0E-5, 
350	 , 54256	 , 0	 , 5	 , -0.00145, 
350	 , 54934	 , 0	 , 5	 , -0.0097, 
350	 , 54218	 , 0	 , 5	 , -0.00207, 
350	 , 54172	 , 0	 , 5	 , -4.9E-4, 
350	 , 54130	 , 1	 , 5	 , -0.00113, 
350	 , 54046	 , 0	 , 5	 , -3.5E-4, 
350	 , 54232	 , 0	 , 5	 , -0.002, 
350	 , 54138	 , 0	 , 5	 , -1.1E-4, 
350	 , 54000	 , 0	 , 5	 , -1.4E-4, 
350	 , 53970	 , 0	 , 5	 , -2.0E-5, 
350	 , 54194	 , 0	 , 5	 , -0.00598, 
350	 , 54016	 , 0	 , 5	 , -0.00196, 
350	 , 54082	 , 0	 , 5	 , 0.0, 
350	 , 54214	 , 0	 , 5	 , -3.7E-4, 
350	 , 54192	 , 0	 , 5	 , -0.07675, 
350	 , 53716	 , 1	 , 5	 , -7.7E-4, 
350	 , 53902	 , 1	 , 5	 , -0.0057, 
350	 , 54144	 , 0	 , 5	 , -4.3E-4, 
350	 , 54264	 , 0	 , 5	 , -5.0E-5, 
350	 , 54198	 , 0	 , 5	 , -0.00189, 
350	 , 53748	 , 0	 , 5	 , -0.00468, 
350	 , 54254	 , 1	 , 5	 , 0.0, 
350	 , 54152	 , 0	 , 5	 , -0.00243, 
350	 , 54400	 , 0	 , 5	 , -5.4E-4, 
350	 , 54360	 , 2	 , 5	 , -4.0E-5, 
350	 , 54232	 , 0	 , 5	 , -0.00144, 
350	 , 53840	 , 0	 , 5	 , -1.1E-4, 
350	 , 54084	 , 1	 , 5	 , -0.0035, 
350	 , 54154	 , 0	 , 5	 , -3.1E-4, 
350	 , 53710	 , 2	 , 5	 , -0.01734, 
350	 , 54166	 , 0	 , 5	 , -6.0E-5, 
350	 , 54274	 , 0	 , 5	 , -0.00132, 
350	 , 54100	 , 2	 , 5	 , -0.00214, 
350	 , 54334	 , 0	 , 5	 , -1.1E-4, 
350	 , 54296	 , 0	 , 5	 , -0.00305, 
350	 , 54172	 , 0	 , 5	 , -9.1E-4, 
350	 , 54094	 , 0	 , 5	 , -6.9E-4, 
350	 , 54242	 , 0	 , 5	 , -3.3E-4, 
350	 , 54118	 , 0	 , 5	 , -0.00655, 
350	 , 53928	 , 0	 , 5	 , -0.00218, 
350	 , 54198	 , 0	 , 5	 , -0.03359, 
350	 , 54260	 , 1	 , 5	 , -8.0E-5, 
350	 , 53990	 , 1	 , 5	 , -0.01531, 
350	 , 54082	 , 0	 , 5	 , -1.6E-4, 
350	 , 54262	 , 0	 , 5	 , -2.2E-4, 
350	 , 54246	 , 0	 , 5	 , -4.0E-5, 
350	 , 54096	 , 1	 , 5	 , -0.00391, 
350	 , 54012	 , 0	 , 5	 , -3.2E-4, 
350	 , 54052	 , 0	 , 5	 , -0.02849, 
350	 , 54314	 , 1	 , 5	 , -1.1E-4, 
350	 , 54212	 , 0	 , 5	 , -0.01718, 
350	 , 53830	 , 0	 , 5	 , -0.00586, 
350	 , 54250	 , 1	 , 5	 , -3.3E-4, 
350	 , 54290	 , 0	 , 5	 , -0.00786, 
350	 , 54226	 , 1	 , 5	 , -0.02421, 
350	 , 53998	 , 0	 , 5	 , -3.2E-4, 
350	 , 53874	 , 1	 , 5	 , -5.0E-4, 
350	 , 54040	 , 1	 , 5	 , -1.6E-4, 
350	 , 54008	 , 0	 , 5	 , -3.0E-4, 
350	 , 54128	 , 0	 , 5	 , -3.5E-4, 
350	 , 54186	 , 0	 , 5	 , -0.00108, 
350	 , 54266	 , 0	 , 5	 , -0.00131, 
350	 , 53792	 , 0	 , 5	 , -3.3E-4, 
350	 , 54250	 , 0	 , 5	 , -9.0E-5, 
350	 , 53892	 , 0	 , 5	 , -3.6E-4, 
350	 , 54238	 , 0	 , 5	 , -0.00334, 
350	 , 54150	 , 0	 , 5	 , -0.00903, 
350	 , 54202	 , 0	 , 5	 , -0.00444, 
350	 , 54010	 , 0	 , 5	 , -0.00487, 
350	 , 54102	 , 0	 , 5	 , -4.3E-4, 
350	 , 54292	 , 0	 , 5	 , -9.3E-4, 
350	 , 54186	 , 3	 , 5	 , -0.00204, 
350	 , 54270	 , 1	 , 5	 , -0.0011, 
350	 , 54142	 , 0	 , 5	 , -1.7E-4, 
350	 , 54310	 , 1	 , 5	 , 0.0, 
350	 , 53968	 , 0	 , 5	 , -0.02454, 
350	 , 54196	 , 1	 , 5	 , -1.1E-4, 
350	 , 53576	 , 0	 , 5	 , -0.04562, 
350	 , 54208	 , 0	 , 5	 , -0.01369, 
350	 , 54352	 , 0	 , 5	 , -2.3E-4, 
350	 , 53814	 , 0	 , 5	 , -0.001, 
350	 , 54334	 , 0	 , 5	 , -0.00523, 
350	 , 53760	 , 1	 , 5	 , -3.0E-5, 
350	 , 53904	 , 1	 , 5	 , -0.00765, 
350	 , 54172	 , 0	 , 5	 , -2.0E-5, 
350	 , 54242	 , 0	 , 5	 , -5.0E-5, 
350	 , 54284	 , 1	 , 5	 , -0.00329, 
350	 , 54178	 , 0	 , 5	 , -0.00211, 
350	 , 54198	 , 0	 , 5	 , -0.00739, 
350	 , 54058	 , 0	 , 5	 , -0.00311, 
350	 , 54234	 , 0	 , 5	 , -9.5E-4, 
350	 , 54200	 , 0	 , 5	 , 0.0, 
350	 , 54298	 , 0	 , 5	 , -3.6E-4, 
350	 , 54246	 , 1	 , 5	 , -0.02229, 
350	 , 53976	 , 0	 , 5	 , -0.00303, 
350	 , 54078	 , 0	 , 5	 , -0.03475, 
350	 , 54208	 , 0	 , 5	 , -4.7E-4, 
350	 , 54378	 , 0	 , 5	 , -1.4E-4, 
350	 , 54274	 , 1	 , 5	 , -0.01078, 
350	 , 54296	 , 1	 , 5	 , -0.0013, 
350	 , 53994	 , 0	 , 5	 , -0.00152, 
350	 , 54102	 , 0	 , 5	 , -0.0021, 
400	 , 62008	 , 0	 , 5	 , -3.0E-5, 
400	 , 61990	 , 1	 , 5	 , -0.00321, 
400	 , 61696	 , 0	 , 5	 , -3.9E-4, 
400	 , 62030	 , 0	 , 5	 , -4.8E-4, 
400	 , 61766	 , 0	 , 5	 , -0.00127, 
400	 , 62010	 , 0	 , 5	 , -0.00117, 
400	 , 62046	 , 1	 , 5	 , -0.00195, 
400	 , 62066	 , 0	 , 5	 , -0.0021, 
400	 , 62084	 , 0	 , 5	 , -0.01001, 
400	 , 61954	 , 0	 , 5	 , -0.02751, 
400	 , 61586	 , 1	 , 5	 , -0.00258, 
400	 , 62072	 , 0	 , 5	 , -0.00123, 
400	 , 61774	 , 0	 , 5	 , -2.2E-4, 
400	 , 62148	 , 2	 , 5	 , -0.00469, 
400	 , 62028	 , 0	 , 5	 , -0.0012, 
400	 , 61864	 , 0	 , 5	 , -0.02217, 
400	 , 62148	 , 1	 , 5	 , 0.0, 
400	 , 62058	 , 0	 , 5	 , 0.0, 
400	 , 61956	 , 1	 , 5	 , -0.001, 
400	 , 62042	 , 1	 , 5	 , -7.9E-4, 
400	 , 61784	 , 0	 , 5	 , -0.0021, 
400	 , 61572	 , 0	 , 5	 , -0.00292, 
400	 , 62030	 , 1	 , 5	 , 0.0, 
400	 , 61970	 , 0	 , 5	 , -0.05239, 
400	 , 61814	 , 0	 , 5	 , -9.9E-4, 
400	 , 62116	 , 0	 , 5	 , -1.0E-4, 
400	 , 61830	 , 0	 , 5	 , -0.00289, 
400	 , 61930	 , 0	 , 5	 , -6.4E-4, 
400	 , 61944	 , 2	 , 5	 , -0.02283, 
400	 , 61946	 , 0	 , 5	 , -4.8E-4, 
400	 , 61900	 , 0	 , 5	 , -0.00807, 
400	 , 62020	 , 0	 , 5	 , -4.4E-4, 
400	 , 62122	 , 0	 , 5	 , -0.00671, 
400	 , 61986	 , 0	 , 5	 , -4.0E-4, 
400	 , 62080	 , 1	 , 5	 , -5.1E-4, 
400	 , 61844	 , 1	 , 5	 , -0.00556, 
400	 , 61696	 , 0	 , 5	 , -6.0E-5, 
400	 , 62082	 , 1	 , 5	 , -8.6E-4, 
400	 , 61890	 , 0	 , 5	 , -1.3E-4, 
400	 , 62064	 , 0	 , 5	 , -0.00506, 
400	 , 62006	 , 0	 , 5	 , -0.0014, 
400	 , 61964	 , 0	 , 5	 , -0.00144, 
400	 , 61960	 , 0	 , 5	 , -7.0E-5, 
400	 , 62026	 , 0	 , 5	 , -5.0E-5, 
400	 , 61846	 , 0	 , 5	 , 0.0, 
400	 , 61308	 , 0	 , 5	 , -7.5E-4, 
400	 , 61972	 , 0	 , 5	 , -5.7E-4, 
400	 , 61906	 , 0	 , 5	 , -0.00261, 
400	 , 62022	 , 1	 , 5	 , -0.00342, 
400	 , 61280	 , 1	 , 5	 , -0.13563, 
400	 , 61960	 , 0	 , 5	 , -0.00156, 
400	 , 61904	 , 1	 , 5	 , -7.0E-5, 
400	 , 61984	 , 0	 , 5	 , -1.0E-5, 
400	 , 62114	 , 0	 , 5	 , -5.6E-4, 
400	 , 61862	 , 1	 , 5	 , -1.7E-4, 
400	 , 61968	 , 0	 , 5	 , -2.1E-4, 
400	 , 61876	 , 1	 , 5	 , -0.00157, 
400	 , 61802	 , 0	 , 5	 , -5.0E-5, 
400	 , 61694	 , 1	 , 5	 , -0.00634, 
400	 , 62090	 , 0	 , 5	 , -1.2E-4, 
400	 , 61674	 , 0	 , 5	 , -2.2E-4, 
400	 , 61934	 , 0	 , 5	 , -4.0E-5, 
400	 , 61874	 , 0	 , 5	 , -0.04334, 
400	 , 61942	 , 0	 , 5	 , -1.2E-4, 
400	 , 62074	 , 0	 , 5	 , -9.4E-4, 
400	 , 61970	 , 1	 , 5	 , -0.00561, 
400	 , 62030	 , 0	 , 5	 , -0.00533, 
400	 , 61826	 , 0	 , 5	 , -4.2E-4, 
400	 , 62050	 , 0	 , 5	 , -3.0E-4, 
400	 , 61784	 , 0	 , 5	 , -0.0028, 
400	 , 62026	 , 0	 , 5	 , -0.00115, 
400	 , 61646	 , 1	 , 5	 , -6.5E-4, 
400	 , 62014	 , 0	 , 5	 , -0.00699, 
400	 , 61654	 , 0	 , 5	 , -0.00314, 
400	 , 61688	 , 1	 , 5	 , -4.0E-5, 
400	 , 62122	 , 0	 , 5	 , -0.00106, 
400	 , 61832	 , 0	 , 5	 , -1.4E-4, 
400	 , 61598	 , 0	 , 5	 , -1.8E-4, 
400	 , 61642	 , 1	 , 5	 , -0.00482, 
400	 , 61858	 , 1	 , 5	 , -3.5E-4, 
400	 , 61812	 , 0	 , 5	 , -5.3E-4, 
400	 , 61750	 , 0	 , 5	 , -4.2E-4, 
400	 , 61738	 , 0	 , 5	 , -0.03363, 
400	 , 61760	 , 1	 , 5	 , -0.00713, 
400	 , 61930	 , 0	 , 5	 , -9.7E-4, 
400	 , 62088	 , 0	 , 5	 , 0.0, 
400	 , 62070	 , 0	 , 5	 , -3.0E-4, 
400	 , 61986	 , 0	 , 5	 , -1.2E-4, 
400	 , 62038	 , 0	 , 5	 , -0.00233, 
400	 , 62094	 , 0	 , 5	 , -0.01429, 
400	 , 61756	 , 0	 , 5	 , -8.5E-4, 
400	 , 61996	 , 1	 , 5	 , -0.00731, 
400	 , 61986	 , 1	 , 5	 , -1.9E-4, 
400	 , 61988	 , 0	 , 5	 , 0.0, 
400	 , 61826	 , 0	 , 5	 , -5.0E-4, 
400	 , 61990	 , 1	 , 5	 , -6.0E-5, 
400	 , 62074	 , 0	 , 5	 , -5.0E-5, 
400	 , 62046	 , 0	 , 5	 , -0.00563, 
400	 , 61798	 , 0	 , 5	 , -0.08445, 
400	 , 61962	 , 1	 , 5	 , -5.2E-4, 
400	 , 61666	 , 0	 , 5	 , -2.0E-5, 
400	 , 61340	 , 0	 , 5	 , -0.00291, 
400	 , 63214	 , 0	 , 5	 , -2.0E-5, 
400	 , 61996	 , 1	 , 5	 , -0.04921, 
400	 , 62112	 , 0	 , 5	 , -3.0E-5, 
400	 , 62058	 , 1	 , 5	 , -0.00442, 
400	 , 61900	 , 0	 , 5	 , -0.01377, 
400	 , 61744	 , 0	 , 5	 , -2.5E-4, 
400	 , 62064	 , 0	 , 5	 , -0.0023, 
400	 , 62014	 , 1	 , 5	 , -6.5E-4, 
400	 , 61912	 , 0	 , 5	 , 0.0, 
400	 , 62086	 , 0	 , 5	 , -3.2E-4, 
400	 , 61792	 , 0	 , 5	 , -0.00187, 
400	 , 61864	 , 0	 , 5	 , -0.00185, 
400	 , 61928	 , 0	 , 5	 , -0.00328, 
400	 , 61848	 , 0	 , 5	 , -8.0E-5, 
400	 , 61746	 , 0	 , 5	 , -0.0028, 
400	 , 62102	 , 0	 , 5	 , -0.02421, 
400	 , 61738	 , 0	 , 5	 , -3.8E-4, 
400	 , 61924	 , 0	 , 5	 , -0.00107, 
400	 , 61850	 , 0	 , 5	 , -4.0E-5, 
400	 , 62064	 , 0	 , 5	 , -2.0E-5, 
400	 , 61840	 , 1	 , 5	 , -3.3E-4, 
400	 , 61888	 , 0	 , 5	 , -0.00212, 
400	 , 62122	 , 0	 , 5	 , -2.7E-4, 
400	 , 61960	 , 0	 , 5	 , -0.00136, 
400	 , 61956	 , 0	 , 5	 , -0.00482, 
400	 , 61836	 , 1	 , 5	 , -0.00235, 
400	 , 61346	 , 1	 , 5	 , -0.00325, 
400	 , 62064	 , 0	 , 5	 , -2.1E-4, 
400	 , 62224	 , 1	 , 5	 , -0.01245, 
400	 , 62090	 , 0	 , 5	 , -1.7E-4, 
400	 , 61992	 , 0	 , 5	 , -0.00264, 
400	 , 62022	 , 0	 , 5	 , -0.01581, 
400	 , 61960	 , 0	 , 5	 , -0.00428, 
400	 , 62038	 , 0	 , 5	 , -1.4E-4, 
400	 , 62078	 , 0	 , 5	 , -5.1E-4, 
400	 , 61652	 , 0	 , 5	 , -1.5E-4, 
400	 , 61802	 , 0	 , 5	 , -0.00133, 
400	 , 62072	 , 0	 , 5	 , -7.9E-4, 
400	 , 61698	 , 0	 , 5	 , 0.0, 
400	 , 62044	 , 0	 , 5	 , -3.0E-5, 
400	 , 61906	 , 0	 , 5	 , -0.03638, 
400	 , 61992	 , 0	 , 5	 , -2.0E-5, 
400	 , 61822	 , 1	 , 5	 , -6.0E-5, 
400	 , 62144	 , 1	 , 5	 , -0.00205, 
400	 , 61836	 , 1	 , 5	 , -0.01505, 
400	 , 62108	 , 0	 , 5	 , -5.0E-5, 
400	 , 61708	 , 0	 , 5	 , -0.00783, 
400	 , 62022	 , 0	 , 5	 , -4.0E-5, 
400	 , 61576	 , 0	 , 5	 , -4.9E-4, 
400	 , 61798	 , 0	 , 5	 , -1.0E-4, 
400	 , 61882	 , 0	 , 5	 , -2.1E-4, 
400	 , 61342	 , 0	 , 5	 , -9.6E-4, 
400	 , 61966	 , 0	 , 5	 , -0.00163, 
400	 , 61834	 , 0	 , 5	 , -2.0E-5, 
400	 , 61796	 , 1	 , 5	 , -0.00364, 
400	 , 61924	 , 0	 , 5	 , -4.8E-4, 
400	 , 62040	 , 0	 , 5	 , -0.03219, 
400	 , 61860	 , 2	 , 5	 , -0.00224, 
400	 , 61864	 , 0	 , 5	 , -0.00182, 
400	 , 61714	 , 0	 , 5	 , -0.00334, 
400	 , 61898	 , 0	 , 5	 , -0.03101, 
400	 , 61936	 , 0	 , 5	 , -0.00426, 
400	 , 62068	 , 0	 , 5	 , -8.8E-4, 
400	 , 62046	 , 0	 , 5	 , -9.4E-4, 
400	 , 62028	 , 2	 , 5	 , -0.00885, 
400	 , 61936	 , 1	 , 5	 , -0.00323, 
400	 , 61774	 , 0	 , 5	 , -0.00864, 
400	 , 61860	 , 0	 , 5	 , -0.03136, 
400	 , 61996	 , 0	 , 5	 , -6.0E-5, 
400	 , 62054	 , 0	 , 5	 , -0.00796, 
400	 , 61920	 , 0	 , 5	 , -6.6E-4, 
400	 , 62128	 , 0	 , 5	 , -0.00375, 
400	 , 61892	 , 0	 , 5	 , -0.00207, 
400	 , 62050	 , 0	 , 5	 , -2.0E-5, 
400	 , 61902	 , 1	 , 5	 , 0.0, 
400	 , 61708	 , 0	 , 5	 , -3.8E-4, 
400	 , 61694	 , 0	 , 5	 , -4.5E-4, 
400	 , 62166	 , 1	 , 5	 , -7.0E-5, 
400	 , 61830	 , 0	 , 5	 , -1.3E-4, 
400	 , 62000	 , 1	 , 5	 , -3.0E-4, 
400	 , 61686	 , 0	 , 5	 , -0.00682, 
400	 , 61912	 , 0	 , 5	 , -4.6E-4, 
400	 , 61926	 , 1	 , 5	 , -7.9E-4, 
400	 , 61834	 , 1	 , 5	 , -1.8E-4, 
400	 , 62014	 , 0	 , 5	 , -6.1E-4, 
400	 , 61966	 , 0	 , 5	 , -1.1E-4, 
400	 , 62058	 , 1	 , 5	 , -0.0014, 
400	 , 61980	 , 1	 , 5	 , -0.00866, 
400	 , 61942	 , 0	 , 5	 , -0.00767, 
400	 , 61860	 , 0	 , 5	 , -0.10298, 
400	 , 61916	 , 1	 , 5	 , -0.00364, 
400	 , 62108	 , 0	 , 5	 , -4.6E-4, 
400	 , 61936	 , 0	 , 5	 , -7.0E-4, 
400	 , 61890	 , 0	 , 5	 , -1.1E-4, 
400	 , 61726	 , 2	 , 5	 , -5.0E-5, 
400	 , 61934	 , 0	 , 5	 , -2.0E-5, 
400	 , 61632	 , 0	 , 5	 , -0.00136, 
400	 , 62090	 , 0	 , 5	 , -5.6E-4, 
400	 , 61800	 , 1	 , 5	 , -0.00741, 
400	 , 61762	 , 0	 , 5	 , -1.4E-4, 
400	 , 62048	 , 0	 , 5	 , -1.0E-5, 
400	 , 61906	 , 0	 , 5	 , -0.04205, 
400	 , 61846	 , 1	 , 5	 , -1.1E-4, 
400	 , 61904	 , 0	 , 5	 , -0.00765, 
400	 , 61364	 , 0	 , 5	 , -0.00427, 
400	 , 61828	 , 1	 , 5	 , -2.6E-4, 
400	 , 61892	 , 0	 , 5	 , -4.0E-5, 
400	 , 62058	 , 1	 , 5	 , -0.00535, 
400	 , 62136	 , 1	 , 5	 , -4.2E-4, 
400	 , 61984	 , 0	 , 5	 , -0.00459, 
400	 , 61844	 , 1	 , 5	 , -1.1E-4, 
400	 , 62030	 , 0	 , 5	 , -5.3E-4, 
400	 , 61852	 , 0	 , 5	 , -0.03556, 
400	 , 61926	 , 0	 , 5	 , -0.00363, 
400	 , 61730	 , 0	 , 5	 , -0.00422, 
400	 , 62776	 , 0	 , 5	 , -0.00217, 
400	 , 62064	 , 0	 , 5	 , -0.00138, 
400	 , 61774	 , 1	 , 5	 , -3.3E-4, 
400	 , 61804	 , 0	 , 5	 , -0.00539, 
400	 , 62032	 , 0	 , 5	 , -0.01089, 
400	 , 61666	 , 0	 , 5	 , -0.00582, 
400	 , 61870	 , 0	 , 5	 , -0.03924, 
400	 , 61986	 , 0	 , 5	 , -3.4E-4, 
400	 , 61802	 , 0	 , 5	 , -0.00323, 
400	 , 61738	 , 2	 , 5	 , -5.4E-4, 
400	 , 62046	 , 0	 , 5	 , 0.0, 
400	 , 62000	 , 0	 , 5	 , -3.0E-5, 
400	 , 61700	 , 0	 , 5	 , -1.5E-4, 
400	 , 62102	 , 0	 , 5	 , 0.0, 
400	 , 61908	 , 1	 , 5	 , -0.00468, 
400	 , 61954	 , 1	 , 5	 , -2.0E-4, 
400	 , 61798	 , 0	 , 5	 , 0.0, 
400	 , 61806	 , 0	 , 5	 , -0.00836, 
400	 , 62036	 , 0	 , 5	 , -0.00907, 
400	 , 61864	 , 2	 , 5	 , -0.00488, 
400	 , 62018	 , 1	 , 5	 , -0.00681, 
400	 , 62008	 , 0	 , 5	 , -7.5E-4, 
400	 , 62012	 , 0	 , 5	 , -4.4E-4, 
400	 , 61548	 , 0	 , 5	 , -0.01565, 
400	 , 61918	 , 0	 , 5	 , -2.2E-4, 
400	 , 62120	 , 0	 , 5	 , -1.0E-4, 
400	 , 61868	 , 0	 , 5	 , -0.00567, 
400	 , 61898	 , 0	 , 5	 , -9.0E-5, 
400	 , 61882	 , 0	 , 5	 , -0.00269, 
400	 , 61058	 , 0	 , 5	 , -1.5E-4, 
400	 , 62086	 , 0	 , 5	 , -5.0E-5, 
400	 , 61918	 , 0	 , 5	 , -1.9E-4, 
400	 , 61592	 , 0	 , 5	 , -0.03721]