[
10	 , 51702	 , 116	 , 141	 , 49.99808, 
10	 , 51244	 , 120	 , 136	 , 49.99808, 
10	 , 51456	 , 127	 , 140	 , 49.99808, 
10	 , 51390	 , 126	 , 135	 , 149.70473, 
10	 , 51438	 , 128	 , 139	 , 49.99808, 
10	 , 51526	 , 132	 , 140	 , 49.99808, 
10	 , 51480	 , 97	 , 136	 , 149.70473, 
10	 , 51486	 , 123	 , 138	 , 49.99808, 
10	 , 51524	 , 92	 , 136	 , 49.99808, 
10	 , 51330	 , 137	 , 149	 , 49.99808, 
10	 , 51682	 , 134	 , 139	 , 49.99808, 
10	 , 51572	 , 125	 , 140	 , 49.99808, 
10	 , 51234	 , 129	 , 137	 , 49.99808, 
10	 , 51314	 , 115	 , 133	 , 49.99808, 
10	 , 51290	 , 130	 , 140	 , 49.99808, 
10	 , 51204	 , 118	 , 129	 , 49.99808, 
10	 , 51408	 , 124	 , 139	 , 149.70473, 
10	 , 51222	 , 109	 , 138	 , 149.70473, 
10	 , 51214	 , 120	 , 138	 , 49.99808, 
10	 , 51464	 , 130	 , 135	 , 149.70473, 
10	 , 51536	 , 127	 , 139	 , 49.99808, 
10	 , 51336	 , 127	 , 139	 , 49.99808, 
10	 , 51252	 , 126	 , 138	 , 49.99808, 
10	 , 51502	 , 131	 , 139	 , 49.99808, 
10	 , 51390	 , 110	 , 136	 , 49.99808, 
10	 , 51258	 , 89	 , 139	 , 149.70473, 
10	 , 51238	 , 94	 , 136	 , 49.99808, 
10	 , 51226	 , 133	 , 138	 , 49.99808, 
10	 , 51316	 , 125	 , 137	 , 49.99808, 
10	 , 51452	 , 129	 , 138	 , 49.99808, 
10	 , 51258	 , 128	 , 133	 , 49.99808, 
10	 , 51244	 , 126	 , 141	 , 49.99808, 
10	 , 51474	 , 132	 , 139	 , 49.99808, 
10	 , 51348	 , 132	 , 139	 , 49.99808, 
10	 , 51464	 , 128	 , 141	 , 49.99808, 
10	 , 51200	 , 131	 , 138	 , 49.99808, 
10	 , 51590	 , 133	 , 136	 , 49.99808, 
10	 , 51326	 , 100	 , 139	 , 49.99808, 
10	 , 51566	 , 92	 , 143	 , 149.70473, 
10	 , 51300	 , 67	 , 140	 , 149.70473, 
10	 , 51428	 , 94	 , 139	 , 149.70473, 
10	 , 51522	 , 119	 , 133	 , 49.99808, 
10	 , 51612	 , 120	 , 133	 , 49.99808, 
10	 , 51570	 , 63	 , 142	 , 149.40946, 
10	 , 51534	 , 116	 , 142	 , 149.70473, 
10	 , 51226	 , 119	 , 129	 , 49.99808, 
10	 , 51506	 , 133	 , 137	 , 49.99808, 
10	 , 51570	 , 93	 , 142	 , 49.99039, 
10	 , 51334	 , 132	 , 142	 , 49.99808, 
10	 , 51372	 , 113	 , 140	 , 49.99808, 
10	 , 51578	 , 122	 , 131	 , 49.99808, 
10	 , 51498	 , 120	 , 134	 , 149.70473, 
10	 , 51218	 , 132	 , 137	 , 49.99808, 
10	 , 51406	 , 133	 , 135	 , 149.70473, 
10	 , 51228	 , 128	 , 136	 , 49.99808, 
10	 , 51510	 , 38	 , 135	 , 149.70473, 
10	 , 51516	 , 126	 , 142	 , 49.99808, 
10	 , 51578	 , 117	 , 135	 , 49.99808, 
10	 , 51520	 , 107	 , 139	 , 149.70473, 
10	 , 51662	 , 126	 , 134	 , 49.99808, 
10	 , 51214	 , 122	 , 131	 , 49.99808, 
10	 , 51500	 , 123	 , 141	 , 49.99808, 
10	 , 51328	 , 115	 , 130	 , 49.99808, 
10	 , 51278	 , 135	 , 136	 , 49.99808, 
10	 , 51600	 , 109	 , 143	 , 49.99808, 
10	 , 51578	 , 49	 , 130	 , 149.70473, 
10	 , 51498	 , 121	 , 134	 , 49.99808, 
10	 , 51498	 , 120	 , 143	 , 49.99808, 
10	 , 51266	 , 93	 , 138	 , 49.99808, 
10	 , 51502	 , 135	 , 139	 , 49.99808, 
10	 , 51364	 , 125	 , 137	 , 49.99808, 
10	 , 51308	 , 136	 , 139	 , 49.99808, 
10	 , 51384	 , 113	 , 140	 , 49.99808, 
10	 , 51294	 , 111	 , 137	 , 49.99808, 
10	 , 51396	 , 99	 , 131	 , 49.99808, 
10	 , 51472	 , 118	 , 139	 , 49.99808, 
10	 , 51222	 , 114	 , 141	 , 49.99808, 
10	 , 51324	 , 121	 , 134	 , 49.99808, 
10	 , 51232	 , 118	 , 143	 , 49.99808, 
10	 , 51224	 , 122	 , 144	 , 49.99808, 
10	 , 51464	 , 117	 , 136	 , 49.99808, 
10	 , 51320	 , 101	 , 137	 , 149.70473, 
10	 , 51414	 , 121	 , 147	 , 49.99808, 
10	 , 51208	 , 100	 , 139	 , 49.99808, 
10	 , 51348	 , 131	 , 134	 , 49.99808, 
10	 , 51314	 , 100	 , 141	 , 49.99808, 
10	 , 51228	 , 129	 , 140	 , 49.99808, 
10	 , 51328	 , 96	 , 139	 , 149.70473, 
10	 , 51666	 , 122	 , 142	 , 49.99808, 
10	 , 51504	 , 131	 , 135	 , 49.99808, 
10	 , 51510	 , 123	 , 134	 , 49.99808, 
10	 , 51514	 , 130	 , 138	 , 49.99808, 
10	 , 51388	 , 133	 , 138	 , 49.99808, 
10	 , 51288	 , 103	 , 133	 , 49.99808, 
10	 , 51360	 , 98	 , 133	 , 149.70473, 
10	 , 51202	 , 121	 , 136	 , 49.99808, 
10	 , 51594	 , 114	 , 140	 , 49.99808, 
10	 , 51316	 , 88	 , 133	 , 149.70473, 
10	 , 51462	 , 133	 , 138	 , 49.99808, 
10	 , 51332	 , 125	 , 131	 , 49.99808, 
10	 , 51548	 , 127	 , 138	 , 49.99808, 
10	 , 51404	 , 111	 , 138	 , 49.99808, 
10	 , 51200	 , 97	 , 134	 , 149.70473, 
10	 , 51432	 , 120	 , 142	 , 49.99808, 
10	 , 51226	 , 121	 , 135	 , 49.99808, 
10	 , 51486	 , 132	 , 143	 , 49.99808, 
10	 , 51434	 , 136	 , 147	 , 49.99808, 
10	 , 51410	 , 75	 , 139	 , 149.70473, 
10	 , 51318	 , 130	 , 139	 , 49.99808, 
10	 , 51422	 , 120	 , 129	 , 49.99808, 
10	 , 51480	 , 132	 , 133	 , 49.99808, 
10	 , 51400	 , 85	 , 137	 , 149.70473, 
10	 , 51352	 , 117	 , 140	 , 49.99808, 
10	 , 51490	 , 132	 , 140	 , 49.99808, 
10	 , 51506	 , 120	 , 130	 , 149.70473, 
10	 , 51608	 , 86	 , 136	 , 149.70473, 
10	 , 51558	 , 125	 , 139	 , 49.99808, 
10	 , 51588	 , 118	 , 131	 , 149.70473, 
10	 , 51298	 , 99	 , 138	 , 149.70473, 
10	 , 51374	 , 103	 , 142	 , 49.99808, 
10	 , 51228	 , 112	 , 116	 , 149.70473, 
10	 , 51454	 , 133	 , 140	 , 49.99808, 
10	 , 51288	 , 140	 , 141	 , 49.99808, 
10	 , 51248	 , 118	 , 121	 , 149.70473, 
10	 , 51338	 , 126	 , 140	 , 49.99808, 
10	 , 51658	 , 119	 , 131	 , 49.99808, 
10	 , 51244	 , 130	 , 136	 , 49.99808, 
10	 , 51344	 , 130	 , 141	 , 49.99808, 
10	 , 51378	 , 115	 , 129	 , 49.99808, 
10	 , 51246	 , 95	 , 132	 , 148.52364, 
10	 , 51352	 , 120	 , 137	 , 49.99808, 
10	 , 51402	 , 87	 , 139	 , 149.70473, 
10	 , 51270	 , 128	 , 141	 , 49.99808, 
10	 , 51492	 , 118	 , 141	 , 49.99808, 
10	 , 51648	 , 95	 , 139	 , 149.70473, 
10	 , 51310	 , 131	 , 136	 , 49.99808, 
10	 , 51316	 , 61	 , 137	 , 149.70473, 
10	 , 51536	 , 118	 , 144	 , 49.99808, 
10	 , 51270	 , 132	 , 136	 , 49.99808, 
10	 , 51478	 , 123	 , 141	 , 49.99808, 
10	 , 51362	 , 121	 , 129	 , 49.99808, 
10	 , 51236	 , 124	 , 140	 , 49.99808, 
10	 , 51336	 , 136	 , 142	 , 49.99808, 
10	 , 51376	 , 115	 , 136	 , 149.70473, 
10	 , 51262	 , 128	 , 138	 , 49.99808, 
10	 , 51650	 , 124	 , 134	 , 149.70473, 
10	 , 51292	 , 125	 , 135	 , 149.70473, 
10	 , 51484	 , 121	 , 135	 , 49.99808, 
10	 , 51660	 , 128	 , 140	 , 49.99808, 
10	 , 51424	 , 106	 , 141	 , 149.70473, 
10	 , 51218	 , 135	 , 138	 , 49.99808, 
10	 , 51318	 , 131	 , 137	 , 49.99808, 
10	 , 51414	 , 133	 , 138	 , 49.99808, 
10	 , 51250	 , 126	 , 130	 , 49.99808, 
10	 , 51414	 , 119	 , 140	 , 49.99808, 
10	 , 51216	 , 126	 , 139	 , 149.70473, 
10	 , 51384	 , 97	 , 131	 , 49.99808, 
10	 , 51384	 , 96	 , 139	 , 149.70473, 
10	 , 51364	 , 116	 , 131	 , 49.99808, 
10	 , 51410	 , 115	 , 138	 , 49.99808, 
10	 , 51478	 , 126	 , 137	 , 49.99808, 
10	 , 51222	 , 101	 , 127	 , 49.99808, 
10	 , 51298	 , 131	 , 146	 , 49.99808, 
10	 , 51304	 , 123	 , 140	 , 49.99808, 
10	 , 51498	 , 112	 , 138	 , 49.9827, 
10	 , 51302	 , 95	 , 137	 , 148.52364, 
10	 , 51338	 , 136	 , 139	 , 49.99808, 
10	 , 51266	 , 115	 , 139	 , 49.99808, 
10	 , 51238	 , 99	 , 137	 , 49.99808, 
10	 , 51202	 , 133	 , 139	 , 49.99808, 
10	 , 51498	 , 125	 , 138	 , 49.99808, 
10	 , 51352	 , 125	 , 131	 , 49.99808, 
10	 , 51590	 , 125	 , 136	 , 149.70473, 
10	 , 51302	 , 120	 , 138	 , 49.99808, 
10	 , 51412	 , 136	 , 142	 , 49.99808, 
10	 , 51336	 , 139	 , 140	 , 49.99808, 
10	 , 51576	 , 131	 , 132	 , 49.99808, 
10	 , 51332	 , 126	 , 135	 , 49.99808, 
10	 , 51336	 , 116	 , 146	 , 49.99808, 
10	 , 51372	 , 130	 , 138	 , 149.70473, 
10	 , 51340	 , 134	 , 142	 , 49.99808, 
10	 , 51508	 , 94	 , 134	 , 149.70473, 
10	 , 51498	 , 120	 , 135	 , 49.99808, 
10	 , 51544	 , 119	 , 134	 , 49.99808, 
10	 , 51220	 , 132	 , 143	 , 49.99808, 
10	 , 51452	 , 126	 , 138	 , 49.99808, 
10	 , 51584	 , 127	 , 131	 , 149.70473, 
10	 , 51494	 , 128	 , 132	 , 49.99808, 
10	 , 51438	 , 124	 , 133	 , 49.99808, 
10	 , 51350	 , 121	 , 138	 , 49.99808, 
10	 , 51512	 , 139	 , 143	 , 49.99808, 
10	 , 51222	 , 134	 , 141	 , 49.99808, 
10	 , 51488	 , 124	 , 143	 , 49.99808, 
10	 , 51378	 , 127	 , 134	 , 149.70473, 
10	 , 51436	 , 128	 , 142	 , 49.99808, 
10	 , 51234	 , 104	 , 139	 , 149.70473, 
10	 , 51214	 , 120	 , 139	 , 49.99808, 
10	 , 51524	 , 124	 , 129	 , 49.99808, 
10	 , 51228	 , 95	 , 130	 , 149.70473, 
10	 , 51490	 , 129	 , 138	 , 149.70473, 
10	 , 51450	 , 91	 , 133	 , 149.70473, 
10	 , 51478	 , 81	 , 136	 , 149.70473, 
10	 , 51396	 , 131	 , 141	 , 49.99808, 
10	 , 51546	 , 133	 , 143	 , 49.99808, 
10	 , 51472	 , 124	 , 140	 , 49.99808, 
10	 , 51384	 , 118	 , 137	 , 149.70473, 
10	 , 51590	 , 127	 , 139	 , 49.99808, 
10	 , 51320	 , 100	 , 137	 , 49.99808, 
10	 , 51472	 , 115	 , 136	 , 49.99808, 
10	 , 51468	 , 129	 , 142	 , 49.99808, 
10	 , 51434	 , 121	 , 140	 , 49.99808, 
10	 , 51208	 , 126	 , 136	 , 49.99808, 
10	 , 51292	 , 124	 , 145	 , 49.99808, 
10	 , 51504	 , 114	 , 138	 , 149.70473, 
10	 , 51282	 , 73	 , 139	 , 149.70473, 
10	 , 51486	 , 135	 , 144	 , 49.99808, 
10	 , 51478	 , 118	 , 140	 , 49.99808, 
10	 , 51530	 , 136	 , 139	 , 49.99808, 
10	 , 51444	 , 126	 , 139	 , 149.70473, 
10	 , 51466	 , 103	 , 139	 , 149.70473, 
10	 , 51442	 , 120	 , 132	 , 149.70473, 
10	 , 51286	 , 112	 , 134	 , 49.99808, 
10	 , 51254	 , 103	 , 134	 , 148.52364, 
10	 , 51392	 , 114	 , 136	 , 49.99808, 
10	 , 51298	 , 106	 , 137	 , 49.99808, 
10	 , 51488	 , 131	 , 141	 , 49.99808, 
10	 , 51296	 , 133	 , 139	 , 49.99808, 
10	 , 51438	 , 121	 , 131	 , 49.99808, 
10	 , 51358	 , 129	 , 139	 , 49.99808, 
10	 , 51418	 , 135	 , 142	 , 49.99808, 
10	 , 51424	 , 95	 , 136	 , 49.99808, 
10	 , 51286	 , 129	 , 138	 , 49.99808, 
10	 , 51246	 , 121	 , 136	 , 49.99808, 
10	 , 51576	 , 122	 , 141	 , 49.99808, 
10	 , 51346	 , 117	 , 140	 , 49.99808, 
10	 , 51250	 , 101	 , 139	 , 49.99808, 
10	 , 51580	 , 120	 , 124	 , 49.99808, 
10	 , 51262	 , 109	 , 137	 , 149.70473, 
10	 , 51346	 , 87	 , 142	 , 49.99808, 
10	 , 51282	 , 140	 , 145	 , 49.99808, 
10	 , 51234	 , 122	 , 140	 , 49.99808, 
10	 , 51504	 , 130	 , 134	 , 49.99808, 
10	 , 51392	 , 111	 , 134	 , 148.52364, 
10	 , 51254	 , 118	 , 131	 , 149.70473, 
10	 , 51360	 , 84	 , 127	 , 149.70473, 
10	 , 51248	 , 125	 , 139	 , 49.99808, 
10	 , 51508	 , 115	 , 141	 , 49.99808, 
10	 , 51200	 , 128	 , 137	 , 49.99808, 
10	 , 51402	 , 124	 , 139	 , 49.99808, 
10	 , 51388	 , 96	 , 133	 , 49.99808, 
20	 , 51910	 , 51	 , 65	 , 49.99808, 
20	 , 51344	 , 61	 , 63	 , 149.70473, 
20	 , 51452	 , 57	 , 64	 , 49.99808, 
20	 , 51504	 , 42	 , 62	 , 149.70473, 
20	 , 51258	 , 58	 , 61	 , 49.99808, 
20	 , 52024	 , 55	 , 63	 , 149.70473, 
20	 , 51954	 , 60	 , 63	 , 49.99808, 
20	 , 51742	 , 50	 , 59	 , 149.70473, 
20	 , 51366	 , 49	 , 59	 , 49.99808, 
20	 , 51602	 , 49	 , 64	 , 49.99808, 
20	 , 51618	 , 56	 , 61	 , 49.99808, 
20	 , 51532	 , 44	 , 64	 , 49.99808, 
20	 , 51756	 , 55	 , 63	 , 49.99808, 
20	 , 51498	 , 58	 , 65	 , 49.99808, 
20	 , 51344	 , 64	 , 69	 , 49.99808, 
20	 , 51522	 , 56	 , 59	 , 49.99808, 
20	 , 51806	 , 65	 , 68	 , 149.70473, 
20	 , 51598	 , 59	 , 61	 , 49.99808, 
20	 , 51940	 , 59	 , 67	 , 49.99808, 
20	 , 51330	 , 59	 , 62	 , 49.99808, 
20	 , 51488	 , 46	 , 67	 , 149.70473, 
20	 , 51694	 , 55	 , 66	 , 49.99808, 
20	 , 51302	 , 55	 , 66	 , 49.99808, 
20	 , 51334	 , 59	 , 65	 , 149.70473, 
20	 , 51514	 , 58	 , 64	 , 49.99808, 
20	 , 51862	 , 60	 , 65	 , 49.99808, 
20	 , 51476	 , 53	 , 64	 , 149.70473, 
20	 , 51298	 , 59	 , 63	 , 49.99808, 
20	 , 52102	 , 60	 , 63	 , 49.99808, 
20	 , 51698	 , 58	 , 65	 , 49.99808, 
20	 , 51710	 , 53	 , 65	 , 49.99808, 
20	 , 51362	 , 51	 , 68	 , 49.99808, 
20	 , 51882	 , 62	 , 67	 , 149.70473, 
20	 , 51332	 , 43	 , 62	 , 149.70473, 
20	 , 51332	 , 60	 , 67	 , 49.99808, 
20	 , 51230	 , 55	 , 65	 , 149.70473, 
20	 , 51726	 , 62	 , 65	 , 49.99808, 
20	 , 51682	 , 57	 , 66	 , 49.99808, 
20	 , 51338	 , 54	 , 61	 , 49.99808, 
20	 , 51922	 , 56	 , 61	 , 49.99808, 
20	 , 51388	 , 54	 , 61	 , 49.99808, 
20	 , 51740	 , 44	 , 63	 , 49.99808, 
20	 , 51494	 , 64	 , 67	 , 49.99808, 
20	 , 51770	 , 57	 , 67	 , 49.99808, 
20	 , 51278	 , 61	 , 65	 , 49.99808, 
20	 , 51328	 , 59	 , 66	 , 49.99808, 
20	 , 51272	 , 55	 , 61	 , 49.99808, 
20	 , 51984	 , 51	 , 64	 , 49.99808, 
20	 , 51720	 , 41	 , 64	 , 149.70473, 
20	 , 52004	 , 62	 , 65	 , 49.99808, 
20	 , 51656	 , 45	 , 62	 , 49.99808, 
20	 , 51974	 , 60	 , 65	 , 49.99808, 
20	 , 51980	 , 54	 , 65	 , 149.70473, 
20	 , 51838	 , 60	 , 62	 , 49.99808, 
20	 , 51348	 , 53	 , 68	 , 49.99808, 
20	 , 52088	 , 55	 , 68	 , 49.99808, 
20	 , 51838	 , 59	 , 64	 , 49.99808, 
20	 , 52106	 , 56	 , 67	 , 49.99808, 
20	 , 51550	 , 41	 , 63	 , 49.99808, 
20	 , 51780	 , 58	 , 64	 , 49.99808, 
20	 , 51470	 , 54	 , 61	 , 49.99808, 
20	 , 51810	 , 51	 , 63	 , 49.99808, 
20	 , 51938	 , 63	 , 66	 , 49.99808, 
20	 , 51574	 , 51	 , 64	 , 149.70473, 
20	 , 51856	 , 63	 , 67	 , 49.99808, 
20	 , 51324	 , 64	 , 67	 , 49.99808, 
20	 , 51688	 , 63	 , 66	 , 49.99808, 
20	 , 51986	 , 56	 , 60	 , 49.99808, 
20	 , 51646	 , 59	 , 60	 , 49.99808, 
20	 , 51628	 , 59	 , 66	 , 49.99808, 
20	 , 51732	 , 52	 , 63	 , 49.99808, 
20	 , 51590	 , 63	 , 66	 , 49.99808, 
20	 , 51908	 , 54	 , 67	 , 49.99808, 
20	 , 51200	 , 58	 , 60	 , 149.70473, 
20	 , 51620	 , 57	 , 61	 , 149.70473, 
20	 , 51866	 , 55	 , 67	 , 49.99808, 
20	 , 51356	 , 59	 , 63	 , 149.70473, 
20	 , 51968	 , 57	 , 65	 , 49.99808, 
20	 , 51832	 , 54	 , 63	 , 49.99808, 
20	 , 51754	 , 51	 , 65	 , 149.70473, 
20	 , 51702	 , 57	 , 64	 , 49.99808, 
20	 , 51522	 , 56	 , 60	 , 49.99808, 
20	 , 51368	 , 61	 , 62	 , 49.99808, 
20	 , 51956	 , 54	 , 65	 , 49.99808, 
20	 , 51548	 , 52	 , 60	 , 149.70473, 
20	 , 51424	 , 53	 , 64	 , 49.99808, 
20	 , 51380	 , 54	 , 64	 , 49.99808, 
20	 , 51568	 , 59	 , 62	 , 49.99808, 
20	 , 52026	 , 56	 , 61	 , 149.70473, 
20	 , 51920	 , 61	 , 65	 , 49.99808, 
20	 , 51436	 , 54	 , 57	 , 49.99808, 
20	 , 51226	 , 48	 , 67	 , 49.99808, 
20	 , 52186	 , 59	 , 63	 , 49.99808, 
20	 , 51784	 , 61	 , 65	 , 49.99808, 
20	 , 51214	 , 58	 , 64	 , 49.99808, 
20	 , 51748	 , 60	 , 66	 , 49.99808, 
20	 , 51532	 , 45	 , 64	 , 49.99808, 
20	 , 51274	 , 60	 , 61	 , 49.99808, 
20	 , 51698	 , 60	 , 63	 , 49.99808, 
20	 , 51286	 , 38	 , 66	 , 149.70473, 
20	 , 51828	 , 50	 , 66	 , 149.70473, 
20	 , 51616	 , 57	 , 61	 , 149.70473, 
20	 , 51662	 , 52	 , 64	 , 49.99808, 
20	 , 52154	 , 61	 , 64	 , 49.99808, 
20	 , 51502	 , 64	 , 65	 , 49.99808, 
20	 , 52132	 , 53	 , 61	 , 149.70473, 
20	 , 51916	 , 30	 , 61	 , 149.70473, 
20	 , 51734	 , 63	 , 66	 , 149.70473, 
20	 , 51594	 , 54	 , 62	 , 49.99808, 
20	 , 51484	 , 60	 , 66	 , 49.99808, 
20	 , 51662	 , 44	 , 66	 , 149.70473, 
20	 , 51986	 , 55	 , 61	 , 49.99808, 
20	 , 51834	 , 64	 , 65	 , 49.99808, 
20	 , 51352	 , 61	 , 65	 , 49.99808, 
20	 , 51302	 , 56	 , 62	 , 49.99808, 
20	 , 51328	 , 47	 , 60	 , 49.99808, 
20	 , 51700	 , 60	 , 61	 , 49.99808, 
20	 , 51688	 , 55	 , 62	 , 49.99808, 
20	 , 51842	 , 32	 , 69	 , 149.70473, 
20	 , 52090	 , 44	 , 62	 , 49.99808, 
20	 , 52030	 , 55	 , 61	 , 149.70473, 
20	 , 51540	 , 50	 , 61	 , 49.99808, 
20	 , 51620	 , 52	 , 61	 , 49.99808, 
20	 , 51612	 , 57	 , 59	 , 149.70473, 
20	 , 51684	 , 45	 , 63	 , 49.99808, 
20	 , 51928	 , 64	 , 67	 , 49.99808, 
20	 , 51524	 , 54	 , 64	 , 149.70473, 
20	 , 51348	 , 56	 , 61	 , 149.70473, 
20	 , 51842	 , 63	 , 66	 , 49.99808, 
20	 , 51784	 , 65	 , 66	 , 49.99808, 
20	 , 51536	 , 55	 , 61	 , 49.99808, 
20	 , 51738	 , 62	 , 65	 , 49.99808, 
20	 , 51620	 , 60	 , 61	 , 49.99808, 
20	 , 51448	 , 59	 , 65	 , 149.70473, 
20	 , 52074	 , 60	 , 61	 , 149.70473, 
20	 , 51722	 , 63	 , 67	 , 149.70473, 
20	 , 51658	 , 61	 , 64	 , 49.99808, 
20	 , 51252	 , 57	 , 63	 , 49.99808, 
20	 , 51544	 , 55	 , 59	 , 149.70473, 
20	 , 51398	 , 58	 , 63	 , 149.70473, 
20	 , 51468	 , 60	 , 65	 , 49.99808, 
20	 , 51916	 , 60	 , 65	 , 49.99808, 
20	 , 51344	 , 61	 , 64	 , 49.99808, 
20	 , 51284	 , 55	 , 63	 , 49.99808, 
20	 , 51494	 , 45	 , 65	 , 149.70473, 
20	 , 51892	 , 57	 , 60	 , 49.99808, 
20	 , 51930	 , 61	 , 66	 , 49.99808, 
20	 , 51864	 , 62	 , 65	 , 149.70473, 
20	 , 52276	 , 53	 , 62	 , 149.70473, 
20	 , 51416	 , 62	 , 65	 , 49.99808, 
20	 , 51762	 , 57	 , 64	 , 149.70473, 
20	 , 51202	 , 43	 , 61	 , 149.70473, 
20	 , 51508	 , 38	 , 64	 , 149.70473, 
20	 , 51906	 , 42	 , 63	 , 149.70473, 
20	 , 51938	 , 56	 , 64	 , 49.99808, 
20	 , 51858	 , 59	 , 64	 , 49.99808, 
20	 , 51592	 , 59	 , 70	 , 49.99039, 
20	 , 51898	 , 55	 , 67	 , 49.99808, 
20	 , 51384	 , 52	 , 62	 , 49.99808, 
20	 , 51536	 , 48	 , 61	 , 49.99808, 
20	 , 51396	 , 60	 , 66	 , 49.99808, 
20	 , 51276	 , 41	 , 65	 , 149.70473, 
20	 , 52356	 , 41	 , 63	 , 149.70473, 
20	 , 52038	 , 55	 , 65	 , 49.99808, 
20	 , 51972	 , 52	 , 62	 , 49.99808, 
20	 , 51804	 , 62	 , 65	 , 49.99808, 
20	 , 51692	 , 59	 , 64	 , 49.99808, 
20	 , 51542	 , 40	 , 60	 , 149.70473, 
20	 , 52258	 , 59	 , 63	 , 49.99808, 
20	 , 51696	 , 53	 , 64	 , 49.99808, 
20	 , 51582	 , 56	 , 61	 , 49.99808, 
20	 , 51660	 , 46	 , 65	 , 149.70473, 
20	 , 52260	 , 47	 , 62	 , 49.99808, 
20	 , 51624	 , 58	 , 62	 , 49.99808, 
20	 , 52016	 , 48	 , 64	 , 49.99808, 
20	 , 51852	 , 58	 , 64	 , 49.99808, 
20	 , 51722	 , 50	 , 66	 , 49.99808, 
20	 , 51606	 , 57	 , 61	 , 49.99808, 
20	 , 51838	 , 50	 , 69	 , 148.52364, 
20	 , 51496	 , 52	 , 64	 , 149.70473, 
20	 , 51568	 , 64	 , 66	 , 49.99808, 
20	 , 51342	 , 61	 , 64	 , 149.70473, 
20	 , 52338	 , 58	 , 62	 , 149.70473, 
20	 , 51502	 , 60	 , 63	 , 49.99808, 
20	 , 51860	 , 58	 , 68	 , 49.99808, 
20	 , 51246	 , 54	 , 64	 , 49.99808, 
20	 , 51634	 , 60	 , 64	 , 49.99808, 
20	 , 51992	 , 58	 , 67	 , 49.99808, 
20	 , 51510	 , 54	 , 62	 , 149.70473, 
20	 , 51740	 , 58	 , 62	 , 149.70473, 
20	 , 51646	 , 52	 , 65	 , 49.99808, 
20	 , 51516	 , 54	 , 65	 , 49.99808, 
20	 , 51280	 , 58	 , 64	 , 149.70473, 
20	 , 51390	 , 60	 , 65	 , 49.99808, 
20	 , 51846	 , 59	 , 68	 , 49.99808, 
20	 , 51476	 , 42	 , 64	 , 149.70473, 
20	 , 51282	 , 18	 , 62	 , 149.70473, 
20	 , 51540	 , 51	 , 58	 , 149.70473, 
20	 , 51396	 , 59	 , 63	 , 149.70473, 
20	 , 51822	 , 57	 , 66	 , 49.99808, 
20	 , 51226	 , 52	 , 63	 , 149.70473, 
20	 , 51578	 , 45	 , 62	 , 148.52364, 
20	 , 51502	 , 54	 , 65	 , 49.99808, 
20	 , 52182	 , 47	 , 63	 , 49.99808, 
20	 , 51740	 , 59	 , 62	 , 49.99808, 
20	 , 51232	 , 55	 , 59	 , 149.70473, 
20	 , 51786	 , 48	 , 64	 , 149.70473, 
20	 , 51478	 , 51	 , 62	 , 49.99808, 
20	 , 51316	 , 55	 , 61	 , 49.99808, 
20	 , 51438	 , 53	 , 64	 , 49.99808, 
20	 , 51686	 , 56	 , 63	 , 149.70473, 
20	 , 51484	 , 63	 , 67	 , 49.99808, 
20	 , 51836	 , 58	 , 63	 , 49.99808, 
20	 , 51980	 , 61	 , 67	 , 49.99808, 
20	 , 51320	 , 58	 , 62	 , 49.99808, 
20	 , 51604	 , 61	 , 66	 , 149.70473, 
20	 , 51736	 , 60	 , 63	 , 49.99808, 
20	 , 51626	 , 48	 , 69	 , 49.99808, 
20	 , 51576	 , 56	 , 67	 , 49.99808, 
20	 , 51520	 , 62	 , 66	 , 49.99808, 
20	 , 52242	 , 62	 , 68	 , 49.99808, 
20	 , 51480	 , 55	 , 63	 , 49.99808, 
20	 , 51262	 , 60	 , 63	 , 49.99808, 
20	 , 51496	 , 47	 , 61	 , 149.70473, 
20	 , 51460	 , 59	 , 65	 , 49.99808, 
20	 , 51652	 , 58	 , 59	 , 49.99808, 
20	 , 51768	 , 53	 , 64	 , 149.70473, 
20	 , 51790	 , 58	 , 61	 , 149.70473, 
20	 , 51366	 , 60	 , 63	 , 49.99808, 
20	 , 51628	 , 59	 , 63	 , 149.70473, 
20	 , 51704	 , 58	 , 59	 , 149.70473, 
20	 , 51976	 , 50	 , 64	 , 49.99808, 
20	 , 51304	 , 63	 , 64	 , 49.99808, 
20	 , 51670	 , 50	 , 61	 , 49.99808, 
20	 , 51612	 , 63	 , 66	 , 49.99808, 
20	 , 51932	 , 60	 , 63	 , 49.99808, 
20	 , 51854	 , 63	 , 66	 , 49.99808, 
20	 , 52010	 , 54	 , 66	 , 49.99808, 
20	 , 51310	 , 60	 , 67	 , 49.99808, 
20	 , 51662	 , 59	 , 68	 , 49.99808, 
20	 , 52046	 , 57	 , 63	 , 49.99808, 
20	 , 51260	 , 54	 , 65	 , 49.99808, 
20	 , 51686	 , 52	 , 63	 , 149.70473, 
20	 , 51622	 , 54	 , 67	 , 49.99808, 
20	 , 51342	 , 57	 , 64	 , 49.99808, 
20	 , 51570	 , 33	 , 67	 , 49.99808, 
20	 , 51314	 , 42	 , 64	 , 149.70473, 
20	 , 51648	 , 50	 , 64	 , 149.70473, 
20	 , 51828	 , 57	 , 61	 , 149.70473, 
20	 , 51928	 , 58	 , 63	 , 49.99808, 
50	 , 52006	 , 19	 , 26	 , 49.99808, 
50	 , 52088	 , 3	 , 26	 , 147.34256, 
50	 , 51214	 , 18	 , 25	 , 149.70473, 
50	 , 53026	 , 22	 , 25	 , 149.70473, 
50	 , 52062	 , 24	 , 25	 , 149.70473, 
50	 , 51444	 , 21	 , 24	 , 149.70473, 
50	 , 52620	 , 23	 , 25	 , 49.99808, 
50	 , 53102	 , 18	 , 26	 , 49.99808, 
50	 , 51296	 , 20	 , 23	 , 49.99808, 
50	 , 52826	 , 21	 , 25	 , 149.70473, 
50	 , 52702	 , 19	 , 24	 , 149.70473, 
50	 , 53450	 , 17	 , 27	 , 49.99808, 
50	 , 53652	 , 23	 , 26	 , 49.99808, 
50	 , 53192	 , 20	 , 23	 , 149.70473, 
50	 , 51672	 , 20	 , 23	 , 49.99808, 
50	 , 52524	 , 23	 , 25	 , 149.70473, 
50	 , 52462	 , 19	 , 24	 , 149.70473, 
50	 , 51816	 , 20	 , 25	 , 149.70473, 
50	 , 52850	 , 21	 , 25	 , 49.99808, 
50	 , 52468	 , 21	 , 24	 , 49.99808, 
50	 , 53494	 , 23	 , 24	 , 49.99808, 
50	 , 51508	 , 22	 , 26	 , 149.70473, 
50	 , 53470	 , 22	 , 24	 , 49.99808, 
50	 , 52614	 , 23	 , 24	 , 49.99808, 
50	 , 53610	 , 20	 , 24	 , 149.70473, 
50	 , 52520	 , 19	 , 22	 , 149.70473, 
50	 , 52140	 , 19	 , 25	 , 49.99808, 
50	 , 53254	 , 24	 , 26	 , 149.70473, 
50	 , 52736	 , 21	 , 25	 , 49.99808, 
50	 , 53570	 , 18	 , 25	 , 49.99808, 
50	 , 51272	 , 10	 , 25	 , 149.70473, 
50	 , 51554	 , 22	 , 25	 , 49.99808, 
50	 , 52854	 , 20	 , 25	 , 49.99808, 
50	 , 52580	 , 25	 , 28	 , 49.99039, 
50	 , 52194	 , 22	 , 25	 , 149.70473, 
50	 , 53404	 , 22	 , 25	 , 149.70473, 
50	 , 52876	 , 22	 , 25	 , 49.99808, 
50	 , 52326	 , 21	 , 24	 , 149.70473, 
50	 , 51838	 , 18	 , 26	 , 49.99808, 
50	 , 52572	 , 21	 , 24	 , 49.99808, 
50	 , 51218	 , 15	 , 25	 , 49.99808, 
50	 , 52754	 , 20	 , 23	 , 49.99808, 
50	 , 52438	 , 17	 , 24	 , 149.70473, 
50	 , 51590	 , 16	 , 27	 , 148.52364, 
50	 , 53034	 , 19	 , 23	 , 49.99808, 
50	 , 51796	 , 20	 , 23	 , 49.99808, 
50	 , 52820	 , 9	 , 27	 , 149.70473, 
50	 , 51788	 , 21	 , 24	 , 49.99808, 
50	 , 51920	 , 21	 , 24	 , 149.70473, 
50	 , 52844	 , 23	 , 24	 , 149.70473, 
50	 , 52558	 , 20	 , 25	 , 149.70473, 
50	 , 52202	 , 18	 , 25	 , 49.99808, 
50	 , 52554	 , 21	 , 24	 , 49.99808, 
50	 , 51236	 , 21	 , 23	 , 149.70473, 
50	 , 53070	 , 20	 , 25	 , 49.99808, 
50	 , 51476	 , 20	 , 23	 , 49.99808, 
50	 , 53030	 , 24	 , 25	 , 49.99808, 
50	 , 51534	 , 21	 , 25	 , 49.99808, 
50	 , 52778	 , 21	 , 26	 , 149.70473, 
50	 , 51866	 , 21	 , 24	 , 149.70473, 
50	 , 53178	 , 23	 , 26	 , 149.70473, 
50	 , 51802	 , 19	 , 23	 , 49.99808, 
50	 , 53336	 , 20	 , 24	 , 149.70473, 
50	 , 52794	 , 16	 , 26	 , 49.99808, 
50	 , 51316	 , 20	 , 24	 , 49.99808, 
50	 , 53464	 , 22	 , 25	 , 49.99808, 
50	 , 52592	 , 20	 , 24	 , 149.70473, 
50	 , 51402	 , 21	 , 24	 , 149.70473, 
50	 , 51340	 , 23	 , 24	 , 149.70473, 
50	 , 53176	 , 18	 , 25	 , 149.70473, 
50	 , 52104	 , 17	 , 21	 , 149.70473, 
50	 , 51564	 , 18	 , 25	 , 49.99808, 
50	 , 51282	 , 23	 , 26	 , 49.99808, 
50	 , 52552	 , 22	 , 25	 , 49.99808, 
50	 , 51446	 , 20	 , 25	 , 149.70473, 
50	 , 52288	 , 22	 , 26	 , 149.70473, 
50	 , 53512	 , 15	 , 28	 , 49.99808, 
50	 , 53510	 , 23	 , 25	 , 149.70473, 
50	 , 52896	 , 19	 , 27	 , 49.99808, 
50	 , 51778	 , 18	 , 23	 , 149.70473, 
50	 , 52352	 , 21	 , 24	 , 49.99808, 
50	 , 51768	 , 16	 , 26	 , 149.70473, 
50	 , 51382	 , 22	 , 23	 , 149.70473, 
50	 , 53048	 , 22	 , 24	 , 49.99808, 
50	 , 51652	 , 18	 , 24	 , 149.70473, 
50	 , 53930	 , 21	 , 25	 , 149.70473, 
50	 , 53242	 , 21	 , 24	 , 149.70473, 
50	 , 53174	 , 19	 , 26	 , 49.99808, 
50	 , 51638	 , 20	 , 26	 , 49.99808, 
50	 , 53292	 , 17	 , 26	 , 49.99808, 
50	 , 52912	 , 22	 , 25	 , 149.70473, 
50	 , 52580	 , 25	 , 27	 , 49.99808, 
50	 , 53360	 , 20	 , 25	 , 49.99808, 
50	 , 51882	 , 23	 , 26	 , 49.99808, 
50	 , 52056	 , 22	 , 25	 , 49.99808, 
50	 , 52394	 , 19	 , 22	 , 49.99808, 
50	 , 52012	 , 20	 , 26	 , 149.70473, 
50	 , 52346	 , 22	 , 25	 , 49.99808, 
50	 , 51354	 , 17	 , 24	 , 149.70473, 
50	 , 53300	 , 19	 , 26	 , 49.99808, 
50	 , 53032	 , 22	 , 26	 , 49.99808, 
50	 , 52924	 , 23	 , 25	 , 149.70473, 
50	 , 53536	 , 24	 , 26	 , 49.99808, 
50	 , 52766	 , 23	 , 26	 , 49.99808, 
50	 , 52822	 , 22	 , 25	 , 49.99808, 
50	 , 52390	 , 23	 , 26	 , 49.99808, 
50	 , 52726	 , 22	 , 25	 , 149.70473, 
50	 , 53172	 , 22	 , 26	 , 49.99808, 
50	 , 51846	 , 20	 , 25	 , 49.99808, 
50	 , 52206	 , 19	 , 22	 , 149.70473, 
50	 , 51370	 , 12	 , 23	 , 149.70473, 
50	 , 51412	 , 20	 , 22	 , 49.99808, 
50	 , 53094	 , 23	 , 24	 , 49.99808, 
50	 , 51328	 , 22	 , 25	 , 49.99808, 
50	 , 52506	 , 22	 , 25	 , 149.70473, 
50	 , 52858	 , 18	 , 26	 , 49.99808, 
50	 , 52054	 , 18	 , 24	 , 149.70473, 
50	 , 53326	 , 21	 , 27	 , 49.99808, 
50	 , 52202	 , 21	 , 25	 , 49.99808, 
50	 , 53350	 , 20	 , 23	 , 149.70473, 
50	 , 52890	 , 23	 , 28	 , 49.99808, 
50	 , 52682	 , 21	 , 24	 , 49.99808, 
50	 , 51592	 , 25	 , 26	 , 49.99808, 
50	 , 52544	 , 24	 , 25	 , 49.99808, 
50	 , 52712	 , 21	 , 26	 , 49.99808, 
50	 , 52378	 , 23	 , 26	 , 49.99808, 
50	 , 53186	 , 20	 , 25	 , 49.99808, 
50	 , 51272	 , 19	 , 25	 , 149.70473, 
50	 , 52972	 , 22	 , 25	 , 49.99808, 
50	 , 51714	 , 21	 , 24	 , 149.70473, 
50	 , 51204	 , 21	 , 24	 , 49.99808, 
50	 , 51320	 , 23	 , 25	 , 149.70473, 
50	 , 53014	 , 21	 , 26	 , 49.99808, 
50	 , 52184	 , 18	 , 25	 , 49.99808, 
50	 , 52456	 , 25	 , 26	 , 49.99808, 
50	 , 52880	 , 18	 , 26	 , 149.70473, 
50	 , 53004	 , 21	 , 24	 , 149.70473, 
50	 , 52596	 , 20	 , 24	 , 149.70473, 
50	 , 52250	 , 21	 , 24	 , 49.99808, 
50	 , 52256	 , 18	 , 25	 , 49.99808, 
50	 , 52048	 , 17	 , 24	 , 149.70473, 
50	 , 52578	 , 19	 , 24	 , 49.99808, 
50	 , 52782	 , 23	 , 26	 , 49.99808, 
50	 , 53178	 , 20	 , 27	 , 49.99808, 
50	 , 52422	 , 22	 , 25	 , 149.70473, 
50	 , 51340	 , 21	 , 24	 , 49.99808, 
50	 , 52412	 , 17	 , 26	 , 148.52364, 
50	 , 53198	 , 22	 , 25	 , 149.70473, 
50	 , 52128	 , 15	 , 24	 , 149.70473, 
50	 , 52128	 , 22	 , 25	 , 149.70473, 
50	 , 52422	 , 17	 , 24	 , 149.70473, 
50	 , 51896	 , 22	 , 25	 , 49.99808, 
50	 , 51468	 , 20	 , 23	 , 49.99808, 
50	 , 52824	 , 20	 , 23	 , 149.70473, 
50	 , 53186	 , 20	 , 24	 , 49.99808, 
50	 , 52218	 , 21	 , 24	 , 49.99808, 
50	 , 51252	 , 25	 , 26	 , 49.99808, 
50	 , 51990	 , 20	 , 23	 , 49.99808, 
50	 , 51516	 , 20	 , 23	 , 49.99808, 
50	 , 52696	 , 21	 , 24	 , 149.70473, 
50	 , 52036	 , 20	 , 24	 , 149.70473, 
50	 , 52834	 , 21	 , 25	 , 149.70473, 
50	 , 51258	 , 21	 , 24	 , 49.99808, 
50	 , 52360	 , 21	 , 25	 , 149.70473, 
50	 , 53174	 , 17	 , 26	 , 149.70473, 
50	 , 52936	 , 19	 , 26	 , 149.70473, 
50	 , 52124	 , 22	 , 24	 , 49.99808, 
50	 , 52464	 , 18	 , 27	 , 148.52364, 
50	 , 51308	 , 21	 , 23	 , 49.99808, 
50	 , 51342	 , 20	 , 24	 , 49.99808, 
50	 , 51542	 , 22	 , 25	 , 149.70473, 
50	 , 51854	 , 19	 , 24	 , 149.70473, 
50	 , 51806	 , 22	 , 24	 , 49.99808, 
50	 , 51730	 , 22	 , 25	 , 49.99808, 
50	 , 52992	 , 21	 , 25	 , 149.70473, 
50	 , 51972	 , 24	 , 26	 , 49.99808, 
50	 , 53082	 , 18	 , 25	 , 149.70473, 
50	 , 51382	 , 19	 , 23	 , 49.99808, 
50	 , 52472	 , 19	 , 25	 , 149.70473, 
50	 , 52590	 , 20	 , 26	 , 49.99808, 
50	 , 52400	 , 19	 , 22	 , 149.70473, 
50	 , 53382	 , 22	 , 26	 , 49.99808, 
50	 , 51944	 , 23	 , 25	 , 149.70473, 
50	 , 52554	 , 23	 , 25	 , 49.99808, 
50	 , 52162	 , 20	 , 25	 , 149.70473, 
50	 , 52214	 , 22	 , 24	 , 49.99808, 
50	 , 51622	 , 23	 , 27	 , 49.99808, 
50	 , 51708	 , 23	 , 27	 , 49.99808, 
50	 , 52880	 , 19	 , 26	 , 49.99808, 
50	 , 52834	 , 21	 , 26	 , 49.99808, 
50	 , 52542	 , 18	 , 22	 , 49.99808, 
50	 , 51936	 , 21	 , 24	 , 49.99808, 
50	 , 51562	 , 21	 , 25	 , 49.99808, 
50	 , 52514	 , 19	 , 25	 , 149.70473, 
50	 , 52646	 , 19	 , 26	 , 49.99808, 
50	 , 53008	 , 21	 , 25	 , 49.99808, 
50	 , 53080	 , 22	 , 28	 , 49.99808, 
50	 , 52252	 , 19	 , 22	 , 149.70473, 
50	 , 53702	 , 22	 , 25	 , 49.99808, 
50	 , 51598	 , 23	 , 24	 , 49.99808, 
50	 , 53402	 , 22	 , 27	 , 49.99808, 
50	 , 52502	 , 21	 , 23	 , 149.70473, 
50	 , 52704	 , 23	 , 24	 , 149.70473, 
50	 , 51210	 , 23	 , 24	 , 149.70473, 
50	 , 51664	 , 15	 , 26	 , 149.70473, 
50	 , 52460	 , 19	 , 25	 , 49.99808, 
50	 , 52930	 , 21	 , 24	 , 49.99808, 
50	 , 52174	 , 24	 , 27	 , 49.99808, 
50	 , 51358	 , 19	 , 22	 , 149.70473, 
50	 , 52820	 , 20	 , 24	 , 49.99808, 
50	 , 52374	 , 17	 , 27	 , 149.70473, 
50	 , 53260	 , 22	 , 25	 , 49.99808, 
50	 , 51918	 , 0	 , 28	 , 149.40946, 
50	 , 52222	 , 20	 , 24	 , 149.70473, 
50	 , 52322	 , 19	 , 25	 , 49.99808, 
50	 , 52762	 , 23	 , 25	 , 149.70473, 
50	 , 52952	 , 22	 , 24	 , 49.99808, 
50	 , 53126	 , 22	 , 25	 , 49.99808, 
50	 , 52920	 , 22	 , 25	 , 49.99808, 
50	 , 51956	 , 22	 , 25	 , 49.99808, 
50	 , 53162	 , 21	 , 24	 , 49.99808, 
50	 , 52224	 , 24	 , 27	 , 49.99808, 
50	 , 51722	 , 16	 , 26	 , 149.70473, 
50	 , 53052	 , 20	 , 25	 , 49.99808, 
50	 , 51290	 , 20	 , 25	 , 49.99808, 
50	 , 51232	 , 22	 , 25	 , 149.70473, 
50	 , 53026	 , 21	 , 25	 , 49.99808, 
50	 , 52964	 , 21	 , 24	 , 49.99808, 
50	 , 52258	 , 20	 , 23	 , 49.99808, 
50	 , 53332	 , 24	 , 25	 , 49.99808, 
50	 , 52500	 , 21	 , 24	 , 149.70473, 
50	 , 52872	 , 16	 , 26	 , 148.52364, 
50	 , 51714	 , 23	 , 26	 , 49.99808, 
50	 , 51304	 , 10	 , 27	 , 149.70473, 
50	 , 52670	 , 21	 , 24	 , 49.99808, 
50	 , 51744	 , 21	 , 24	 , 149.70473, 
50	 , 51696	 , 0	 , 28	 , 149.70473, 
50	 , 51516	 , 22	 , 27	 , 49.99808, 
50	 , 52824	 , 23	 , 26	 , 49.99808, 
50	 , 51512	 , 19	 , 23	 , 49.99808, 
50	 , 52138	 , 18	 , 24	 , 49.99808, 
50	 , 52582	 , 23	 , 25	 , 149.70473, 
50	 , 51834	 , 13	 , 25	 , 149.70473, 
50	 , 52794	 , 19	 , 25	 , 49.99808, 
50	 , 52502	 , 24	 , 25	 , 49.99808, 
50	 , 52416	 , 20	 , 25	 , 149.70473, 
50	 , 51202	 , 20	 , 23	 , 49.99808, 
50	 , 52424	 , 22	 , 25	 , 49.99808, 
50	 , 53026	 , 22	 , 23	 , 49.99808, 
50	 , 52248	 , 18	 , 27	 , 49.99808, 
100	 , 51802	 , 8	 , 13	 , 149.70473, 
100	 , 54236	 , 10	 , 13	 , 149.70473, 
100	 , 52232	 , 11	 , 13	 , 49.99808, 
100	 , 55528	 , 10	 , 14	 , 149.70473, 
100	 , 54938	 , 10	 , 13	 , 149.70473, 
100	 , 53554	 , 12	 , 13	 , 149.70473, 
100	 , 56002	 , 11	 , 14	 , 149.70473, 
100	 , 54514	 , 11	 , 13	 , 49.99808, 
100	 , 54820	 , 12	 , 13	 , 49.99808, 
100	 , 56112	 , 11	 , 14	 , 149.70473, 
100	 , 55466	 , 10	 , 13	 , 149.70473, 
100	 , 53776	 , 10	 , 13	 , 149.70473, 
100	 , 52538	 , 10	 , 13	 , 149.70473, 
100	 , 53732	 , 11	 , 14	 , 149.70473, 
100	 , 54910	 , 10	 , 14	 , 149.70473, 
100	 , 54240	 , 9	 , 13	 , 149.70473, 
100	 , 51664	 , 9	 , 13	 , 149.70473, 
100	 , 52704	 , 11	 , 13	 , 49.99808, 
100	 , 55284	 , 12	 , 14	 , 149.70473, 
100	 , 52854	 , 10	 , 12	 , 49.99808, 
100	 , 53400	 , 10	 , 13	 , 149.70473, 
100	 , 52874	 , 9	 , 13	 , 149.70473, 
100	 , 53786	 , 9	 , 14	 , 149.70473, 
100	 , 51230	 , 9	 , 13	 , 149.70473, 
100	 , 52932	 , 9	 , 12	 , 149.70473, 
100	 , 53648	 , 10	 , 14	 , 149.70473, 
100	 , 56902	 , 8	 , 14	 , 49.99808, 
100	 , 55786	 , 11	 , 14	 , 49.99808, 
100	 , 52066	 , 10	 , 13	 , 149.70473, 
100	 , 56120	 , 9	 , 13	 , 149.70473, 
100	 , 55922	 , 11	 , 14	 , 49.99808, 
100	 , 55216	 , 8	 , 14	 , 149.70473, 
100	 , 54276	 , 10	 , 13	 , 49.99808, 
100	 , 56568	 , 11	 , 14	 , 149.70473, 
100	 , 51674	 , 9	 , 14	 , 149.70473, 
100	 , 52934	 , 10	 , 13	 , 149.70473, 
100	 , 55496	 , 10	 , 13	 , 149.70473, 
100	 , 53852	 , 9	 , 13	 , 149.70473, 
100	 , 52250	 , 10	 , 13	 , 49.99808, 
100	 , 52012	 , 10	 , 13	 , 49.99808, 
100	 , 52522	 , 7	 , 13	 , 149.70473, 
100	 , 54884	 , 10	 , 14	 , 49.99808, 
100	 , 52700	 , 10	 , 13	 , 149.70473, 
100	 , 53398	 , 11	 , 14	 , 149.70473, 
100	 , 53014	 , 11	 , 13	 , 49.99808, 
100	 , 55126	 , 10	 , 14	 , 49.99808, 
100	 , 52630	 , 3	 , 14	 , 49.99808, 
100	 , 52100	 , 9	 , 13	 , 149.70473, 
100	 , 53304	 , 10	 , 13	 , 149.70473, 
100	 , 53064	 , 10	 , 13	 , 49.99808, 
100	 , 51826	 , 7	 , 13	 , 149.70473, 
100	 , 52666	 , 10	 , 13	 , 49.99808, 
100	 , 55582	 , 11	 , 13	 , 149.70473, 
100	 , 55618	 , 11	 , 13	 , 49.99808, 
100	 , 54264	 , 8	 , 13	 , 149.70473, 
100	 , 52396	 , 11	 , 13	 , 49.99808, 
100	 , 53896	 , 11	 , 14	 , 149.70473, 
100	 , 53066	 , 10	 , 13	 , 149.70473, 
100	 , 54388	 , 11	 , 14	 , 49.99808, 
100	 , 52680	 , 9	 , 14	 , 149.70473, 
100	 , 53722	 , 11	 , 12	 , 149.70473, 
100	 , 53224	 , 9	 , 13	 , 49.99808, 
100	 , 55932	 , 10	 , 13	 , 149.70473, 
100	 , 52730	 , 12	 , 13	 , 149.70473, 
100	 , 55030	 , 10	 , 14	 , 149.70473, 
100	 , 55550	 , 10	 , 13	 , 149.70473, 
100	 , 53232	 , 10	 , 13	 , 49.99808, 
100	 , 53930	 , 11	 , 14	 , 49.99808, 
100	 , 52150	 , 8	 , 13	 , 149.70473, 
100	 , 53808	 , 11	 , 14	 , 49.99808, 
100	 , 52286	 , 8	 , 14	 , 149.70473, 
100	 , 54788	 , 10	 , 13	 , 49.99808, 
100	 , 55012	 , 10	 , 13	 , 149.70473, 
100	 , 54758	 , 11	 , 14	 , 49.99808, 
100	 , 52444	 , 10	 , 13	 , 149.70473, 
100	 , 52204	 , 12	 , 13	 , 149.70473, 
100	 , 54224	 , 11	 , 14	 , 49.99808, 
100	 , 51346	 , 9	 , 12	 , 49.99808, 
100	 , 51442	 , 9	 , 13	 , 149.70473, 
100	 , 55742	 , 10	 , 13	 , 149.70473, 
100	 , 54630	 , 10	 , 13	 , 149.70473, 
100	 , 54126	 , 10	 , 14	 , 149.70473, 
100	 , 52096	 , 10	 , 13	 , 49.99808, 
100	 , 56108	 , 13	 , 14	 , 49.99808, 
100	 , 55812	 , 10	 , 14	 , 149.70473, 
100	 , 52002	 , 9	 , 12	 , 149.70473, 
100	 , 53400	 , 11	 , 12	 , 149.70473, 
100	 , 56650	 , 9	 , 13	 , 149.70473, 
100	 , 52010	 , 9	 , 13	 , 149.70473, 
100	 , 51812	 , 11	 , 12	 , 149.70473, 
100	 , 51518	 , 10	 , 13	 , 149.70473, 
100	 , 51482	 , 10	 , 13	 , 49.99808, 
100	 , 54180	 , 10	 , 13	 , 149.70473, 
100	 , 54070	 , 8	 , 13	 , 149.70473, 
100	 , 54558	 , 10	 , 13	 , 149.70473, 
100	 , 55078	 , 10	 , 13	 , 149.70473, 
100	 , 56672	 , 10	 , 13	 , 149.70473, 
100	 , 55052	 , 10	 , 14	 , 149.70473, 
100	 , 52586	 , 9	 , 14	 , 49.99808, 
100	 , 53986	 , 12	 , 13	 , 49.99808, 
100	 , 55856	 , 7	 , 15	 , 49.99808, 
100	 , 55652	 , 11	 , 14	 , 49.99808, 
100	 , 56462	 , 10	 , 14	 , 149.70473, 
100	 , 54832	 , 11	 , 15	 , 49.99808, 
100	 , 53830	 , 10	 , 13	 , 49.99808, 
100	 , 53194	 , 10	 , 13	 , 149.70473, 
100	 , 53328	 , 9	 , 14	 , 49.99808, 
100	 , 51384	 , 9	 , 12	 , 149.70473, 
100	 , 52488	 , 10	 , 13	 , 49.99808, 
100	 , 53146	 , 10	 , 13	 , 149.70473, 
100	 , 53344	 , 12	 , 15	 , 148.52364, 
100	 , 53204	 , 11	 , 13	 , 49.99808, 
100	 , 53912	 , 10	 , 13	 , 149.70473, 
100	 , 52076	 , 10	 , 13	 , 49.99808, 
100	 , 51924	 , 12	 , 13	 , 49.99808, 
100	 , 52784	 , 11	 , 13	 , 149.70473, 
100	 , 51372	 , 9	 , 13	 , 149.70473, 
100	 , 55730	 , 10	 , 13	 , 149.70473, 
100	 , 55344	 , 11	 , 13	 , 49.99808, 
100	 , 51402	 , 10	 , 12	 , 149.70473, 
100	 , 55200	 , 11	 , 14	 , 49.99808, 
100	 , 51558	 , 10	 , 11	 , 49.99808, 
100	 , 55116	 , 10	 , 13	 , 149.70473, 
100	 , 54198	 , 9	 , 13	 , 149.70473, 
100	 , 53640	 , 10	 , 13	 , 149.70473, 
100	 , 53086	 , 12	 , 14	 , 49.99808, 
100	 , 51888	 , 9	 , 12	 , 149.70473, 
100	 , 51642	 , 12	 , 13	 , 149.70473, 
100	 , 52066	 , 9	 , 14	 , 149.70473, 
100	 , 53814	 , 10	 , 13	 , 149.70473, 
100	 , 54640	 , 10	 , 13	 , 49.99808, 
100	 , 54922	 , 11	 , 15	 , 49.99808, 
100	 , 55188	 , 8	 , 13	 , 149.70473, 
100	 , 52920	 , 10	 , 13	 , 149.70473, 
100	 , 54562	 , 11	 , 13	 , 49.99808, 
100	 , 51434	 , 9	 , 14	 , 49.99808, 
100	 , 52030	 , 10	 , 13	 , 49.99808, 
100	 , 52978	 , 8	 , 14	 , 49.99808, 
100	 , 54946	 , 9	 , 14	 , 149.70473, 
100	 , 51928	 , 11	 , 13	 , 49.99808, 
100	 , 54822	 , 9	 , 14	 , 49.99808, 
100	 , 52610	 , 12	 , 13	 , 49.99808, 
100	 , 56346	 , 9	 , 14	 , 49.99808, 
100	 , 52254	 , 11	 , 12	 , 49.99808, 
100	 , 52534	 , 10	 , 14	 , 49.99808, 
100	 , 51544	 , 9	 , 12	 , 149.70473, 
100	 , 55662	 , 10	 , 13	 , 149.70473, 
100	 , 53578	 , 12	 , 13	 , 149.70473, 
100	 , 53260	 , 10	 , 13	 , 49.99808, 
100	 , 53026	 , 12	 , 13	 , 49.99808, 
100	 , 52152	 , 10	 , 13	 , 49.99808, 
100	 , 53870	 , 11	 , 14	 , 49.99808, 
100	 , 52078	 , 11	 , 12	 , 49.99808, 
100	 , 54010	 , 10	 , 14	 , 149.70473, 
100	 , 51300	 , 9	 , 12	 , 149.70473, 
100	 , 52578	 , 8	 , 14	 , 149.70473, 
100	 , 53008	 , 9	 , 13	 , 149.70473, 
100	 , 55026	 , 6	 , 14	 , 149.70473, 
100	 , 53230	 , 10	 , 13	 , 49.99808, 
100	 , 53418	 , 9	 , 13	 , 149.70473, 
100	 , 54664	 , 9	 , 13	 , 149.70473, 
100	 , 53820	 , 10	 , 13	 , 49.99808, 
100	 , 55438	 , 10	 , 14	 , 149.70473, 
100	 , 54138	 , 8	 , 13	 , 149.70473, 
100	 , 55328	 , 12	 , 13	 , 149.70473, 
100	 , 52310	 , 10	 , 13	 , 149.70473, 
100	 , 51998	 , 10	 , 12	 , 49.99808, 
100	 , 53588	 , 10	 , 13	 , 49.99808, 
100	 , 52898	 , 11	 , 14	 , 49.99808, 
100	 , 54390	 , 9	 , 14	 , 149.70473, 
100	 , 51986	 , 11	 , 12	 , 149.70473, 
100	 , 54706	 , 12	 , 14	 , 49.99808, 
100	 , 52958	 , 10	 , 14	 , 49.99808, 
100	 , 54568	 , 11	 , 14	 , 149.70473, 
100	 , 53284	 , 7	 , 14	 , 49.99808, 
100	 , 51428	 , 10	 , 13	 , 149.70473, 
100	 , 54254	 , 9	 , 14	 , 149.70473, 
100	 , 52106	 , 10	 , 13	 , 149.70473, 
100	 , 53470	 , 11	 , 14	 , 149.70473, 
100	 , 53562	 , 11	 , 13	 , 49.99808, 
100	 , 53746	 , 9	 , 12	 , 149.70473, 
100	 , 51302	 , 9	 , 13	 , 149.70473, 
100	 , 53062	 , 10	 , 13	 , 149.70473, 
100	 , 55764	 , 11	 , 14	 , 149.70473, 
100	 , 52564	 , 9	 , 12	 , 149.70473, 
100	 , 53090	 , 9	 , 13	 , 149.70473, 
100	 , 51908	 , 8	 , 13	 , 149.70473, 
100	 , 53820	 , 8	 , 13	 , 149.70473, 
100	 , 54554	 , 11	 , 12	 , 149.70473, 
100	 , 55988	 , 10	 , 13	 , 149.70473, 
100	 , 51560	 , 8	 , 13	 , 149.70473, 
100	 , 53014	 , 10	 , 13	 , 149.70473, 
100	 , 53272	 , 12	 , 13	 , 149.70473, 
100	 , 52780	 , 10	 , 13	 , 49.99808, 
100	 , 52880	 , 9	 , 13	 , 149.70473, 
100	 , 55570	 , 10	 , 14	 , 149.70473, 
100	 , 54868	 , 10	 , 14	 , 149.70473, 
100	 , 51720	 , 9	 , 13	 , 149.70473, 
100	 , 52406	 , 9	 , 13	 , 149.70473, 
100	 , 54930	 , 10	 , 14	 , 149.70473, 
100	 , 51910	 , 10	 , 12	 , 49.99808, 
100	 , 51678	 , 9	 , 12	 , 149.70473, 
100	 , 54092	 , 11	 , 12	 , 149.70473, 
100	 , 54568	 , 9	 , 14	 , 149.70473, 
100	 , 52004	 , 8	 , 14	 , 149.70473, 
100	 , 52114	 , 9	 , 13	 , 149.70473, 
100	 , 54854	 , 10	 , 13	 , 149.70473, 
100	 , 55056	 , 12	 , 14	 , 49.99808, 
100	 , 54244	 , 8	 , 14	 , 149.70473, 
100	 , 56466	 , 11	 , 14	 , 149.70473, 
100	 , 53932	 , 10	 , 13	 , 149.70473, 
100	 , 54936	 , 8	 , 15	 , 149.70473, 
100	 , 53800	 , 11	 , 14	 , 49.99808, 
100	 , 53510	 , 11	 , 14	 , 149.70473, 
100	 , 56244	 , 9	 , 14	 , 149.70473, 
100	 , 56280	 , 9	 , 13	 , 49.99808, 
100	 , 53310	 , 11	 , 13	 , 149.70473, 
100	 , 54206	 , 12	 , 13	 , 149.70473, 
100	 , 52496	 , 10	 , 13	 , 49.99808, 
100	 , 51606	 , 8	 , 13	 , 149.70473, 
100	 , 51298	 , 8	 , 13	 , 149.70473, 
100	 , 53270	 , 10	 , 14	 , 49.99808, 
100	 , 54960	 , 10	 , 14	 , 149.70473, 
100	 , 55212	 , 8	 , 15	 , 149.70473, 
100	 , 54786	 , 11	 , 14	 , 149.70473, 
100	 , 52474	 , 10	 , 12	 , 49.99808, 
100	 , 55506	 , 13	 , 14	 , 49.99808, 
100	 , 54200	 , 11	 , 14	 , 149.70473, 
100	 , 51878	 , 10	 , 13	 , 149.70473, 
100	 , 51800	 , 11	 , 12	 , 149.70473, 
100	 , 55256	 , 10	 , 13	 , 149.70473, 
100	 , 52274	 , 9	 , 14	 , 149.70473, 
100	 , 51380	 , 10	 , 13	 , 149.70473, 
100	 , 52390	 , 11	 , 13	 , 49.99808, 
100	 , 51746	 , 11	 , 14	 , 49.99808, 
100	 , 53504	 , 9	 , 13	 , 149.70473, 
100	 , 51360	 , 10	 , 13	 , 49.99808, 
100	 , 55812	 , 11	 , 14	 , 149.70473, 
100	 , 51252	 , 10	 , 13	 , 149.70473, 
100	 , 52658	 , 9	 , 13	 , 49.99808, 
100	 , 51556	 , 9	 , 13	 , 149.70473, 
100	 , 55656	 , 10	 , 13	 , 49.99808, 
100	 , 55158	 , 12	 , 13	 , 49.99808, 
100	 , 53944	 , 13	 , 14	 , 49.99808, 
100	 , 53630	 , 9	 , 14	 , 149.70473, 
100	 , 52638	 , 9	 , 12	 , 149.70473, 
100	 , 54738	 , 12	 , 14	 , 49.99808, 
100	 , 52024	 , 10	 , 13	 , 49.99808, 
100	 , 51656	 , 8	 , 12	 , 149.70473, 
100	 , 52998	 , 9	 , 14	 , 49.99808, 
150	 , 51848	 , 5	 , 10	 , 149.70473, 
150	 , 53868	 , 7	 , 10	 , 149.70473, 
150	 , 56616	 , 8	 , 10	 , 49.99808, 
150	 , 55516	 , 7	 , 10	 , 149.70473, 
150	 , 57528	 , 9	 , 11	 , 49.99808, 
150	 , 58592	 , 7	 , 10	 , 149.70473, 
150	 , 55608	 , 7	 , 9	 , 49.99808, 
150	 , 54330	 , 9	 , 10	 , 49.99808, 
150	 , 54168	 , 6	 , 9	 , 149.70473, 
150	 , 56298	 , 6	 , 10	 , 149.70473, 
150	 , 52298	 , 6	 , 9	 , 149.70473, 
150	 , 58850	 , 7	 , 10	 , 149.70473, 
150	 , 52748	 , 8	 , 9	 , 149.70473, 
150	 , 52204	 , 8	 , 9	 , 149.70473, 
150	 , 53924	 , 6	 , 10	 , 149.70473, 
150	 , 54796	 , 7	 , 10	 , 149.70473, 
150	 , 55100	 , 7	 , 10	 , 49.99808, 
150	 , 55094	 , 8	 , 10	 , 149.70473, 
150	 , 54290	 , 6	 , 10	 , 149.70473, 
150	 , 56224	 , 8	 , 10	 , 49.99808, 
150	 , 52302	 , 5	 , 10	 , 149.70473, 
150	 , 52706	 , 6	 , 9	 , 149.70473, 
150	 , 57886	 , 8	 , 9	 , 149.70473, 
150	 , 55184	 , 6	 , 10	 , 149.70473, 
150	 , 58448	 , 7	 , 10	 , 149.70473, 
150	 , 55714	 , 5	 , 10	 , 149.70473, 
150	 , 58336	 , 7	 , 10	 , 149.70473, 
150	 , 54466	 , 6	 , 10	 , 149.70473, 
150	 , 54036	 , 7	 , 10	 , 149.70473, 
150	 , 55438	 , 8	 , 10	 , 49.99808, 
150	 , 51680	 , 5	 , 10	 , 149.70473, 
150	 , 56512	 , 9	 , 10	 , 149.70473, 
150	 , 51574	 , 8	 , 9	 , 149.70473, 
150	 , 52238	 , 8	 , 9	 , 149.70473, 
150	 , 55564	 , 7	 , 10	 , 149.70473, 
150	 , 55982	 , 6	 , 9	 , 149.70473, 
150	 , 56028	 , 7	 , 10	 , 149.70473, 
150	 , 56398	 , 6	 , 10	 , 149.70473, 
150	 , 55434	 , 6	 , 10	 , 149.70473, 
150	 , 56428	 , 7	 , 10	 , 149.70473, 
150	 , 55472	 , 6	 , 10	 , 149.70473, 
150	 , 54694	 , 6	 , 10	 , 149.70473, 
150	 , 53416	 , 6	 , 10	 , 149.70473, 
150	 , 57566	 , 9	 , 10	 , 149.70473, 
150	 , 52742	 , 0	 , 9	 , 149.70473, 
150	 , 53588	 , 6	 , 10	 , 149.70473, 
150	 , 53030	 , 7	 , 10	 , 49.99808, 
150	 , 56062	 , 7	 , 9	 , 149.70473, 
150	 , 58390	 , 7	 , 10	 , 149.70473, 
150	 , 59276	 , 7	 , 10	 , 149.70473, 
150	 , 57770	 , 6	 , 10	 , 149.70473, 
150	 , 52218	 , 6	 , 9	 , 149.70473, 
150	 , 52452	 , 8	 , 9	 , 149.70473, 
150	 , 54466	 , 6	 , 9	 , 149.70473, 
150	 , 57464	 , 9	 , 10	 , 149.70473, 
150	 , 51770	 , 6	 , 9	 , 49.99808, 
150	 , 57930	 , 7	 , 10	 , 149.70473, 
150	 , 52408	 , 7	 , 10	 , 149.70473, 
150	 , 54874	 , 8	 , 10	 , 49.99808, 
150	 , 52020	 , 6	 , 10	 , 149.70473, 
150	 , 55562	 , 7	 , 10	 , 49.99808, 
150	 , 52286	 , 6	 , 10	 , 149.70473, 
150	 , 55788	 , 6	 , 10	 , 149.70473, 
150	 , 56786	 , 8	 , 9	 , 149.70473, 
150	 , 56668	 , 7	 , 10	 , 49.99808, 
150	 , 54972	 , 7	 , 9	 , 149.70473, 
150	 , 51438	 , 6	 , 9	 , 149.70473, 
150	 , 57120	 , 7	 , 10	 , 49.99808, 
150	 , 55252	 , 6	 , 10	 , 149.70473, 
150	 , 55062	 , 7	 , 9	 , 49.99808, 
150	 , 54722	 , 6	 , 9	 , 149.70473, 
150	 , 56312	 , 7	 , 10	 , 149.70473, 
150	 , 51998	 , 6	 , 9	 , 149.70473, 
150	 , 58320	 , 8	 , 9	 , 149.70473, 
150	 , 56992	 , 7	 , 10	 , 49.99808, 
150	 , 58094	 , 7	 , 10	 , 149.70473, 
150	 , 55930	 , 8	 , 10	 , 49.99808, 
150	 , 51330	 , 6	 , 9	 , 149.70473, 
150	 , 52414	 , 6	 , 10	 , 149.70473, 
150	 , 54802	 , 7	 , 10	 , 149.70473, 
150	 , 55940	 , 6	 , 9	 , 49.99808, 
150	 , 52066	 , 8	 , 9	 , 49.99808, 
150	 , 54814	 , 7	 , 10	 , 49.99808, 
150	 , 57578	 , 7	 , 10	 , 149.70473, 
150	 , 52256	 , 8	 , 9	 , 149.70473, 
150	 , 58018	 , 6	 , 10	 , 149.70473, 
150	 , 51376	 , 7	 , 9	 , 49.99808, 
150	 , 51396	 , 5	 , 10	 , 49.99808, 
150	 , 55442	 , 7	 , 10	 , 49.99808, 
150	 , 53720	 , 7	 , 10	 , 49.99808, 
150	 , 52718	 , 7	 , 9	 , 149.70473, 
150	 , 56988	 , 7	 , 10	 , 149.70473, 
150	 , 55114	 , 6	 , 9	 , 149.70473, 
150	 , 53578	 , 5	 , 10	 , 149.70473, 
150	 , 59932	 , 7	 , 10	 , 149.70473, 
150	 , 52618	 , 6	 , 10	 , 149.70473, 
150	 , 56188	 , 5	 , 10	 , 149.70473, 
150	 , 51400	 , 6	 , 9	 , 149.70473, 
150	 , 51996	 , 8	 , 9	 , 149.70473, 
150	 , 56916	 , 7	 , 10	 , 149.70473, 
150	 , 51758	 , 6	 , 9	 , 149.70473, 
150	 , 53626	 , 6	 , 10	 , 49.99808, 
150	 , 52354	 , 7	 , 10	 , 149.70473, 
150	 , 57608	 , 9	 , 10	 , 149.70473, 
150	 , 54600	 , 7	 , 10	 , 149.70473, 
150	 , 53762	 , 8	 , 9	 , 149.70473, 
150	 , 54650	 , 8	 , 9	 , 149.70473, 
150	 , 56226	 , 5	 , 10	 , 149.70473, 
150	 , 56682	 , 7	 , 10	 , 149.70473, 
150	 , 56578	 , 7	 , 10	 , 149.70473, 
150	 , 53786	 , 6	 , 9	 , 149.70473, 
150	 , 55394	 , 8	 , 9	 , 149.70473, 
150	 , 56880	 , 7	 , 10	 , 49.99808, 
150	 , 55674	 , 7	 , 10	 , 149.70473, 
150	 , 55304	 , 6	 , 9	 , 149.70473, 
150	 , 57648	 , 6	 , 11	 , 149.70473, 
150	 , 52908	 , 7	 , 10	 , 149.70473, 
150	 , 55686	 , 6	 , 10	 , 149.70473, 
150	 , 52564	 , 7	 , 9	 , 149.40946, 
150	 , 54830	 , 8	 , 10	 , 49.99808, 
150	 , 58032	 , 6	 , 10	 , 149.70473, 
150	 , 55218	 , 7	 , 10	 , 49.99808, 
150	 , 57044	 , 7	 , 10	 , 149.70473, 
150	 , 59742	 , 7	 , 10	 , 149.70473, 
150	 , 55182	 , 7	 , 10	 , 149.70473, 
150	 , 52492	 , 7	 , 9	 , 49.99808, 
150	 , 58278	 , 6	 , 10	 , 149.70473, 
150	 , 54464	 , 7	 , 10	 , 49.99808, 
150	 , 51938	 , 4	 , 10	 , 149.70473, 
150	 , 52870	 , 7	 , 9	 , 49.99808, 
150	 , 57268	 , 7	 , 10	 , 149.70473, 
150	 , 55520	 , 7	 , 10	 , 149.70473, 
150	 , 51922	 , 7	 , 9	 , 49.99808, 
150	 , 52986	 , 6	 , 9	 , 149.70473, 
150	 , 58262	 , 8	 , 10	 , 49.99808, 
150	 , 55596	 , 7	 , 10	 , 149.70473, 
150	 , 56866	 , 7	 , 10	 , 149.70473, 
150	 , 51942	 , 7	 , 9	 , 49.99616, 
150	 , 58102	 , 7	 , 10	 , 149.70473, 
150	 , 52566	 , 8	 , 9	 , 149.70473, 
150	 , 59124	 , 7	 , 10	 , 49.99808, 
150	 , 53748	 , 7	 , 9	 , 149.70473, 
150	 , 56004	 , 6	 , 9	 , 149.70473, 
150	 , 55864	 , 7	 , 10	 , 149.70473, 
150	 , 54130	 , 6	 , 10	 , 149.70473, 
150	 , 56864	 , 7	 , 10	 , 149.70473, 
150	 , 57788	 , 7	 , 10	 , 149.70473, 
150	 , 55096	 , 7	 , 9	 , 49.99808, 
150	 , 55788	 , 7	 , 10	 , 149.70473, 
150	 , 57334	 , 7	 , 10	 , 149.70473, 
150	 , 56330	 , 7	 , 10	 , 149.70473, 
150	 , 55992	 , 7	 , 10	 , 149.70473, 
150	 , 55512	 , 6	 , 10	 , 149.70473, 
150	 , 52194	 , 5	 , 9	 , 149.70473, 
150	 , 54098	 , 8	 , 9	 , 149.70473, 
150	 , 52018	 , 6	 , 9	 , 149.70473, 
150	 , 53854	 , 7	 , 10	 , 49.99808, 
150	 , 56056	 , 7	 , 10	 , 149.70473, 
150	 , 54022	 , 6	 , 10	 , 149.70473, 
150	 , 52146	 , 2	 , 10	 , 149.70473, 
150	 , 52290	 , 8	 , 9	 , 149.70473, 
150	 , 58322	 , 5	 , 9	 , 149.40946, 
150	 , 52072	 , 6	 , 10	 , 149.70473, 
150	 , 55972	 , 7	 , 10	 , 149.70473, 
150	 , 58484	 , 7	 , 10	 , 149.70473, 
150	 , 51734	 , 5	 , 10	 , 149.70473, 
150	 , 51688	 , 6	 , 9	 , 149.70473, 
150	 , 54160	 , 5	 , 10	 , 149.70473, 
150	 , 55020	 , 5	 , 10	 , 149.70473, 
150	 , 58774	 , 9	 , 10	 , 149.70473, 
150	 , 58316	 , 9	 , 10	 , 149.70473, 
150	 , 52474	 , 6	 , 9	 , 149.70473, 
150	 , 53354	 , 5	 , 10	 , 149.70473, 
150	 , 56000	 , 7	 , 10	 , 49.99808, 
150	 , 55848	 , 6	 , 10	 , 149.70473, 
150	 , 53950	 , 5	 , 9	 , 149.70473, 
150	 , 58868	 , 8	 , 9	 , 149.70473, 
150	 , 56022	 , 8	 , 10	 , 49.99808, 
150	 , 57406	 , 9	 , 10	 , 49.99808, 
150	 , 57402	 , 8	 , 10	 , 149.70473, 
150	 , 54720	 , 7	 , 10	 , 149.70473, 
150	 , 52886	 , 6	 , 9	 , 149.70473, 
150	 , 53514	 , 6	 , 10	 , 149.70473, 
150	 , 54392	 , 8	 , 9	 , 149.70473, 
150	 , 58492	 , 9	 , 10	 , 149.70473, 
150	 , 54094	 , 2	 , 10	 , 149.70473, 
150	 , 51224	 , 8	 , 9	 , 149.70473, 
150	 , 52626	 , 8	 , 9	 , 149.70473, 
150	 , 56910	 , 7	 , 10	 , 149.70473, 
150	 , 56398	 , 6	 , 10	 , 149.70473, 
150	 , 51598	 , 5	 , 10	 , 149.70473, 
150	 , 52588	 , 7	 , 10	 , 149.70473, 
150	 , 54940	 , 7	 , 9	 , 49.99808, 
150	 , 57366	 , 7	 , 10	 , 149.70473, 
150	 , 55596	 , 7	 , 10	 , 49.99808, 
150	 , 53588	 , 7	 , 9	 , 149.70473, 
150	 , 52686	 , 6	 , 9	 , 149.70473, 
150	 , 52822	 , 8	 , 9	 , 149.70473, 
150	 , 53594	 , 6	 , 9	 , 149.70473, 
150	 , 55668	 , 8	 , 9	 , 149.70473, 
150	 , 51876	 , 8	 , 10	 , 149.70473, 
150	 , 57254	 , 8	 , 9	 , 149.70473, 
150	 , 55788	 , 7	 , 10	 , 49.99808, 
150	 , 58438	 , 7	 , 9	 , 149.70473, 
150	 , 52988	 , 7	 , 10	 , 49.99808, 
150	 , 55478	 , 5	 , 10	 , 149.70473, 
150	 , 53372	 , 5	 , 9	 , 149.70473, 
150	 , 52716	 , 7	 , 10	 , 149.70473, 
150	 , 54704	 , 6	 , 9	 , 149.70473, 
150	 , 51686	 , 6	 , 9	 , 149.70473, 
150	 , 54944	 , 7	 , 10	 , 149.70473, 
150	 , 55492	 , 6	 , 10	 , 149.70473, 
150	 , 52848	 , 7	 , 9	 , 49.99808, 
150	 , 53256	 , 7	 , 9	 , 149.70473, 
150	 , 52120	 , 7	 , 9	 , 49.99808, 
150	 , 57370	 , 3	 , 11	 , 149.70473, 
150	 , 57252	 , 6	 , 10	 , 149.70473, 
150	 , 55190	 , 6	 , 9	 , 149.70473, 
150	 , 60104	 , 6	 , 10	 , 149.70473, 
150	 , 54726	 , 7	 , 10	 , 49.99808, 
150	 , 55664	 , 7	 , 10	 , 149.70473, 
150	 , 51648	 , 6	 , 9	 , 149.70473, 
150	 , 51738	 , 8	 , 9	 , 149.70473, 
150	 , 56598	 , 8	 , 9	 , 149.70473, 
150	 , 55940	 , 7	 , 10	 , 149.70473, 
150	 , 51816	 , 6	 , 10	 , 49.99808, 
150	 , 55908	 , 7	 , 10	 , 49.99808, 
150	 , 54196	 , 6	 , 10	 , 149.70473, 
150	 , 57266	 , 9	 , 10	 , 149.70473, 
150	 , 52350	 , 6	 , 9	 , 149.70473, 
150	 , 56734	 , 6	 , 10	 , 149.70473, 
150	 , 55958	 , 6	 , 9	 , 149.70473, 
150	 , 52440	 , 7	 , 9	 , 49.99808, 
150	 , 53504	 , 8	 , 9	 , 49.99808, 
150	 , 58944	 , 7	 , 10	 , 149.70473, 
150	 , 57838	 , 7	 , 10	 , 149.70473, 
150	 , 59814	 , 7	 , 10	 , 149.70473, 
150	 , 59702	 , 6	 , 9	 , 149.70473, 
150	 , 52186	 , 8	 , 9	 , 149.70473, 
150	 , 51820	 , 7	 , 10	 , 149.70473, 
150	 , 54108	 , 8	 , 9	 , 149.70473, 
150	 , 52276	 , 8	 , 9	 , 149.70473, 
150	 , 55522	 , 6	 , 10	 , 149.70473, 
150	 , 54502	 , 5	 , 10	 , 49.99808, 
150	 , 52210	 , 6	 , 9	 , 149.70473, 
150	 , 56026	 , 9	 , 10	 , 149.70473, 
150	 , 56308	 , 7	 , 10	 , 149.70473, 
150	 , 55296	 , 7	 , 10	 , 149.70473, 
150	 , 55588	 , 7	 , 10	 , 149.70473, 
150	 , 56918	 , 6	 , 10	 , 149.70473, 
200	 , 52788	 , 5	 , 8	 , 149.70473, 
200	 , 52934	 , 4	 , 8	 , 149.70473, 
200	 , 53462	 , 3	 , 8	 , 149.70473, 
200	 , 56440	 , 4	 , 8	 , 149.70473, 
200	 , 60828	 , 6	 , 8	 , 49.99808, 
200	 , 57978	 , 5	 , 8	 , 149.70473, 
200	 , 53474	 , 4	 , 7	 , 149.70473, 
200	 , 52962	 , 4	 , 8	 , 149.70473, 
200	 , 53910	 , 4	 , 8	 , 149.70473, 
200	 , 57926	 , 5	 , 8	 , 149.70473, 
200	 , 57914	 , 5	 , 8	 , 149.70473, 
200	 , 51922	 , 6	 , 7	 , 149.70473, 
200	 , 56156	 , 7	 , 8	 , 149.70473, 
200	 , 51580	 , 5	 , 7	 , 49.99808, 
200	 , 53218	 , 4	 , 8	 , 149.70473, 
200	 , 53740	 , 5	 , 8	 , 149.70473, 
200	 , 56888	 , 4	 , 8	 , 148.52364, 
200	 , 53358	 , 3	 , 8	 , 149.70473, 
200	 , 52106	 , 6	 , 7	 , 149.70473, 
200	 , 57660	 , 5	 , 8	 , 149.70473, 
200	 , 54964	 , 6	 , 8	 , 49.99808, 
200	 , 57406	 , 5	 , 8	 , 149.70473, 
200	 , 54346	 , 4	 , 7	 , 147.34256, 
200	 , 57724	 , 5	 , 8	 , 149.70473, 
200	 , 58070	 , 5	 , 8	 , 149.70473, 
200	 , 55264	 , 5	 , 8	 , 149.70473, 
200	 , 56538	 , 7	 , 8	 , 149.70473, 
200	 , 55836	 , 5	 , 8	 , 149.70473, 
200	 , 58004	 , 5	 , 8	 , 149.70473, 
200	 , 60614	 , 5	 , 8	 , 149.70473, 
200	 , 58394	 , 5	 , 8	 , 149.70473, 
200	 , 58056	 , 6	 , 8	 , 49.99808, 
200	 , 53402	 , 4	 , 8	 , 149.70473, 
200	 , 58122	 , 4	 , 8	 , 149.70473, 
200	 , 53858	 , 4	 , 8	 , 149.70473, 
200	 , 52028	 , 4	 , 7	 , 149.70473, 
200	 , 52670	 , 5	 , 8	 , 149.70473, 
200	 , 54104	 , 4	 , 8	 , 149.70473, 
200	 , 55416	 , 4	 , 8	 , 149.70473, 
200	 , 59110	 , 6	 , 8	 , 49.99808, 
200	 , 52830	 , 4	 , 8	 , 149.70473, 
200	 , 51592	 , 6	 , 7	 , 149.70473, 
200	 , 62114	 , 5	 , 8	 , 149.70473, 
200	 , 61418	 , 7	 , 8	 , 149.70473, 
200	 , 58368	 , 5	 , 8	 , 149.70473, 
200	 , 54282	 , 5	 , 8	 , 149.70473, 
200	 , 58142	 , 7	 , 8	 , 149.70473, 
200	 , 55428	 , 4	 , 8	 , 149.70473, 
200	 , 53556	 , 4	 , 8	 , 149.70473, 
200	 , 54516	 , 5	 , 8	 , 149.70473, 
200	 , 60356	 , 7	 , 8	 , 149.70473, 
200	 , 53304	 , 4	 , 8	 , 149.70473, 
200	 , 56640	 , 5	 , 8	 , 149.70473, 
200	 , 52820	 , 6	 , 7	 , 149.70473, 
200	 , 56646	 , 7	 , 8	 , 149.70473, 
200	 , 60698	 , 5	 , 8	 , 149.70473, 
200	 , 53154	 , 4	 , 8	 , 149.70473, 
200	 , 53108	 , 4	 , 8	 , 149.70473, 
200	 , 54404	 , 4	 , 8	 , 149.70473, 
200	 , 53082	 , 5	 , 8	 , 49.99808, 
200	 , 56608	 , 6	 , 8	 , 149.70473, 
200	 , 55158	 , 5	 , 8	 , 149.70473, 
200	 , 54622	 , 5	 , 8	 , 149.70473, 
200	 , 53804	 , 4	 , 8	 , 149.70473, 
200	 , 54216	 , 4	 , 8	 , 149.70473, 
200	 , 51676	 , 4	 , 7	 , 149.70473, 
200	 , 54462	 , 4	 , 8	 , 149.70473, 
200	 , 56770	 , 0	 , 8	 , 149.70473, 
200	 , 58172	 , 5	 , 8	 , 149.70473, 
200	 , 61480	 , 5	 , 8	 , 149.70473, 
200	 , 53976	 , 4	 , 8	 , 149.70473, 
200	 , 59802	 , 7	 , 8	 , 149.70473, 
200	 , 52934	 , 4	 , 8	 , 149.70473, 
200	 , 55730	 , 0	 , 8	 , 149.40946, 
200	 , 60340	 , 6	 , 8	 , 149.70473, 
200	 , 55562	 , 5	 , 8	 , 149.70473, 
200	 , 55826	 , 5	 , 8	 , 149.70473, 
200	 , 54936	 , 6	 , 7	 , 149.70473, 
200	 , 52814	 , 5	 , 8	 , 149.70473, 
200	 , 53176	 , 4	 , 7	 , 149.70473, 
200	 , 54502	 , 5	 , 8	 , 149.70473, 
200	 , 53222	 , 5	 , 8	 , 49.99808, 
200	 , 54998	 , 4	 , 8	 , 149.70473, 
200	 , 59934	 , 7	 , 8	 , 149.70473, 
200	 , 53514	 , 5	 , 8	 , 49.99808, 
200	 , 53982	 , 5	 , 8	 , 149.70473, 
200	 , 53280	 , 5	 , 8	 , 149.70473, 
200	 , 56784	 , 7	 , 8	 , 149.70473, 
200	 , 54510	 , 4	 , 8	 , 149.70473, 
200	 , 59220	 , 7	 , 8	 , 149.70473, 
200	 , 61378	 , 5	 , 8	 , 149.70473, 
200	 , 61488	 , 6	 , 8	 , 49.99808, 
200	 , 54606	 , 4	 , 8	 , 149.70473, 
200	 , 56296	 , 6	 , 8	 , 49.99808, 
200	 , 54016	 , 4	 , 8	 , 149.70473, 
200	 , 53840	 , 4	 , 8	 , 149.70473, 
200	 , 56350	 , 5	 , 8	 , 149.70473, 
200	 , 53750	 , 4	 , 8	 , 149.70473, 
200	 , 52866	 , 6	 , 7	 , 149.70473, 
200	 , 55400	 , 4	 , 8	 , 149.70473, 
200	 , 60270	 , 5	 , 8	 , 149.70473, 
200	 , 57020	 , 5	 , 8	 , 149.70473, 
200	 , 58756	 , 5	 , 8	 , 49.99808, 
200	 , 53100	 , 5	 , 8	 , 49.99808, 
200	 , 56224	 , 5	 , 8	 , 149.70473, 
200	 , 53184	 , 4	 , 8	 , 149.70473, 
200	 , 58758	 , 5	 , 8	 , 149.70473, 
200	 , 58314	 , 7	 , 8	 , 149.70473, 
200	 , 53244	 , 4	 , 8	 , 149.70473, 
200	 , 58242	 , 7	 , 8	 , 149.70473, 
200	 , 53684	 , 7	 , 8	 , 149.70473, 
200	 , 54548	 , 6	 , 7	 , 149.70473, 
200	 , 54952	 , 4	 , 8	 , 149.70473, 
200	 , 54066	 , 4	 , 8	 , 149.70473, 
200	 , 52342	 , 4	 , 7	 , 149.70473, 
200	 , 53612	 , 4	 , 7	 , 149.40946, 
200	 , 55270	 , 5	 , 8	 , 149.70473, 
200	 , 55418	 , 5	 , 8	 , 149.70473, 
200	 , 57220	 , 4	 , 8	 , 149.70473, 
200	 , 53646	 , 4	 , 8	 , 149.70473, 
200	 , 55488	 , 4	 , 8	 , 149.70473, 
200	 , 57290	 , 5	 , 8	 , 149.70473, 
200	 , 58020	 , 5	 , 8	 , 149.70473, 
200	 , 54728	 , 6	 , 7	 , 149.70473, 
200	 , 52348	 , 6	 , 7	 , 149.70473, 
200	 , 58324	 , 5	 , 8	 , 149.70473, 
200	 , 51288	 , 4	 , 7	 , 149.70473, 
200	 , 55510	 , 7	 , 8	 , 149.70473, 
200	 , 60560	 , 5	 , 8	 , 149.70473, 
200	 , 56258	 , 5	 , 8	 , 149.70473, 
200	 , 53598	 , 6	 , 7	 , 149.70473, 
200	 , 60306	 , 6	 , 8	 , 49.99808, 
200	 , 54584	 , 5	 , 8	 , 149.70473, 
200	 , 52790	 , 1	 , 8	 , 149.70473, 
200	 , 56030	 , 5	 , 8	 , 149.70473, 
200	 , 54254	 , 5	 , 8	 , 149.70473, 
200	 , 60982	 , 7	 , 8	 , 149.70473, 
200	 , 59080	 , 7	 , 8	 , 149.70473, 
200	 , 57730	 , 5	 , 8	 , 49.99808, 
200	 , 57186	 , 7	 , 8	 , 49.99808, 
200	 , 55464	 , 4	 , 8	 , 149.70473, 
200	 , 54566	 , 4	 , 8	 , 149.70473, 
200	 , 59498	 , 5	 , 8	 , 149.70473, 
200	 , 59722	 , 4	 , 8	 , 149.70473, 
200	 , 58716	 , 7	 , 8	 , 149.70473, 
200	 , 58174	 , 5	 , 8	 , 149.70473, 
200	 , 51374	 , 4	 , 7	 , 149.70473, 
200	 , 57886	 , 5	 , 8	 , 149.70473, 
200	 , 54588	 , 4	 , 8	 , 149.70473, 
200	 , 52968	 , 4	 , 8	 , 149.70473, 
200	 , 60674	 , 5	 , 8	 , 149.70473, 
200	 , 55234	 , 4	 , 8	 , 149.70473, 
200	 , 56972	 , 4	 , 8	 , 149.70473, 
200	 , 58118	 , 7	 , 8	 , 149.70473, 
200	 , 51210	 , 5	 , 7	 , 49.99808, 
200	 , 56434	 , 5	 , 7	 , 149.70473, 
200	 , 52494	 , 5	 , 8	 , 49.99808, 
200	 , 54740	 , 5	 , 8	 , 149.70473, 
200	 , 53278	 , 4	 , 8	 , 149.70473, 
200	 , 56972	 , 4	 , 8	 , 149.70473, 
200	 , 53514	 , 7	 , 8	 , 149.70473, 
200	 , 53350	 , 4	 , 8	 , 149.70473, 
200	 , 59592	 , 5	 , 8	 , 149.70473, 
200	 , 52636	 , 5	 , 8	 , 149.70473, 
200	 , 59814	 , 5	 , 8	 , 149.70473, 
200	 , 54560	 , 6	 , 8	 , 49.99808, 
200	 , 61486	 , 7	 , 8	 , 49.99808, 
200	 , 56928	 , 5	 , 8	 , 49.99808, 
200	 , 55514	 , 5	 , 8	 , 149.70473, 
200	 , 53000	 , 5	 , 8	 , 149.70473, 
200	 , 59504	 , 5	 , 8	 , 149.70473, 
200	 , 57050	 , 7	 , 8	 , 149.70473, 
200	 , 56532	 , 5	 , 8	 , 149.70473, 
200	 , 58914	 , 7	 , 8	 , 149.70473, 
200	 , 52144	 , 4	 , 7	 , 149.70473, 
200	 , 54330	 , 4	 , 8	 , 149.70473, 
200	 , 59142	 , 5	 , 8	 , 149.70473, 
200	 , 54362	 , 5	 , 8	 , 49.99808, 
200	 , 55642	 , 4	 , 8	 , 149.70473, 
200	 , 53468	 , 5	 , 8	 , 149.70473, 
200	 , 53024	 , 4	 , 8	 , 149.70473, 
200	 , 56288	 , 6	 , 8	 , 49.99808, 
200	 , 57492	 , 5	 , 8	 , 149.70473, 
200	 , 60532	 , 7	 , 8	 , 149.70473, 
200	 , 59090	 , 7	 , 8	 , 149.70473, 
200	 , 53464	 , 6	 , 7	 , 149.70473, 
200	 , 58294	 , 7	 , 8	 , 149.70473, 
200	 , 54670	 , 4	 , 8	 , 149.70473, 
200	 , 55370	 , 7	 , 8	 , 149.70473, 
200	 , 57466	 , 7	 , 8	 , 149.70473, 
200	 , 58842	 , 6	 , 8	 , 49.99808, 
200	 , 53456	 , 4	 , 8	 , 49.99808, 
200	 , 56288	 , 5	 , 8	 , 149.70473, 
200	 , 52332	 , 5	 , 8	 , 49.99808, 
200	 , 58170	 , 5	 , 8	 , 149.70473, 
200	 , 52952	 , 4	 , 8	 , 149.70473, 
200	 , 55740	 , 4	 , 8	 , 149.70473, 
200	 , 52998	 , 4	 , 8	 , 149.70473, 
200	 , 57766	 , 1	 , 8	 , 149.70473, 
200	 , 54938	 , 5	 , 8	 , 149.70473, 
200	 , 52790	 , 4	 , 8	 , 149.70473, 
200	 , 54966	 , 5	 , 8	 , 149.70473, 
200	 , 53076	 , 4	 , 8	 , 149.70473, 
200	 , 56968	 , 5	 , 8	 , 149.70473, 
200	 , 55610	 , 5	 , 8	 , 149.70473, 
200	 , 54060	 , 7	 , 8	 , 149.70473, 
200	 , 54914	 , 5	 , 8	 , 49.99808, 
200	 , 54524	 , 4	 , 8	 , 149.70473, 
200	 , 58948	 , 5	 , 8	 , 149.70473, 
200	 , 53458	 , 5	 , 8	 , 149.70473, 
200	 , 55982	 , 6	 , 8	 , 49.99808, 
200	 , 59852	 , 6	 , 8	 , 149.70473, 
200	 , 53118	 , 4	 , 7	 , 149.40946, 
200	 , 53518	 , 4	 , 7	 , 149.70473, 
200	 , 59738	 , 5	 , 8	 , 149.70473, 
200	 , 55558	 , 4	 , 8	 , 149.70473, 
200	 , 54378	 , 4	 , 8	 , 149.70473, 
200	 , 52360	 , 5	 , 8	 , 149.70473, 
200	 , 58760	 , 5	 , 8	 , 149.70473, 
200	 , 58806	 , 5	 , 8	 , 149.70473, 
200	 , 54672	 , 4	 , 8	 , 149.70473, 
200	 , 58158	 , 5	 , 8	 , 49.99808, 
200	 , 57070	 , 6	 , 8	 , 149.70473, 
200	 , 53126	 , 4	 , 8	 , 149.70473, 
200	 , 54958	 , 5	 , 8	 , 149.70473, 
200	 , 53544	 , 4	 , 8	 , 149.70473, 
200	 , 59658	 , 7	 , 8	 , 149.70473, 
200	 , 52578	 , 4	 , 8	 , 149.70473, 
200	 , 61590	 , 7	 , 8	 , 149.70473, 
200	 , 53034	 , 5	 , 8	 , 149.70473, 
200	 , 55886	 , 5	 , 8	 , 149.70473, 
200	 , 55420	 , 5	 , 8	 , 149.70473, 
200	 , 54428	 , 6	 , 8	 , 148.52364, 
200	 , 51334	 , 5	 , 7	 , 149.70473, 
200	 , 54214	 , 5	 , 8	 , 149.70473, 
200	 , 57058	 , 4	 , 8	 , 149.70473, 
200	 , 54688	 , 5	 , 8	 , 149.70473, 
200	 , 55006	 , 3	 , 8	 , 149.70473, 
200	 , 56248	 , 7	 , 8	 , 149.70473, 
200	 , 58202	 , 5	 , 8	 , 149.70473, 
200	 , 56248	 , 5	 , 8	 , 149.70473, 
200	 , 55260	 , 7	 , 8	 , 149.70473, 
200	 , 58378	 , 6	 , 8	 , 49.99808, 
200	 , 60784	 , 6	 , 8	 , 149.70473, 
200	 , 53268	 , 5	 , 8	 , 148.52364, 
200	 , 57450	 , 5	 , 8	 , 149.70473, 
200	 , 56488	 , 5	 , 8	 , 149.70473, 
200	 , 53344	 , 4	 , 7	 , 149.70473, 
200	 , 58520	 , 5	 , 8	 , 149.70473, 
200	 , 60768	 , 5	 , 8	 , 149.70473, 
250	 , 56018	 , 3	 , 7	 , 149.70473, 
250	 , 55136	 , 5	 , 6	 , 149.70473, 
250	 , 56974	 , 4	 , 7	 , 149.70473, 
250	 , 57594	 , 3	 , 7	 , 149.70473, 
250	 , 56698	 , 3	 , 7	 , 149.70473, 
250	 , 57370	 , 3	 , 7	 , 149.70473, 
250	 , 63154	 , 4	 , 7	 , 149.70473, 
250	 , 57268	 , 4	 , 7	 , 149.70473, 
250	 , 61230	 , 4	 , 7	 , 149.70473, 
250	 , 58488	 , 6	 , 7	 , 149.70473, 
250	 , 60346	 , 4	 , 7	 , 149.70473, 
250	 , 65470	 , 4	 , 7	 , 149.70473, 
250	 , 63946	 , 4	 , 7	 , 149.70473, 
250	 , 54076	 , 5	 , 6	 , 149.70473, 
250	 , 58398	 , 5	 , 7	 , 49.99808, 
250	 , 58176	 , 2	 , 7	 , 149.70473, 
250	 , 61050	 , 6	 , 7	 , 149.70473, 
250	 , 62546	 , 6	 , 7	 , 149.70473, 
250	 , 57318	 , 4	 , 7	 , 149.70473, 
250	 , 60428	 , 3	 , 7	 , 149.70473, 
250	 , 61634	 , 6	 , 7	 , 149.70473, 
250	 , 59476	 , 6	 , 7	 , 149.70473, 
250	 , 56242	 , 3	 , 7	 , 49.99808, 
250	 , 59574	 , 5	 , 7	 , 149.70473, 
250	 , 60974	 , 4	 , 7	 , 149.70473, 
250	 , 58958	 , 4	 , 7	 , 149.70473, 
250	 , 57088	 , 2	 , 7	 , 149.70473, 
250	 , 57894	 , 5	 , 7	 , 49.99808, 
250	 , 56942	 , 4	 , 7	 , 149.70473, 
250	 , 61600	 , 6	 , 7	 , 149.70473, 
250	 , 57320	 , 4	 , 7	 , 149.70473, 
250	 , 61162	 , 6	 , 7	 , 149.70473, 
250	 , 60048	 , 6	 , 7	 , 149.70473, 
250	 , 53452	 , 5	 , 6	 , 149.70473, 
250	 , 57422	 , 3	 , 7	 , 149.70473, 
250	 , 52898	 , 5	 , 6	 , 149.70473, 
250	 , 60370	 , 4	 , 7	 , 149.70473, 
250	 , 62298	 , 6	 , 7	 , 149.70473, 
250	 , 58336	 , 4	 , 7	 , 49.99808, 
250	 , 56912	 , 3	 , 6	 , 149.40946, 
250	 , 60576	 , 5	 , 7	 , 149.70473, 
250	 , 53946	 , 5	 , 6	 , 149.70473, 
250	 , 61068	 , 4	 , 7	 , 149.70473, 
250	 , 61026	 , 4	 , 7	 , 149.70473, 
250	 , 57814	 , 4	 , 7	 , 149.70473, 
250	 , 57014	 , 4	 , 7	 , 149.70473, 
250	 , 56722	 , 4	 , 7	 , 149.70473, 
250	 , 61960	 , 4	 , 7	 , 149.70473, 
250	 , 58020	 , 4	 , 7	 , 149.70473, 
250	 , 56836	 , 6	 , 7	 , 149.70473, 
250	 , 56058	 , 3	 , 7	 , 49.99808, 
250	 , 58512	 , 4	 , 7	 , 149.70473, 
250	 , 58842	 , 3	 , 7	 , 149.70473, 
250	 , 60636	 , 3	 , 7	 , 149.70473, 
250	 , 60020	 , 4	 , 7	 , 149.70473, 
250	 , 59040	 , 4	 , 7	 , 149.70473, 
250	 , 58910	 , 4	 , 7	 , 149.70473, 
250	 , 59554	 , 3	 , 7	 , 149.70473, 
250	 , 58904	 , 2	 , 7	 , 149.70473, 
250	 , 59018	 , 4	 , 7	 , 149.70473, 
250	 , 54150	 , 5	 , 6	 , 149.70473, 
250	 , 56894	 , 3	 , 7	 , 149.70473, 
250	 , 51512	 , 5	 , 6	 , 149.70473, 
250	 , 59772	 , 4	 , 7	 , 149.70473, 
250	 , 58202	 , 3	 , 7	 , 149.70473, 
250	 , 55864	 , 3	 , 7	 , 149.70473, 
250	 , 60450	 , 4	 , 7	 , 149.70473, 
250	 , 59664	 , 5	 , 7	 , 49.99808, 
250	 , 56854	 , 3	 , 7	 , 149.70473, 
250	 , 55956	 , 3	 , 7	 , 149.70473, 
250	 , 56836	 , 3	 , 7	 , 149.70473, 
250	 , 52908	 , 5	 , 6	 , 149.70473, 
250	 , 61882	 , 4	 , 7	 , 149.70473, 
250	 , 58276	 , 4	 , 7	 , 149.70473, 
250	 , 56176	 , 3	 , 7	 , 149.70473, 
250	 , 58116	 , 4	 , 7	 , 149.70473, 
250	 , 61238	 , 6	 , 7	 , 149.70473, 
250	 , 59946	 , 4	 , 7	 , 149.70473, 
250	 , 56304	 , 4	 , 7	 , 149.70473, 
250	 , 61778	 , 6	 , 7	 , 149.70473, 
250	 , 59946	 , 4	 , 7	 , 149.70473, 
250	 , 63692	 , 4	 , 7	 , 149.70473, 
250	 , 60188	 , 4	 , 7	 , 149.70473, 
250	 , 56040	 , 4	 , 7	 , 49.99808, 
250	 , 52826	 , 4	 , 6	 , 149.70473, 
250	 , 57282	 , 4	 , 7	 , 149.70473, 
250	 , 53028	 , 5	 , 6	 , 149.70473, 
250	 , 62248	 , 5	 , 7	 , 49.99808, 
250	 , 61256	 , 4	 , 7	 , 149.70473, 
250	 , 61910	 , 6	 , 7	 , 149.70473, 
250	 , 51234	 , 3	 , 6	 , 147.34256, 
250	 , 53668	 , 4	 , 6	 , 149.70473, 
250	 , 58076	 , 3	 , 7	 , 149.70473, 
250	 , 57480	 , 4	 , 7	 , 149.70473, 
250	 , 56796	 , 3	 , 7	 , 149.70473, 
250	 , 53184	 , 5	 , 6	 , 149.70473, 
250	 , 62886	 , 4	 , 7	 , 149.70473, 
250	 , 58860	 , 5	 , 7	 , 49.99808, 
250	 , 61214	 , 6	 , 7	 , 49.99808, 
250	 , 60090	 , 6	 , 7	 , 49.99808, 
250	 , 58240	 , 2	 , 7	 , 149.70473, 
250	 , 56594	 , 4	 , 7	 , 149.70473, 
250	 , 56682	 , 4	 , 7	 , 149.70473, 
250	 , 64590	 , 4	 , 7	 , 149.70473, 
250	 , 58538	 , 4	 , 7	 , 149.70473, 
250	 , 60074	 , 4	 , 7	 , 149.70473, 
250	 , 53918	 , 3	 , 6	 , 147.34256, 
250	 , 58166	 , 2	 , 7	 , 149.70473, 
250	 , 60886	 , 6	 , 7	 , 149.70473, 
250	 , 57386	 , 4	 , 7	 , 149.70473, 
250	 , 56712	 , 4	 , 7	 , 149.70473, 
250	 , 52764	 , 5	 , 6	 , 149.70473, 
250	 , 51228	 , 3	 , 6	 , 149.70473, 
250	 , 59644	 , 4	 , 7	 , 149.70473, 
250	 , 56282	 , 3	 , 7	 , 149.70473, 
250	 , 58048	 , 6	 , 7	 , 149.70473, 
250	 , 56316	 , 2	 , 7	 , 149.70473, 
250	 , 51734	 , 3	 , 6	 , 149.70473, 
250	 , 63732	 , 4	 , 7	 , 149.70473, 
250	 , 51768	 , 3	 , 6	 , 149.70473, 
250	 , 63724	 , 6	 , 7	 , 149.70473, 
250	 , 57240	 , 4	 , 7	 , 149.70473, 
250	 , 62360	 , 6	 , 7	 , 149.70473, 
250	 , 59550	 , 4	 , 7	 , 149.70473, 
250	 , 62446	 , 4	 , 7	 , 149.70473, 
250	 , 60778	 , 3	 , 7	 , 148.52364, 
250	 , 61116	 , 4	 , 7	 , 149.70473, 
250	 , 58740	 , 4	 , 7	 , 149.70473, 
250	 , 56104	 , 4	 , 7	 , 149.70473, 
250	 , 61946	 , 6	 , 7	 , 149.70473, 
250	 , 59814	 , 6	 , 7	 , 149.70473, 
250	 , 61476	 , 6	 , 7	 , 149.70473, 
250	 , 57102	 , 3	 , 7	 , 149.70473, 
250	 , 61746	 , 6	 , 7	 , 149.70473, 
250	 , 53048	 , 3	 , 6	 , 149.70473, 
250	 , 57834	 , 5	 , 7	 , 49.99808, 
250	 , 60850	 , 4	 , 7	 , 149.70473, 
250	 , 56450	 , 2	 , 7	 , 149.70473, 
250	 , 63760	 , 4	 , 7	 , 149.70473, 
250	 , 57996	 , 4	 , 7	 , 149.70473, 
250	 , 63916	 , 4	 , 7	 , 149.70473, 
250	 , 59870	 , 4	 , 7	 , 149.70473, 
250	 , 61504	 , 4	 , 7	 , 149.70473, 
250	 , 56184	 , 4	 , 7	 , 149.70473, 
250	 , 59030	 , 5	 , 7	 , 49.99808, 
250	 , 58484	 , 5	 , 7	 , 149.70473, 
250	 , 56944	 , 4	 , 7	 , 149.70473, 
250	 , 51970	 , 5	 , 6	 , 149.70473, 
250	 , 61516	 , 6	 , 7	 , 149.70473, 
250	 , 57930	 , 4	 , 7	 , 149.70473, 
250	 , 58986	 , 4	 , 7	 , 149.70473, 
250	 , 59642	 , 6	 , 7	 , 149.70473, 
250	 , 56278	 , 3	 , 7	 , 149.70473, 
250	 , 59570	 , 3	 , 7	 , 149.70473, 
250	 , 57026	 , 3	 , 7	 , 149.70473, 
250	 , 59894	 , 4	 , 7	 , 149.70473, 
250	 , 58552	 , 6	 , 7	 , 149.70473, 
250	 , 56384	 , 3	 , 7	 , 149.70473, 
250	 , 58506	 , 4	 , 7	 , 149.70473, 
250	 , 56970	 , 4	 , 7	 , 149.70473, 
250	 , 57166	 , 2	 , 7	 , 149.70473, 
250	 , 56270	 , 4	 , 7	 , 149.70473, 
250	 , 51832	 , 4	 , 6	 , 49.99808, 
250	 , 56578	 , 3	 , 7	 , 149.70473, 
250	 , 63056	 , 6	 , 7	 , 149.70473, 
250	 , 63572	 , 4	 , 7	 , 149.70473, 
250	 , 57532	 , 4	 , 7	 , 149.70473, 
250	 , 57490	 , 4	 , 7	 , 149.70473, 
250	 , 62314	 , 4	 , 7	 , 149.70473, 
250	 , 61516	 , 6	 , 7	 , 149.70473, 
250	 , 60764	 , 6	 , 7	 , 149.70473, 
250	 , 63478	 , 4	 , 7	 , 149.70473, 
250	 , 60506	 , 6	 , 7	 , 149.70473, 
250	 , 57678	 , 4	 , 7	 , 149.70473, 
250	 , 57348	 , 3	 , 7	 , 149.70473, 
250	 , 60102	 , 4	 , 7	 , 149.70473, 
250	 , 59298	 , 6	 , 7	 , 149.70473, 
250	 , 64096	 , 6	 , 7	 , 149.70473, 
250	 , 51712	 , 3	 , 6	 , 149.70473, 
250	 , 57012	 , 4	 , 7	 , 149.70473, 
250	 , 59180	 , 4	 , 7	 , 149.70473, 
250	 , 57120	 , 3	 , 7	 , 149.70473, 
250	 , 62436	 , 6	 , 7	 , 149.70473, 
250	 , 61620	 , 4	 , 7	 , 149.70473, 
250	 , 59766	 , 4	 , 7	 , 149.70473, 
250	 , 62686	 , 6	 , 7	 , 149.70473, 
250	 , 52230	 , 3	 , 6	 , 149.70473, 
250	 , 51228	 , 5	 , 6	 , 149.70473, 
250	 , 59512	 , 4	 , 7	 , 149.70473, 
250	 , 60230	 , 4	 , 7	 , 149.70473, 
250	 , 62270	 , 6	 , 7	 , 149.70473, 
250	 , 55882	 , 3	 , 7	 , 149.70473, 
250	 , 51964	 , 5	 , 6	 , 149.70473, 
250	 , 58202	 , 4	 , 7	 , 149.70473, 
250	 , 59054	 , 4	 , 7	 , 149.70473, 
250	 , 52872	 , 3	 , 6	 , 149.70473, 
250	 , 57490	 , 3	 , 7	 , 149.70473, 
250	 , 59970	 , 4	 , 7	 , 149.70473, 
250	 , 55942	 , 4	 , 7	 , 49.99808, 
250	 , 56480	 , 3	 , 7	 , 149.70473, 
250	 , 58214	 , 4	 , 7	 , 149.70473, 
250	 , 57808	 , 4	 , 7	 , 149.70473, 
250	 , 58368	 , 4	 , 7	 , 149.70473, 
250	 , 61350	 , 6	 , 7	 , 149.70473, 
250	 , 56978	 , 3	 , 7	 , 149.70473, 
250	 , 62488	 , 6	 , 7	 , 149.70473, 
250	 , 52398	 , 5	 , 6	 , 149.70473, 
250	 , 56330	 , 3	 , 7	 , 149.70473, 
250	 , 57332	 , 3	 , 7	 , 149.70473, 
250	 , 58688	 , 5	 , 7	 , 49.99808, 
250	 , 62100	 , 4	 , 7	 , 149.70473, 
250	 , 58296	 , 4	 , 7	 , 149.70473, 
250	 , 63924	 , 6	 , 7	 , 149.70473, 
250	 , 62080	 , 4	 , 7	 , 149.70473, 
250	 , 57336	 , 4	 , 7	 , 149.70473, 
250	 , 56452	 , 2	 , 7	 , 149.70473, 
250	 , 59984	 , 4	 , 7	 , 149.70473, 
250	 , 57230	 , 4	 , 7	 , 49.99808, 
250	 , 62476	 , 4	 , 7	 , 149.70473, 
250	 , 52252	 , 5	 , 6	 , 149.70473, 
250	 , 60586	 , 4	 , 7	 , 149.70473, 
250	 , 51310	 , 5	 , 6	 , 149.70473, 
250	 , 58568	 , 4	 , 7	 , 149.70473, 
250	 , 61754	 , 6	 , 7	 , 149.70473, 
250	 , 58036	 , 1	 , 7	 , 149.70473, 
250	 , 57346	 , 4	 , 7	 , 149.70473, 
250	 , 60982	 , 4	 , 7	 , 149.70473, 
250	 , 56040	 , 3	 , 7	 , 49.99808, 
250	 , 61356	 , 5	 , 7	 , 149.70473, 
250	 , 61964	 , 5	 , 7	 , 49.99808, 
250	 , 57230	 , 4	 , 7	 , 149.70473, 
250	 , 56524	 , 4	 , 7	 , 149.70473, 
250	 , 56222	 , 4	 , 7	 , 149.70473, 
250	 , 60738	 , 4	 , 7	 , 149.70473, 
250	 , 53888	 , 3	 , 6	 , 149.70473, 
250	 , 63308	 , 6	 , 7	 , 149.70473, 
250	 , 63818	 , 4	 , 7	 , 149.70473, 
250	 , 55716	 , 5	 , 6	 , 149.70473, 
250	 , 60622	 , 4	 , 7	 , 149.70473, 
250	 , 65076	 , 4	 , 7	 , 149.70473, 
250	 , 59940	 , 3	 , 7	 , 149.70473, 
250	 , 56980	 , 2	 , 7	 , 149.70473, 
250	 , 57086	 , 2	 , 7	 , 149.70473, 
250	 , 59130	 , 4	 , 7	 , 149.70473, 
250	 , 63876	 , 6	 , 7	 , 149.70473, 
250	 , 58516	 , 4	 , 7	 , 149.70473, 
250	 , 57008	 , 2	 , 7	 , 149.70473, 
250	 , 56508	 , 3	 , 7	 , 149.70473, 
250	 , 51926	 , 5	 , 6	 , 149.70473, 
250	 , 57884	 , 3	 , 7	 , 149.70473, 
300	 , 62808	 , 3	 , 6	 , 149.70473, 
300	 , 56344	 , 5	 , 6	 , 149.70473, 
300	 , 56314	 , 2	 , 6	 , 149.70473, 
300	 , 64628	 , 5	 , 6	 , 149.70473, 
300	 , 56426	 , 2	 , 6	 , 149.70473, 
300	 , 57740	 , 3	 , 6	 , 149.70473, 
300	 , 56384	 , 2	 , 6	 , 149.70473, 
300	 , 58350	 , 3	 , 6	 , 149.70473, 
300	 , 57446	 , 3	 , 6	 , 149.70473, 
300	 , 63468	 , 3	 , 6	 , 149.70473, 
300	 , 57492	 , 5	 , 6	 , 149.70473, 
300	 , 61808	 , 5	 , 6	 , 149.70473, 
300	 , 56676	 , 2	 , 6	 , 149.70473, 
300	 , 56698	 , 2	 , 6	 , 149.70473, 
300	 , 61420	 , 3	 , 6	 , 149.70473, 
300	 , 60660	 , 5	 , 6	 , 149.70473, 
300	 , 56058	 , 2	 , 6	 , 149.70473, 
300	 , 62554	 , 3	 , 6	 , 149.70473, 
300	 , 60362	 , 3	 , 6	 , 149.70473, 
300	 , 58788	 , 5	 , 6	 , 149.70473, 
300	 , 59966	 , 3	 , 6	 , 149.70473, 
300	 , 57462	 , 1	 , 6	 , 149.70473, 
300	 , 56904	 , 3	 , 6	 , 149.70473, 
300	 , 56400	 , 2	 , 6	 , 149.70473, 
300	 , 59208	 , 3	 , 6	 , 149.70473, 
300	 , 57918	 , 4	 , 6	 , 148.52364, 
300	 , 60806	 , 4	 , 6	 , 149.70473, 
300	 , 58038	 , 3	 , 6	 , 149.70473, 
300	 , 56034	 , 3	 , 6	 , 149.70473, 
300	 , 61088	 , 5	 , 6	 , 149.70473, 
300	 , 60418	 , 3	 , 6	 , 149.70473, 
300	 , 62190	 , 3	 , 6	 , 149.70473, 
300	 , 55998	 , 2	 , 6	 , 149.70473, 
300	 , 59662	 , 3	 , 6	 , 149.70473, 
300	 , 61892	 , 3	 , 6	 , 149.70473, 
300	 , 56900	 , 3	 , 6	 , 149.70473, 
300	 , 56444	 , 2	 , 6	 , 149.70473, 
300	 , 56010	 , 3	 , 6	 , 149.70473, 
300	 , 58460	 , 3	 , 6	 , 149.70473, 
300	 , 60234	 , 5	 , 6	 , 149.70473, 
300	 , 56588	 , 3	 , 6	 , 149.70473, 
300	 , 63982	 , 5	 , 6	 , 149.70473, 
300	 , 60064	 , 2	 , 6	 , 149.70473, 
300	 , 57488	 , 3	 , 6	 , 149.70473, 
300	 , 60680	 , 5	 , 6	 , 149.70473, 
300	 , 56588	 , 3	 , 6	 , 149.70473, 
300	 , 56650	 , 3	 , 6	 , 149.70473, 
300	 , 65264	 , 5	 , 6	 , 149.70473, 
300	 , 56278	 , 3	 , 6	 , 149.70473, 
300	 , 57692	 , 3	 , 6	 , 149.70473, 
300	 , 58566	 , 3	 , 6	 , 149.70473, 
300	 , 55764	 , 3	 , 6	 , 49.99808, 
300	 , 59810	 , 4	 , 6	 , 149.70473, 
300	 , 56652	 , 2	 , 6	 , 149.70473, 
300	 , 58136	 , 1	 , 6	 , 149.70473, 
300	 , 56480	 , 3	 , 6	 , 149.70473, 
300	 , 58812	 , 3	 , 6	 , 149.70473, 
300	 , 59636	 , 3	 , 6	 , 149.70473, 
300	 , 63220	 , 4	 , 6	 , 49.99808, 
300	 , 56714	 , 3	 , 6	 , 149.70473, 
300	 , 61140	 , 4	 , 6	 , 148.52364, 
300	 , 56352	 , 2	 , 6	 , 149.70473, 
300	 , 61446	 , 5	 , 6	 , 149.70473, 
300	 , 58744	 , 3	 , 6	 , 149.70473, 
300	 , 58130	 , 3	 , 6	 , 148.52364, 
300	 , 59722	 , 3	 , 6	 , 149.70473, 
300	 , 59150	 , 3	 , 6	 , 149.70473, 
300	 , 56326	 , 2	 , 6	 , 149.70473, 
300	 , 57080	 , 4	 , 6	 , 49.99808, 
300	 , 56514	 , 3	 , 6	 , 149.70473, 
300	 , 59356	 , 2	 , 6	 , 149.70473, 
300	 , 58772	 , 3	 , 6	 , 149.70473, 
300	 , 57234	 , 1	 , 6	 , 149.70473, 
300	 , 61350	 , 3	 , 6	 , 149.70473, 
300	 , 58036	 , 3	 , 6	 , 149.70473, 
300	 , 61486	 , 4	 , 6	 , 147.34256, 
300	 , 59466	 , 4	 , 6	 , 149.70473, 
300	 , 58118	 , 3	 , 6	 , 149.70473, 
300	 , 56698	 , 3	 , 6	 , 149.70473, 
300	 , 56104	 , 1	 , 6	 , 149.70473, 
300	 , 58608	 , 3	 , 6	 , 149.70473, 
300	 , 56548	 , 3	 , 6	 , 149.70473, 
300	 , 58288	 , 3	 , 6	 , 149.70473, 
300	 , 56538	 , 2	 , 6	 , 149.70473, 
300	 , 60244	 , 3	 , 6	 , 149.70473, 
300	 , 60122	 , 5	 , 6	 , 149.70473, 
300	 , 60050	 , 3	 , 6	 , 149.70473, 
300	 , 60284	 , 3	 , 6	 , 149.70473, 
300	 , 58418	 , 5	 , 6	 , 149.70473, 
300	 , 57140	 , 3	 , 6	 , 149.70473, 
300	 , 57156	 , 3	 , 6	 , 149.70473, 
300	 , 58060	 , 5	 , 6	 , 149.70473, 
300	 , 58070	 , 3	 , 6	 , 149.70473, 
300	 , 59100	 , 5	 , 6	 , 149.70473, 
300	 , 61712	 , 5	 , 6	 , 149.70473, 
300	 , 61728	 , 5	 , 6	 , 149.70473, 
300	 , 56434	 , 3	 , 6	 , 149.70473, 
300	 , 56302	 , 3	 , 6	 , 149.70473, 
300	 , 64144	 , 5	 , 6	 , 149.70473, 
300	 , 56656	 , 5	 , 6	 , 149.70473, 
300	 , 56170	 , 2	 , 6	 , 149.70473, 
300	 , 60290	 , 5	 , 6	 , 149.70473, 
300	 , 56538	 , 3	 , 6	 , 149.70473, 
300	 , 59658	 , 5	 , 6	 , 149.70473, 
300	 , 63420	 , 5	 , 6	 , 149.70473, 
300	 , 59106	 , 5	 , 6	 , 149.70473, 
300	 , 61442	 , 5	 , 6	 , 149.70473, 
300	 , 56678	 , 2	 , 6	 , 149.70473, 
300	 , 62568	 , 3	 , 6	 , 149.70473, 
300	 , 60934	 , 5	 , 6	 , 149.70473, 
300	 , 57700	 , 3	 , 6	 , 149.70473, 
300	 , 61106	 , 5	 , 6	 , 149.70473, 
300	 , 61092	 , 3	 , 6	 , 149.70473, 
300	 , 57290	 , 1	 , 6	 , 149.70473, 
300	 , 59120	 , 3	 , 6	 , 149.70473, 
300	 , 56666	 , 2	 , 6	 , 149.70473, 
300	 , 57118	 , 3	 , 6	 , 149.70473, 
300	 , 57312	 , 3	 , 6	 , 149.70473, 
300	 , 60148	 , 3	 , 6	 , 149.70473, 
300	 , 57496	 , 5	 , 6	 , 149.70473, 
300	 , 64034	 , 5	 , 6	 , 149.70473, 
300	 , 60056	 , 3	 , 6	 , 149.70473, 
300	 , 56336	 , 5	 , 6	 , 149.70473, 
300	 , 56480	 , 3	 , 6	 , 149.70473, 
300	 , 63390	 , 5	 , 6	 , 149.70473, 
300	 , 55716	 , 4	 , 6	 , 49.99808, 
300	 , 56788	 , 3	 , 6	 , 149.70473, 
300	 , 56580	 , 3	 , 6	 , 49.99808, 
300	 , 60148	 , 3	 , 6	 , 149.70473, 
300	 , 56182	 , 2	 , 6	 , 149.70473, 
300	 , 62174	 , 5	 , 6	 , 149.70473, 
300	 , 56112	 , 5	 , 6	 , 149.70473, 
300	 , 59906	 , 3	 , 6	 , 149.70473, 
300	 , 55858	 , 2	 , 6	 , 149.70473, 
300	 , 56252	 , 3	 , 6	 , 149.70473, 
300	 , 59198	 , 4	 , 6	 , 49.99808, 
300	 , 56606	 , 2	 , 6	 , 149.70473, 
300	 , 56150	 , 3	 , 6	 , 149.70473, 
300	 , 56714	 , 3	 , 6	 , 149.70473, 
300	 , 57486	 , 3	 , 6	 , 149.70473, 
300	 , 59056	 , 5	 , 6	 , 149.70473, 
300	 , 56534	 , 3	 , 6	 , 149.70473, 
300	 , 57926	 , 3	 , 6	 , 149.70473, 
300	 , 56612	 , 1	 , 6	 , 149.70473, 
300	 , 57618	 , 3	 , 6	 , 149.70473, 
300	 , 57012	 , 0	 , 6	 , 149.70473, 
300	 , 57028	 , 3	 , 6	 , 149.70473, 
300	 , 59588	 , 5	 , 6	 , 149.70473, 
300	 , 60910	 , 5	 , 6	 , 149.70473, 
300	 , 56302	 , 2	 , 6	 , 149.70473, 
300	 , 61446	 , 5	 , 6	 , 149.70473, 
300	 , 58504	 , 5	 , 6	 , 149.70473, 
300	 , 58870	 , 3	 , 6	 , 149.70473, 
300	 , 63060	 , 5	 , 6	 , 149.70473, 
300	 , 60574	 , 5	 , 6	 , 149.70473, 
300	 , 60620	 , 5	 , 6	 , 149.70473, 
300	 , 56694	 , 2	 , 6	 , 149.70473, 
300	 , 57506	 , 5	 , 6	 , 149.70473, 
300	 , 58846	 , 5	 , 6	 , 149.70473, 
300	 , 58670	 , 3	 , 6	 , 149.70473, 
300	 , 56146	 , 3	 , 6	 , 149.70473, 
300	 , 58628	 , 3	 , 6	 , 149.70473, 
300	 , 56576	 , 2	 , 6	 , 149.70473, 
300	 , 60458	 , 5	 , 6	 , 149.70473, 
300	 , 56758	 , 3	 , 6	 , 149.70473, 
300	 , 55934	 , 3	 , 6	 , 149.70473, 
300	 , 57294	 , 3	 , 6	 , 148.52364, 
300	 , 57592	 , 3	 , 6	 , 149.70473, 
300	 , 59754	 , 4	 , 6	 , 49.99808, 
300	 , 62992	 , 3	 , 6	 , 149.70473, 
300	 , 61706	 , 5	 , 6	 , 149.70473, 
300	 , 55826	 , 3	 , 6	 , 149.70473, 
300	 , 61724	 , 5	 , 6	 , 149.70473, 
300	 , 56840	 , 3	 , 6	 , 149.70473, 
300	 , 58814	 , 5	 , 6	 , 149.70473, 
300	 , 56630	 , 3	 , 6	 , 149.70473, 
300	 , 60218	 , 3	 , 6	 , 149.70473, 
300	 , 57334	 , 3	 , 6	 , 149.70473, 
300	 , 58950	 , 3	 , 6	 , 149.70473, 
300	 , 57736	 , 2	 , 6	 , 149.70473, 
300	 , 56154	 , 5	 , 6	 , 149.70473, 
300	 , 59026	 , 3	 , 6	 , 149.70473, 
300	 , 56690	 , 2	 , 6	 , 149.70473, 
300	 , 62300	 , 5	 , 6	 , 149.70473, 
300	 , 57184	 , 5	 , 6	 , 149.70473, 
300	 , 59922	 , 5	 , 6	 , 149.70473, 
300	 , 66796	 , 4	 , 6	 , 49.99808, 
300	 , 56632	 , 2	 , 6	 , 149.70473, 
300	 , 56684	 , 3	 , 6	 , 149.70473, 
300	 , 56802	 , 3	 , 6	 , 149.70473, 
300	 , 56452	 , 2	 , 6	 , 149.70473, 
300	 , 57934	 , 2	 , 6	 , 149.70473, 
300	 , 59780	 , 3	 , 6	 , 149.70473, 
300	 , 60296	 , 3	 , 6	 , 149.70473, 
300	 , 56480	 , 3	 , 6	 , 149.70473, 
300	 , 55942	 , 2	 , 6	 , 149.70473, 
300	 , 58330	 , 3	 , 6	 , 149.70473, 
300	 , 59092	 , 3	 , 6	 , 149.70473, 
300	 , 59544	 , 5	 , 6	 , 149.70473, 
300	 , 56498	 , 3	 , 6	 , 149.70473, 
300	 , 57192	 , 5	 , 6	 , 149.70473, 
300	 , 56718	 , 2	 , 6	 , 149.70473, 
300	 , 60356	 , 3	 , 6	 , 149.70473, 
300	 , 59304	 , 5	 , 6	 , 149.70473, 
300	 , 57758	 , 2	 , 6	 , 148.52364, 
300	 , 56238	 , 3	 , 6	 , 149.70473, 
300	 , 56746	 , 3	 , 6	 , 149.70473, 
300	 , 56754	 , 3	 , 6	 , 149.70473, 
300	 , 56734	 , 3	 , 6	 , 149.70473, 
300	 , 58168	 , 2	 , 6	 , 149.70473, 
300	 , 59134	 , 3	 , 6	 , 149.70473, 
300	 , 56942	 , 3	 , 6	 , 149.70473, 
300	 , 56332	 , 3	 , 6	 , 149.70473, 
300	 , 58878	 , 3	 , 6	 , 149.70473, 
300	 , 56084	 , 2	 , 6	 , 149.70473, 
300	 , 60020	 , 3	 , 6	 , 148.52364, 
300	 , 62720	 , 4	 , 6	 , 149.70473, 
300	 , 57778	 , 5	 , 6	 , 149.70473, 
300	 , 59728	 , 0	 , 6	 , 149.70473, 
300	 , 60884	 , 5	 , 6	 , 149.70473, 
300	 , 62906	 , 5	 , 6	 , 149.70473, 
300	 , 59794	 , 5	 , 6	 , 149.70473, 
300	 , 61938	 , 5	 , 6	 , 149.70473, 
300	 , 56040	 , 3	 , 6	 , 149.70473, 
300	 , 62666	 , 5	 , 6	 , 149.70473, 
300	 , 56484	 , 2	 , 6	 , 149.70473, 
300	 , 56158	 , 2	 , 6	 , 149.70473, 
300	 , 57558	 , 3	 , 6	 , 149.70473, 
300	 , 56288	 , 3	 , 6	 , 149.70473, 
300	 , 59562	 , 3	 , 6	 , 149.40946, 
300	 , 56576	 , 2	 , 6	 , 149.70473, 
300	 , 60364	 , 5	 , 6	 , 149.70473, 
300	 , 57794	 , 5	 , 6	 , 149.70473, 
300	 , 56124	 , 3	 , 6	 , 149.70473, 
300	 , 56648	 , 3	 , 6	 , 149.70473, 
300	 , 56918	 , 1	 , 6	 , 149.70473, 
300	 , 61384	 , 3	 , 6	 , 149.70473, 
300	 , 58754	 , 5	 , 6	 , 149.70473, 
300	 , 56178	 , 3	 , 6	 , 149.70473, 
300	 , 58262	 , 5	 , 6	 , 149.70473, 
300	 , 57630	 , 3	 , 6	 , 149.70473, 
300	 , 60878	 , 4	 , 6	 , 49.99808, 
300	 , 57132	 , 3	 , 6	 , 149.70473, 
300	 , 60004	 , 3	 , 6	 , 149.70473, 
300	 , 58172	 , 3	 , 6	 , 149.70473, 
300	 , 60398	 , 3	 , 6	 , 149.70473, 
300	 , 56228	 , 3	 , 6	 , 149.70473, 
300	 , 58932	 , 3	 , 6	 , 149.70473, 
300	 , 58478	 , 5	 , 6	 , 149.70473, 
300	 , 59520	 , 3	 , 6	 , 149.70473, 
350	 , 56336	 , 4	 , 5	 , 149.70473, 
350	 , 52036	 , 2	 , 5	 , 149.70473, 
350	 , 53886	 , 4	 , 5	 , 149.70473, 
350	 , 52178	 , 1	 , 5	 , 149.70473, 
350	 , 52586	 , 1	 , 5	 , 149.70473, 
350	 , 53890	 , 2	 , 5	 , 149.70473, 
350	 , 52214	 , 4	 , 5	 , 149.70473, 
350	 , 53380	 , 2	 , 5	 , 149.70473, 
350	 , 53074	 , 2	 , 5	 , 149.70473, 
350	 , 52738	 , 1	 , 5	 , 149.70473, 
350	 , 54986	 , 4	 , 5	 , 149.70473, 
350	 , 52662	 , 2	 , 5	 , 149.70473, 
350	 , 53322	 , 2	 , 5	 , 149.70473, 
350	 , 52602	 , 2	 , 5	 , 149.70473, 
350	 , 52586	 , 2	 , 5	 , 149.70473, 
350	 , 52774	 , 2	 , 5	 , 149.70473, 
350	 , 55308	 , 2	 , 5	 , 149.70473, 
350	 , 52674	 , 2	 , 5	 , 149.70473, 
350	 , 52992	 , 2	 , 5	 , 149.70473, 
350	 , 53560	 , 2	 , 5	 , 149.70473, 
350	 , 54396	 , 4	 , 5	 , 149.70473, 
350	 , 54278	 , 4	 , 5	 , 149.70473, 
350	 , 52742	 , 4	 , 5	 , 149.70473, 
350	 , 52360	 , 2	 , 5	 , 149.70473, 
350	 , 53438	 , 4	 , 5	 , 149.70473, 
350	 , 52726	 , 2	 , 5	 , 149.70473, 
350	 , 53778	 , 4	 , 5	 , 149.70473, 
350	 , 52616	 , 2	 , 5	 , 149.70473, 
350	 , 52500	 , 2	 , 5	 , 149.70473, 
350	 , 52130	 , 2	 , 5	 , 149.70473, 
350	 , 54610	 , 2	 , 5	 , 149.70473, 
350	 , 52504	 , 2	 , 5	 , 149.70473, 
350	 , 52864	 , 4	 , 5	 , 149.70473, 
350	 , 53900	 , 0	 , 5	 , 149.70473, 
350	 , 53444	 , 2	 , 5	 , 149.70473, 
350	 , 54776	 , 2	 , 5	 , 149.70473, 
350	 , 55488	 , 4	 , 5	 , 149.70473, 
350	 , 52294	 , 4	 , 5	 , 149.70473, 
350	 , 52924	 , 1	 , 5	 , 149.70473, 
350	 , 54252	 , 1	 , 5	 , 149.70473, 
350	 , 54914	 , 1	 , 5	 , 149.70473, 
350	 , 53514	 , 2	 , 5	 , 149.70473, 
350	 , 56286	 , 4	 , 5	 , 149.70473, 
350	 , 52566	 , 1	 , 5	 , 149.70473, 
350	 , 52114	 , 2	 , 5	 , 149.70473, 
350	 , 51926	 , 3	 , 5	 , 49.99808, 
350	 , 52142	 , 3	 , 5	 , 149.70473, 
350	 , 53606	 , 2	 , 5	 , 149.70473, 
350	 , 52640	 , 2	 , 5	 , 149.70473, 
350	 , 52806	 , 2	 , 5	 , 149.70473, 
350	 , 51622	 , 3	 , 5	 , 49.99808, 
350	 , 52452	 , 2	 , 5	 , 149.70473, 
350	 , 52938	 , 2	 , 5	 , 149.70473, 
350	 , 53860	 , 2	 , 5	 , 149.70473, 
350	 , 55564	 , 4	 , 5	 , 149.70473, 
350	 , 52230	 , 2	 , 5	 , 149.70473, 
350	 , 53008	 , 2	 , 5	 , 149.70473, 
350	 , 52594	 , 1	 , 5	 , 149.70473, 
350	 , 52534	 , 2	 , 5	 , 149.70473, 
350	 , 55302	 , 4	 , 5	 , 149.70473, 
350	 , 52940	 , 4	 , 5	 , 149.70473, 
350	 , 52528	 , 2	 , 5	 , 149.70473, 
350	 , 52642	 , 2	 , 5	 , 149.70473, 
350	 , 52798	 , 2	 , 5	 , 149.70473, 
350	 , 52872	 , 1	 , 5	 , 149.70473, 
350	 , 52602	 , 1	 , 5	 , 149.70473, 
350	 , 54694	 , 2	 , 5	 , 149.70473, 
350	 , 57692	 , 4	 , 5	 , 149.70473, 
350	 , 54302	 , 4	 , 5	 , 149.70473, 
350	 , 52288	 , 4	 , 5	 , 149.70473, 
350	 , 52474	 , 2	 , 5	 , 149.70473, 
350	 , 53310	 , 2	 , 5	 , 149.70473, 
350	 , 52342	 , 4	 , 5	 , 149.70473, 
350	 , 54600	 , 4	 , 5	 , 149.70473, 
350	 , 52952	 , 2	 , 5	 , 149.70473, 
350	 , 54346	 , 2	 , 5	 , 149.70473, 
350	 , 54366	 , 4	 , 5	 , 149.70473, 
350	 , 52618	 , 2	 , 5	 , 149.70473, 
350	 , 53048	 , 4	 , 5	 , 149.70473, 
350	 , 53232	 , 2	 , 5	 , 149.70473, 
350	 , 57650	 , 4	 , 5	 , 149.70473, 
350	 , 52844	 , 2	 , 5	 , 149.70473, 
350	 , 53284	 , 2	 , 5	 , 149.70473, 
350	 , 54802	 , 0	 , 5	 , 149.70473, 
350	 , 54286	 , 1	 , 5	 , 149.70473, 
350	 , 55270	 , 4	 , 5	 , 149.70473, 
350	 , 52710	 , 2	 , 5	 , 149.70473, 
350	 , 52432	 , 2	 , 5	 , 149.70473, 
350	 , 52416	 , 2	 , 5	 , 149.70473, 
350	 , 52420	 , 1	 , 5	 , 149.70473, 
350	 , 55238	 , 2	 , 5	 , 149.70473, 
350	 , 52384	 , 4	 , 5	 , 149.70473, 
350	 , 52888	 , 1	 , 5	 , 149.70473, 
350	 , 52686	 , 2	 , 5	 , 149.70473, 
350	 , 52926	 , 2	 , 5	 , 149.70473, 
350	 , 52456	 , 1	 , 5	 , 149.70473, 
350	 , 57264	 , 4	 , 5	 , 149.70473, 
350	 , 55496	 , 2	 , 5	 , 149.70473, 
350	 , 53132	 , 2	 , 5	 , 149.70473, 
350	 , 57608	 , 4	 , 5	 , 149.70473, 
350	 , 52396	 , 4	 , 5	 , 149.70473, 
350	 , 53494	 , 4	 , 5	 , 149.70473, 
350	 , 52380	 , 1	 , 5	 , 149.70473, 
350	 , 52716	 , 2	 , 5	 , 149.70473, 
350	 , 52690	 , 2	 , 5	 , 149.70473, 
350	 , 52636	 , 1	 , 5	 , 149.70473, 
350	 , 54144	 , 4	 , 5	 , 149.70473, 
350	 , 53576	 , 4	 , 5	 , 149.70473, 
350	 , 53482	 , 2	 , 5	 , 149.70473, 
350	 , 55454	 , 3	 , 5	 , 49.99808, 
350	 , 52704	 , 2	 , 5	 , 149.70473, 
350	 , 53676	 , 4	 , 5	 , 149.70473, 
350	 , 52678	 , 2	 , 5	 , 149.70473, 
350	 , 52542	 , 2	 , 5	 , 149.70473, 
350	 , 52682	 , 1	 , 5	 , 149.70473, 
350	 , 52894	 , 1	 , 5	 , 149.70473, 
350	 , 52718	 , 2	 , 5	 , 149.70473, 
350	 , 52896	 , 4	 , 5	 , 149.70473, 
350	 , 52636	 , 2	 , 5	 , 149.70473, 
350	 , 53886	 , 4	 , 5	 , 149.70473, 
350	 , 54508	 , 4	 , 5	 , 149.70473, 
350	 , 54168	 , 4	 , 5	 , 149.70473, 
350	 , 52422	 , 4	 , 5	 , 149.70473, 
350	 , 52590	 , 2	 , 5	 , 149.70473, 
350	 , 58288	 , 4	 , 5	 , 149.70473, 
350	 , 52844	 , 2	 , 5	 , 149.70473, 
350	 , 52350	 , 2	 , 5	 , 149.70473, 
350	 , 52866	 , 2	 , 5	 , 149.70473, 
350	 , 52648	 , 1	 , 5	 , 149.70473, 
350	 , 52874	 , 2	 , 5	 , 149.70473, 
350	 , 53318	 , 2	 , 5	 , 149.70473, 
350	 , 59168	 , 4	 , 5	 , 149.70473, 
350	 , 54262	 , 4	 , 5	 , 149.70473, 
350	 , 54014	 , 2	 , 5	 , 149.70473, 
350	 , 55544	 , 4	 , 5	 , 149.70473, 
350	 , 58182	 , 2	 , 5	 , 149.70473, 
350	 , 52926	 , 2	 , 5	 , 149.70473, 
350	 , 52882	 , 2	 , 5	 , 149.70473, 
350	 , 52262	 , 2	 , 5	 , 149.70473, 
350	 , 53404	 , 4	 , 5	 , 149.70473, 
350	 , 53544	 , 2	 , 5	 , 149.70473, 
350	 , 54860	 , 2	 , 5	 , 149.70473, 
350	 , 52274	 , 2	 , 5	 , 149.70473, 
350	 , 52420	 , 2	 , 5	 , 149.70473, 
350	 , 52708	 , 2	 , 5	 , 149.70473, 
350	 , 52804	 , 2	 , 5	 , 149.70473, 
350	 , 52750	 , 4	 , 5	 , 149.70473, 
350	 , 54676	 , 4	 , 5	 , 149.70473, 
350	 , 52768	 , 2	 , 5	 , 149.70473, 
350	 , 52338	 , 2	 , 5	 , 149.70473, 
350	 , 54310	 , 4	 , 5	 , 149.70473, 
350	 , 53540	 , 4	 , 5	 , 149.70473, 
350	 , 52364	 , 2	 , 5	 , 149.70473, 
350	 , 52490	 , 2	 , 5	 , 149.70473, 
350	 , 52518	 , 4	 , 5	 , 149.70473, 
350	 , 54336	 , 2	 , 5	 , 149.70473, 
350	 , 55112	 , 2	 , 5	 , 149.70473, 
350	 , 52992	 , 2	 , 5	 , 149.70473, 
350	 , 54524	 , 2	 , 5	 , 149.70473, 
350	 , 52332	 , 4	 , 5	 , 149.70473, 
350	 , 54160	 , 4	 , 5	 , 149.70473, 
350	 , 52600	 , 4	 , 5	 , 149.70473, 
350	 , 52476	 , 2	 , 5	 , 149.70473, 
350	 , 52484	 , 2	 , 5	 , 149.70473, 
350	 , 54692	 , 0	 , 5	 , 149.70473, 
350	 , 54750	 , 4	 , 5	 , 149.70473, 
350	 , 52748	 , 2	 , 5	 , 149.70473, 
350	 , 52720	 , 1	 , 5	 , 149.70473, 
350	 , 52836	 , 4	 , 5	 , 149.70473, 
350	 , 52102	 , 2	 , 5	 , 149.70473, 
350	 , 54416	 , 2	 , 5	 , 149.70473, 
350	 , 52852	 , 2	 , 5	 , 149.70473, 
350	 , 52252	 , 2	 , 5	 , 149.70473, 
350	 , 57562	 , 4	 , 5	 , 149.70473, 
350	 , 52658	 , 1	 , 5	 , 149.70473, 
350	 , 53706	 , 2	 , 5	 , 149.70473, 
350	 , 55866	 , 4	 , 5	 , 149.70473, 
350	 , 52342	 , 4	 , 5	 , 149.70473, 
350	 , 55286	 , 4	 , 5	 , 149.70473, 
350	 , 54256	 , 4	 , 5	 , 149.70473, 
350	 , 52492	 , 2	 , 5	 , 149.70473, 
350	 , 52570	 , 4	 , 5	 , 149.70473, 
350	 , 52612	 , 2	 , 5	 , 149.70473, 
350	 , 57196	 , 2	 , 5	 , 147.34256, 
350	 , 52568	 , 1	 , 5	 , 149.70473, 
350	 , 54404	 , 0	 , 5	 , 149.40946, 
350	 , 52412	 , 2	 , 5	 , 149.70473, 
350	 , 54386	 , 4	 , 5	 , 149.70473, 
350	 , 55890	 , 4	 , 5	 , 149.70473, 
350	 , 52644	 , 2	 , 5	 , 149.70473, 
350	 , 53128	 , 2	 , 5	 , 149.70473, 
350	 , 53278	 , 2	 , 5	 , 149.70473, 
350	 , 52828	 , 2	 , 5	 , 149.70473, 
350	 , 52414	 , 2	 , 5	 , 149.70473, 
350	 , 55130	 , 2	 , 5	 , 149.70473, 
350	 , 54494	 , 4	 , 5	 , 149.70473, 
350	 , 53154	 , 2	 , 5	 , 147.34256, 
350	 , 52732	 , 2	 , 5	 , 149.70473, 
350	 , 55082	 , 3	 , 5	 , 148.52364, 
350	 , 52716	 , 2	 , 5	 , 149.70473, 
350	 , 55044	 , 4	 , 5	 , 149.70473, 
350	 , 52690	 , 1	 , 5	 , 149.70473, 
350	 , 52850	 , 2	 , 5	 , 149.70473, 
350	 , 53822	 , 4	 , 5	 , 149.70473, 
350	 , 57010	 , 0	 , 5	 , 149.70473, 
350	 , 53210	 , 1	 , 5	 , 149.70473, 
350	 , 52408	 , 2	 , 5	 , 149.70473, 
350	 , 52646	 , 2	 , 5	 , 149.70473, 
350	 , 52762	 , 2	 , 5	 , 149.70473, 
350	 , 55002	 , 4	 , 5	 , 149.70473, 
350	 , 52794	 , 2	 , 5	 , 149.70473, 
350	 , 53218	 , 1	 , 5	 , 149.70473, 
350	 , 55798	 , 2	 , 5	 , 147.34256, 
350	 , 56310	 , 1	 , 5	 , 149.70473, 
350	 , 52936	 , 2	 , 5	 , 149.70473, 
350	 , 52272	 , 2	 , 5	 , 149.70473, 
350	 , 56928	 , 4	 , 5	 , 149.70473, 
350	 , 53378	 , 2	 , 5	 , 149.70473, 
350	 , 52570	 , 1	 , 5	 , 149.70473, 
350	 , 53168	 , 2	 , 5	 , 149.70473, 
350	 , 55606	 , 4	 , 5	 , 149.70473, 
350	 , 57810	 , 0	 , 5	 , 149.70473, 
350	 , 52674	 , 2	 , 5	 , 149.70473, 
350	 , 52680	 , 2	 , 5	 , 149.70473, 
350	 , 52536	 , 2	 , 5	 , 149.70473, 
350	 , 56422	 , 4	 , 5	 , 149.70473, 
350	 , 52626	 , 2	 , 5	 , 149.70473, 
350	 , 55776	 , 4	 , 5	 , 149.70473, 
350	 , 53390	 , 2	 , 5	 , 149.70473, 
350	 , 52742	 , 2	 , 5	 , 149.70473, 
350	 , 54266	 , 2	 , 5	 , 149.70473, 
350	 , 52468	 , 2	 , 5	 , 149.70473, 
350	 , 53234	 , 2	 , 5	 , 149.70473, 
350	 , 52512	 , 2	 , 5	 , 149.70473, 
350	 , 56558	 , 4	 , 5	 , 149.70473, 
350	 , 55240	 , 2	 , 5	 , 149.70473, 
350	 , 52662	 , 2	 , 5	 , 149.70473, 
350	 , 54260	 , 4	 , 5	 , 149.70473, 
350	 , 52930	 , 2	 , 5	 , 149.70473, 
350	 , 58096	 , 4	 , 5	 , 149.70473, 
350	 , 54136	 , 4	 , 5	 , 149.70473, 
350	 , 52186	 , 2	 , 5	 , 149.70473, 
350	 , 52336	 , 2	 , 5	 , 149.70473, 
350	 , 52894	 , 2	 , 5	 , 149.70473, 
350	 , 56234	 , 2	 , 5	 , 149.70473, 
350	 , 56458	 , 2	 , 5	 , 149.70473, 
350	 , 52688	 , 2	 , 5	 , 149.70473, 
350	 , 52064	 , 1	 , 5	 , 149.70473, 
350	 , 53986	 , 1	 , 5	 , 149.70473, 
350	 , 52824	 , 1	 , 5	 , 149.70473, 
400	 , 59918	 , 2	 , 5	 , 149.70473, 
400	 , 60560	 , 2	 , 5	 , 149.70473, 
400	 , 60398	 , 1	 , 5	 , 149.70473, 
400	 , 60186	 , 0	 , 5	 , 149.70473, 
400	 , 59860	 , 2	 , 5	 , 149.70473, 
400	 , 60518	 , 1	 , 5	 , 149.70473, 
400	 , 61012	 , 2	 , 5	 , 149.70473, 
400	 , 59914	 , 2	 , 5	 , 149.70473, 
400	 , 60168	 , 2	 , 5	 , 149.70473, 
400	 , 59850	 , 2	 , 5	 , 149.70473, 
400	 , 60384	 , 4	 , 5	 , 149.70473, 
400	 , 59944	 , 2	 , 5	 , 149.70473, 
400	 , 60374	 , 2	 , 5	 , 149.70473, 
400	 , 60228	 , 4	 , 5	 , 149.70473, 
400	 , 60140	 , 2	 , 5	 , 149.70473, 
400	 , 60328	 , 2	 , 5	 , 149.70473, 
400	 , 60744	 , 1	 , 5	 , 149.70473, 
400	 , 60210	 , 4	 , 5	 , 149.70473, 
400	 , 62776	 , 2	 , 5	 , 149.70473, 
400	 , 59846	 , 4	 , 5	 , 149.70473, 
400	 , 60616	 , 2	 , 5	 , 149.70473, 
400	 , 60434	 , 4	 , 5	 , 149.70473, 
400	 , 60242	 , 2	 , 5	 , 149.70473, 
400	 , 60042	 , 2	 , 5	 , 149.70473, 
400	 , 60262	 , 2	 , 5	 , 149.70473, 
400	 , 60058	 , 2	 , 5	 , 149.70473, 
400	 , 61930	 , 2	 , 5	 , 149.70473, 
400	 , 59410	 , 2	 , 5	 , 149.70473, 
400	 , 61116	 , 4	 , 5	 , 149.70473, 
400	 , 61708	 , 4	 , 5	 , 149.70473, 
400	 , 61946	 , 4	 , 5	 , 149.70473, 
400	 , 60126	 , 2	 , 5	 , 149.70473, 
400	 , 60294	 , 1	 , 5	 , 149.70473, 
400	 , 65492	 , 4	 , 5	 , 149.70473, 
400	 , 60752	 , 2	 , 5	 , 149.70473, 
400	 , 60486	 , 2	 , 5	 , 149.70473, 
400	 , 59710	 , 4	 , 5	 , 149.70473, 
400	 , 60562	 , 2	 , 5	 , 149.70473, 
400	 , 61894	 , 4	 , 5	 , 149.70473, 
400	 , 65428	 , 4	 , 5	 , 149.70473, 
400	 , 60222	 , 2	 , 5	 , 149.70473, 
400	 , 60000	 , 2	 , 5	 , 149.70473, 
400	 , 61186	 , 2	 , 5	 , 149.70473, 
400	 , 60712	 , 2	 , 5	 , 149.70473, 
400	 , 60334	 , 2	 , 5	 , 149.70473, 
400	 , 59790	 , 1	 , 5	 , 149.70473, 
400	 , 62586	 , 2	 , 5	 , 149.70473, 
400	 , 63006	 , 4	 , 5	 , 149.70473, 
400	 , 60346	 , 2	 , 5	 , 149.70473, 
400	 , 59850	 , 2	 , 5	 , 149.70473, 
400	 , 59994	 , 2	 , 5	 , 149.70473, 
400	 , 59412	 , 0	 , 5	 , 149.70473, 
400	 , 60044	 , 2	 , 5	 , 149.70473, 
400	 , 60482	 , 2	 , 5	 , 149.70473, 
400	 , 60260	 , 2	 , 5	 , 149.70473, 
400	 , 65370	 , 4	 , 5	 , 149.70473, 
400	 , 60788	 , 4	 , 5	 , 149.70473, 
400	 , 63198	 , 4	 , 5	 , 149.70473, 
400	 , 59774	 , 2	 , 5	 , 149.70473, 
400	 , 63998	 , 1	 , 5	 , 149.70473, 
400	 , 60648	 , 4	 , 5	 , 149.70473, 
400	 , 63806	 , 4	 , 5	 , 149.70473, 
400	 , 59538	 , 1	 , 5	 , 149.70473, 
400	 , 59590	 , 2	 , 5	 , 149.70473, 
400	 , 59772	 , 4	 , 5	 , 149.70473, 
400	 , 60848	 , 2	 , 5	 , 149.70473, 
400	 , 60880	 , 2	 , 5	 , 149.70473, 
400	 , 60008	 , 2	 , 5	 , 149.70473, 
400	 , 60132	 , 3	 , 5	 , 49.99808, 
400	 , 64286	 , 3	 , 5	 , 149.70473, 
400	 , 60730	 , 4	 , 5	 , 149.70473, 
400	 , 60118	 , 2	 , 5	 , 149.70473, 
400	 , 59606	 , 2	 , 5	 , 149.70473, 
400	 , 60034	 , 1	 , 5	 , 149.70473, 
400	 , 60196	 , 2	 , 5	 , 149.70473, 
400	 , 60204	 , 2	 , 5	 , 149.70473, 
400	 , 60192	 , 1	 , 5	 , 149.70473, 
400	 , 60390	 , 2	 , 5	 , 149.70473, 
400	 , 64520	 , 4	 , 5	 , 149.70473, 
400	 , 60248	 , 2	 , 5	 , 149.70473, 
400	 , 60156	 , 2	 , 5	 , 149.70473, 
400	 , 62748	 , 4	 , 5	 , 149.70473, 
400	 , 66028	 , 4	 , 5	 , 149.70473, 
400	 , 60454	 , 1	 , 5	 , 149.70473, 
400	 , 61364	 , 2	 , 5	 , 149.70473, 
400	 , 62700	 , 0	 , 5	 , 149.40946, 
400	 , 62116	 , 2	 , 5	 , 149.70473, 
400	 , 60562	 , 1	 , 5	 , 149.70473, 
400	 , 64362	 , 1	 , 5	 , 149.70473, 
400	 , 62078	 , 2	 , 5	 , 149.70473, 
400	 , 59550	 , 2	 , 5	 , 149.70473, 
400	 , 65698	 , 4	 , 5	 , 149.70473, 
400	 , 60510	 , 4	 , 5	 , 149.70473, 
400	 , 60720	 , 4	 , 5	 , 149.70473, 
400	 , 65216	 , 2	 , 5	 , 149.70473, 
400	 , 59726	 , 2	 , 5	 , 149.70473, 
400	 , 61122	 , 2	 , 5	 , 149.70473, 
400	 , 60434	 , 2	 , 5	 , 149.70473, 
400	 , 63468	 , 2	 , 5	 , 149.70473, 
400	 , 64716	 , 4	 , 5	 , 149.70473, 
400	 , 60116	 , 2	 , 5	 , 149.70473, 
400	 , 62532	 , 1	 , 5	 , 149.70473, 
400	 , 59790	 , 1	 , 5	 , 149.70473, 
400	 , 61514	 , 4	 , 5	 , 149.70473, 
400	 , 60022	 , 2	 , 5	 , 149.70473, 
400	 , 60330	 , 2	 , 5	 , 149.70473, 
400	 , 60268	 , 4	 , 5	 , 149.70473, 
400	 , 61542	 , 2	 , 5	 , 148.52364, 
400	 , 60034	 , 2	 , 5	 , 149.70473, 
400	 , 65182	 , 4	 , 5	 , 149.70473, 
400	 , 59964	 , 2	 , 5	 , 149.70473, 
400	 , 60262	 , 2	 , 5	 , 149.70473, 
400	 , 60216	 , 4	 , 5	 , 149.70473, 
400	 , 60160	 , 2	 , 5	 , 149.70473, 
400	 , 60666	 , 2	 , 5	 , 149.70473, 
400	 , 60182	 , 2	 , 5	 , 149.70473, 
400	 , 65396	 , 4	 , 5	 , 149.70473, 
400	 , 60852	 , 1	 , 5	 , 149.70473, 
400	 , 64000	 , 2	 , 5	 , 149.70473, 
400	 , 63358	 , 4	 , 5	 , 149.70473, 
400	 , 64172	 , 4	 , 5	 , 149.70473, 
400	 , 64710	 , 4	 , 5	 , 149.70473, 
400	 , 60056	 , 2	 , 5	 , 149.70473, 
400	 , 62092	 , 3	 , 5	 , 49.99808, 
400	 , 59704	 , 2	 , 5	 , 149.70473, 
400	 , 59800	 , 2	 , 5	 , 149.70473, 
400	 , 59602	 , 1	 , 5	 , 149.70473, 
400	 , 62476	 , 4	 , 5	 , 149.70473, 
400	 , 60142	 , 2	 , 5	 , 149.70473, 
400	 , 59372	 , 3	 , 5	 , 49.99808, 
400	 , 60750	 , 2	 , 5	 , 149.70473, 
400	 , 59976	 , 4	 , 5	 , 149.70473, 
400	 , 61122	 , 4	 , 5	 , 149.70473, 
400	 , 65440	 , 4	 , 5	 , 149.70473, 
400	 , 61286	 , 4	 , 5	 , 149.70473, 
400	 , 60460	 , 2	 , 5	 , 149.70473, 
400	 , 60136	 , 2	 , 5	 , 149.70473, 
400	 , 63244	 , 4	 , 5	 , 149.70473, 
400	 , 62134	 , 1	 , 5	 , 149.70473, 
400	 , 60486	 , 1	 , 5	 , 149.70473, 
400	 , 60830	 , 2	 , 5	 , 149.70473, 
400	 , 59514	 , 2	 , 5	 , 149.70473, 
400	 , 60640	 , 2	 , 5	 , 149.70473, 
400	 , 59914	 , 4	 , 5	 , 149.70473, 
400	 , 64022	 , 2	 , 5	 , 149.70473, 
400	 , 61884	 , 2	 , 5	 , 149.70473, 
400	 , 64100	 , 4	 , 5	 , 149.70473, 
400	 , 60326	 , 1	 , 5	 , 149.70473, 
400	 , 60798	 , 1	 , 5	 , 149.70473, 
400	 , 60312	 , 2	 , 5	 , 149.70473, 
400	 , 60280	 , 4	 , 5	 , 149.70473, 
400	 , 59942	 , 2	 , 5	 , 149.70473, 
400	 , 60276	 , 2	 , 5	 , 149.70473, 
400	 , 60536	 , 2	 , 5	 , 149.70473, 
400	 , 60004	 , 2	 , 5	 , 149.70473, 
400	 , 60396	 , 2	 , 5	 , 149.70473, 
400	 , 61048	 , 4	 , 5	 , 149.70473, 
400	 , 60018	 , 4	 , 5	 , 149.70473, 
400	 , 59816	 , 2	 , 5	 , 149.70473, 
400	 , 59152	 , 4	 , 5	 , 149.70473, 
400	 , 60438	 , 2	 , 5	 , 149.70473, 
400	 , 59534	 , 1	 , 5	 , 149.70473, 
400	 , 60274	 , 2	 , 5	 , 149.70473, 
400	 , 63156	 , 2	 , 5	 , 149.70473, 
400	 , 60202	 , 1	 , 5	 , 149.70473, 
400	 , 60632	 , 1	 , 5	 , 149.70473, 
400	 , 61920	 , 2	 , 5	 , 149.70473, 
400	 , 62544	 , 4	 , 5	 , 149.70473, 
400	 , 61864	 , 4	 , 5	 , 149.70473, 
400	 , 62902	 , 4	 , 5	 , 149.70473, 
400	 , 59516	 , 2	 , 5	 , 149.70473, 
400	 , 61664	 , 2	 , 5	 , 149.70473, 
400	 , 60406	 , 4	 , 5	 , 149.70473, 
400	 , 62534	 , 4	 , 5	 , 149.70473, 
400	 , 63306	 , 3	 , 5	 , 49.99808, 
400	 , 60054	 , 1	 , 5	 , 149.70473, 
400	 , 60724	 , 4	 , 5	 , 149.70473, 
400	 , 60214	 , 2	 , 5	 , 149.70473, 
400	 , 67678	 , 4	 , 5	 , 149.70473, 
400	 , 64172	 , 2	 , 5	 , 148.52364, 
400	 , 60156	 , 2	 , 5	 , 149.70473, 
400	 , 61488	 , 4	 , 5	 , 149.70473, 
400	 , 60936	 , 4	 , 5	 , 149.70473, 
400	 , 60596	 , 2	 , 5	 , 149.70473, 
400	 , 62258	 , 4	 , 5	 , 149.70473, 
400	 , 60056	 , 2	 , 5	 , 149.70473, 
400	 , 60350	 , 2	 , 5	 , 149.70473, 
400	 , 59774	 , 2	 , 5	 , 149.70473, 
400	 , 64224	 , 4	 , 5	 , 149.70473, 
400	 , 61604	 , 4	 , 5	 , 149.70473, 
400	 , 65008	 , 4	 , 5	 , 149.70473, 
400	 , 61124	 , 2	 , 5	 , 149.70473, 
400	 , 61896	 , 4	 , 5	 , 149.70473, 
400	 , 60028	 , 2	 , 5	 , 149.70473, 
400	 , 63396	 , 4	 , 5	 , 149.70473, 
400	 , 62520	 , 4	 , 5	 , 149.70473, 
400	 , 60796	 , 2	 , 5	 , 149.70473, 
400	 , 60274	 , 0	 , 5	 , 149.40946, 
400	 , 60342	 , 2	 , 5	 , 149.70473, 
400	 , 61834	 , 2	 , 5	 , 149.70473, 
400	 , 59998	 , 2	 , 5	 , 149.70473, 
400	 , 60220	 , 2	 , 5	 , 149.70473, 
400	 , 60044	 , 2	 , 5	 , 149.70473, 
400	 , 59922	 , 2	 , 5	 , 149.70473, 
400	 , 59974	 , 4	 , 5	 , 149.70473, 
400	 , 64072	 , 4	 , 5	 , 149.70473, 
400	 , 60572	 , 1	 , 5	 , 149.70473, 
400	 , 60080	 , 2	 , 5	 , 149.70473, 
400	 , 60288	 , 2	 , 5	 , 149.70473, 
400	 , 60476	 , 2	 , 5	 , 149.70473, 
400	 , 63910	 , 4	 , 5	 , 149.70473, 
400	 , 59816	 , 2	 , 5	 , 149.70473, 
400	 , 59980	 , 2	 , 5	 , 149.70473, 
400	 , 60504	 , 4	 , 5	 , 149.70473, 
400	 , 61066	 , 4	 , 5	 , 149.70473, 
400	 , 59594	 , 4	 , 5	 , 149.70473, 
400	 , 60860	 , 2	 , 5	 , 149.70473, 
400	 , 62040	 , 2	 , 5	 , 149.70473, 
400	 , 61540	 , 4	 , 5	 , 149.70473, 
400	 , 62650	 , 1	 , 5	 , 149.40946, 
400	 , 59536	 , 3	 , 5	 , 49.99808, 
400	 , 59864	 , 2	 , 5	 , 149.70473, 
400	 , 61156	 , 2	 , 5	 , 149.70473, 
400	 , 62456	 , 3	 , 5	 , 49.99808, 
400	 , 60516	 , 3	 , 5	 , 149.70473, 
400	 , 60044	 , 2	 , 5	 , 149.70473, 
400	 , 62458	 , 3	 , 5	 , 148.52364, 
400	 , 63116	 , 3	 , 5	 , 149.70473, 
400	 , 60020	 , 2	 , 5	 , 149.70473, 
400	 , 63490	 , 4	 , 5	 , 149.70473, 
400	 , 60044	 , 2	 , 5	 , 149.70473, 
400	 , 60950	 , 4	 , 5	 , 149.70473, 
400	 , 62136	 , 2	 , 5	 , 149.70473, 
400	 , 63698	 , 4	 , 5	 , 149.70473, 
400	 , 59808	 , 1	 , 5	 , 149.70473, 
400	 , 60286	 , 1	 , 5	 , 149.40946, 
400	 , 60162	 , 2	 , 5	 , 149.70473, 
400	 , 62142	 , 2	 , 5	 , 149.70473, 
400	 , 61434	 , 2	 , 5	 , 149.70473, 
400	 , 60162	 , 2	 , 5	 , 149.70473, 
400	 , 60188	 , 2	 , 5	 , 149.70473, 
400	 , 60124	 , 2	 , 5	 , 149.70473, 
400	 , 63604	 , 4	 , 5	 , 149.70473, 
400	 , 61492	 , 4	 , 5	 , 149.70473, 
400	 , 60344	 , 2	 , 5	 , 149.70473, 
400	 , 60098	 , 1	 , 5	 , 149.70473, 
400	 , 60016	 , 2	 , 5	 , 149.70473, 
400	 , 60782	 , 0	 , 5	 , 149.70473, 
400	 , 60594	 , 2	 , 5	 , 149.70473, 
400	 , 60038	 , 2	 , 5	 , 149.70473]