[
50	 , 52780	 , 17	 , 25	 , 0.0, 
50	 , 52312	 , 2	 , 26	 , -0.00179, 
50	 , 52104	 , 15	 , 26	 , -0.00321, 
50	 , 53206	 , 15	 , 26	 , -0.04683, 
50	 , 53096	 , 6	 , 26	 , 0.0, 
50	 , 52736	 , 7	 , 26	 , 0.0, 
50	 , 52518	 , 15	 , 26	 , -0.03458, 
50	 , 51712	 , 0	 , 27	 , -4.3E-4, 
50	 , 51280	 , 16	 , 27	 , -0.00281, 
50	 , 52596	 , 3	 , 26	 , -0.08821, 
50	 , 52762	 , 6	 , 28	 , 0.0, 
50	 , 51754	 , 13	 , 27	 , -0.00166, 
50	 , 52762	 , 3	 , 24	 , -0.00225, 
50	 , 51390	 , 12	 , 26	 , -0.01982, 
50	 , 53182	 , 2	 , 28	 , -0.00333, 
50	 , 52108	 , 7	 , 27	 , -0.17385, 
50	 , 54306	 , 17	 , 27	 , -0.0041, 
50	 , 52954	 , 10	 , 27	 , -0.00106, 
50	 , 51468	 , 2	 , 26	 , -1.0E-5, 
50	 , 52716	 , 7	 , 28	 , -0.03664, 
50	 , 52518	 , 16	 , 26	 , -2.2E-4, 
50	 , 53122	 , 17	 , 27	 , -6.8E-4, 
50	 , 52016	 , 2	 , 27	 , -0.0018, 
50	 , 51468	 , 4	 , 27	 , -0.00424, 
50	 , 51876	 , 3	 , 27	 , 0.0, 
50	 , 52216	 , 12	 , 26	 , -0.04003, 
50	 , 54094	 , 9	 , 26	 , 0.0, 
50	 , 51680	 , 8	 , 27	 , -0.00436, 
50	 , 52892	 , 5	 , 27	 , -0.00243, 
50	 , 52406	 , 20	 , 26	 , -0.00564, 
50	 , 51242	 , 12	 , 25	 , 0.0, 
50	 , 53402	 , 7	 , 28	 , -0.00197, 
50	 , 52984	 , 3	 , 27	 , -0.00244, 
50	 , 51794	 , 2	 , 27	 , -1.0E-5, 
50	 , 53398	 , 16	 , 25	 , -2.0E-5, 
50	 , 52388	 , 16	 , 27	 , -0.1152, 
50	 , 51702	 , 8	 , 26	 , -3.0E-5, 
50	 , 52098	 , 8	 , 27	 , -0.01963, 
50	 , 51330	 , 3	 , 27	 , -2.0E-5, 
50	 , 51846	 , 16	 , 26	 , -0.00175, 
50	 , 51530	 , 9	 , 27	 , -0.08764, 
50	 , 51828	 , 0	 , 27	 , -0.0581, 
50	 , 52154	 , 9	 , 27	 , -3.0E-5, 
50	 , 51824	 , 3	 , 27	 , -1.6E-4, 
50	 , 53486	 , 16	 , 26	 , -0.00182, 
50	 , 51338	 , 14	 , 26	 , -0.01773, 
50	 , 51632	 , 14	 , 25	 , -0.01758, 
50	 , 53358	 , 11	 , 27	 , 0.0, 
50	 , 53108	 , 3	 , 27	 , -0.00491, 
50	 , 51722	 , 14	 , 26	 , -0.00451, 
50	 , 52634	 , 2	 , 26	 , -2.2E-4, 
50	 , 51694	 , 12	 , 26	 , -0.01666, 
50	 , 51546	 , 14	 , 27	 , -0.0023, 
50	 , 52508	 , 12	 , 27	 , -1.0E-5, 
50	 , 52424	 , 13	 , 27	 , -0.00414, 
50	 , 53430	 , 1	 , 25	 , 0.0, 
50	 , 53782	 , 11	 , 27	 , -0.00588, 
50	 , 52266	 , 17	 , 28	 , -0.00237, 
50	 , 53326	 , 23	 , 28	 , -0.05618, 
50	 , 52528	 , 18	 , 26	 , -0.19399, 
50	 , 52120	 , 6	 , 26	 , 0.0, 
50	 , 51650	 , 11	 , 26	 , -0.13429, 
50	 , 52626	 , 1	 , 28	 , -0.00566, 
50	 , 51462	 , 13	 , 27	 , -0.18511, 
50	 , 53458	 , 18	 , 28	 , -0.25493, 
50	 , 51876	 , 13	 , 26	 , -4.0E-5, 
50	 , 52616	 , 20	 , 27	 , -0.00202, 
50	 , 51360	 , 10	 , 25	 , -6.9E-4, 
50	 , 51240	 , 22	 , 26	 , -0.00441, 
50	 , 51854	 , 19	 , 26	 , -0.21221, 
50	 , 52050	 , 4	 , 28	 , -0.00383, 
50	 , 52772	 , 16	 , 27	 , -0.00333, 
50	 , 52738	 , 8	 , 27	 , -0.00358, 
50	 , 52860	 , 14	 , 25	 , -1.0E-5, 
50	 , 51428	 , 19	 , 26	 , -0.00419, 
50	 , 51700	 , 9	 , 27	 , -0.00305, 
50	 , 53900	 , 9	 , 27	 , -0.00434, 
50	 , 51204	 , 15	 , 24	 , 0.0, 
50	 , 53030	 , 10	 , 26	 , -0.00174, 
50	 , 53176	 , 14	 , 27	 , -0.00299, 
50	 , 52500	 , 10	 , 27	 , -0.03072, 
50	 , 51242	 , 4	 , 27	 , -0.00881, 
50	 , 52774	 , 17	 , 28	 , -0.18747, 
50	 , 52256	 , 15	 , 27	 , -0.0022, 
50	 , 52124	 , 10	 , 27	 , -0.00383, 
50	 , 52326	 , 11	 , 27	 , 0.0, 
50	 , 52022	 , 14	 , 26	 , -0.04236, 
50	 , 52714	 , 5	 , 26	 , 0.0, 
50	 , 53066	 , 23	 , 26	 , -0.05044, 
50	 , 52352	 , 9	 , 28	 , -0.00263, 
50	 , 52612	 , 1	 , 27	 , 0.0, 
50	 , 51224	 , 8	 , 27	 , -0.0037, 
50	 , 51642	 , 15	 , 25	 , -0.03484, 
50	 , 51744	 , 1	 , 27	 , -0.00224, 
50	 , 52908	 , 9	 , 26	 , 0.0, 
50	 , 52086	 , 13	 , 23	 , -6.0E-5, 
50	 , 52626	 , 2	 , 27	 , 0.0, 
50	 , 51738	 , 6	 , 24	 , -2.0E-5, 
50	 , 52512	 , 8	 , 26	 , -1.0E-5, 
50	 , 53384	 , 4	 , 28	 , 0.0, 
50	 , 52818	 , 20	 , 27	 , -0.05592, 
50	 , 52130	 , 14	 , 26	 , -2.6E-4, 
50	 , 51264	 , 17	 , 25	 , -0.04512, 
50	 , 51618	 , 12	 , 27	 , -0.00488, 
50	 , 52418	 , 1	 , 27	 , -3.0E-4, 
50	 , 52432	 , 12	 , 26	 , -0.00267, 
50	 , 53190	 , 5	 , 25	 , 0.0, 
50	 , 53196	 , 9	 , 28	 , -0.00487, 
50	 , 53574	 , 10	 , 25	 , 0.0, 
50	 , 51918	 , 0	 , 27	 , -0.00206, 
50	 , 52224	 , 0	 , 26	 , 0.0, 
50	 , 52954	 , 18	 , 27	 , -0.01568, 
50	 , 52306	 , 8	 , 26	 , 0.0, 
50	 , 52980	 , 0	 , 27	 , -0.00172, 
50	 , 51618	 , 10	 , 24	 , -0.00291, 
50	 , 51266	 , 13	 , 26	 , -0.0472, 
50	 , 52792	 , 6	 , 28	 , -0.0042, 
50	 , 52670	 , 4	 , 28	 , 0.0, 
50	 , 52368	 , 6	 , 28	 , -0.14652, 
50	 , 52190	 , 9	 , 27	 , -0.00246, 
50	 , 52426	 , 2	 , 25	 , 0.0, 
50	 , 53000	 , 6	 , 27	 , -0.16063, 
50	 , 53138	 , 14	 , 27	 , -0.01782, 
50	 , 51268	 , 19	 , 26	 , -0.01817, 
50	 , 51604	 , 0	 , 26	 , -0.00428, 
50	 , 53484	 , 16	 , 27	 , -0.00194, 
50	 , 51694	 , 2	 , 26	 , 0.0, 
50	 , 53446	 , 0	 , 27	 , 0.0, 
50	 , 52358	 , 20	 , 27	 , -0.06025, 
50	 , 52682	 , 16	 , 26	 , -0.00551, 
50	 , 52358	 , 18	 , 28	 , -0.00722, 
50	 , 53394	 , 15	 , 26	 , -0.00163, 
50	 , 51206	 , 18	 , 26	 , -0.03379, 
50	 , 53582	 , 10	 , 27	 , 0.0, 
50	 , 51618	 , 7	 , 27	 , -1.0E-5, 
50	 , 52358	 , 2	 , 25	 , -8.0E-4, 
50	 , 52062	 , 15	 , 25	 , -0.00163, 
50	 , 51224	 , 18	 , 23	 , 0.0, 
50	 , 51824	 , 5	 , 27	 , -3.0E-5, 
50	 , 52818	 , 12	 , 27	 , -0.00161, 
50	 , 52032	 , 11	 , 27	 , -0.01535, 
50	 , 52826	 , 1	 , 28	 , -0.00636, 
50	 , 53314	 , 7	 , 27	 , -2.0E-5, 
50	 , 52478	 , 18	 , 25	 , -4.7E-4, 
50	 , 52876	 , 4	 , 27	 , 0.0, 
50	 , 52376	 , 14	 , 28	 , -0.00501, 
50	 , 52380	 , 3	 , 26	 , 0.0, 
50	 , 51784	 , 14	 , 27	 , -0.03851, 
50	 , 51846	 , 11	 , 27	 , -1.0E-5, 
50	 , 53300	 , 17	 , 25	 , -0.00238, 
50	 , 52144	 , 0	 , 27	 , -0.00404, 
50	 , 52488	 , 9	 , 27	 , -0.00322, 
50	 , 51952	 , 14	 , 27	 , -0.00141, 
50	 , 52284	 , 5	 , 26	 , 0.0, 
50	 , 52520	 , 19	 , 26	 , -0.00344, 
50	 , 52860	 , 13	 , 26	 , -0.01512, 
50	 , 52406	 , 10	 , 27	 , -0.00439, 
50	 , 52194	 , 14	 , 27	 , -0.00486, 
50	 , 52600	 , 1	 , 27	 , 0.0, 
50	 , 52742	 , 8	 , 28	 , -0.00196, 
50	 , 51842	 , 15	 , 25	 , -5.0E-5, 
50	 , 51334	 , 12	 , 26	 , -0.00132, 
50	 , 52098	 , 0	 , 27	 , -0.00178, 
50	 , 51890	 , 12	 , 26	 , -0.01989, 
50	 , 51422	 , 2	 , 25	 , 0.0, 
50	 , 51982	 , 12	 , 26	 , -2.9E-4, 
50	 , 51842	 , 10	 , 27	 , -0.00286, 
50	 , 52064	 , 21	 , 27	 , -0.01737, 
50	 , 53552	 , 8	 , 26	 , 0.0, 
50	 , 51440	 , 1	 , 25	 , 0.0, 
50	 , 52108	 , 3	 , 28	 , -8.0E-5, 
50	 , 51264	 , 3	 , 26	 , -0.00652, 
50	 , 52766	 , 15	 , 27	 , -0.00322, 
50	 , 52894	 , 16	 , 25	 , 0.0, 
50	 , 52558	 , 15	 , 27	 , -0.00199, 
50	 , 51372	 , 11	 , 26	 , -0.19632, 
50	 , 52200	 , 2	 , 26	 , -0.01702, 
50	 , 52632	 , 7	 , 27	 , 0.0, 
50	 , 52958	 , 8	 , 26	 , -0.00108, 
50	 , 51524	 , 0	 , 25	 , -1.0E-5, 
50	 , 51758	 , 10	 , 27	 , -0.00167, 
50	 , 52952	 , 13	 , 27	 , -1.0E-5, 
50	 , 53208	 , 21	 , 26	 , -0.00113, 
50	 , 53056	 , 5	 , 27	 , -0.00183, 
50	 , 52664	 , 7	 , 27	 , 0.0, 
50	 , 52456	 , 1	 , 28	 , 0.0, 
50	 , 52734	 , 17	 , 27	 , -0.00339, 
50	 , 51394	 , 4	 , 27	 , -5.0E-4, 
50	 , 53052	 , 21	 , 28	 , -0.01677, 
50	 , 53142	 , 2	 , 27	 , -3.3E-4, 
50	 , 52338	 , 17	 , 27	 , -2.0E-5, 
50	 , 52882	 , 3	 , 27	 , -3.0E-4, 
50	 , 51952	 , 6	 , 27	 , -1.6E-4, 
50	 , 51924	 , 14	 , 26	 , -0.00845, 
50	 , 51566	 , 2	 , 27	 , -0.17516, 
50	 , 51926	 , 5	 , 26	 , -0.00177, 
50	 , 51812	 , 16	 , 26	 , -9.4E-4, 
50	 , 51220	 , 17	 , 26	 , -0.03039, 
50	 , 51782	 , 7	 , 27	 , 0.0, 
50	 , 52590	 , 1	 , 27	 , -0.00359, 
50	 , 52258	 , 16	 , 26	 , -0.006, 
50	 , 51606	 , 14	 , 26	 , -0.19589, 
50	 , 51768	 , 22	 , 26	 , -0.0036, 
50	 , 51602	 , 14	 , 27	 , -0.15978, 
50	 , 52228	 , 14	 , 26	 , -0.00173, 
50	 , 52040	 , 17	 , 27	 , -1.7E-4, 
50	 , 51806	 , 3	 , 26	 , 0.0, 
50	 , 52032	 , 1	 , 27	 , 0.0, 
50	 , 53114	 , 4	 , 27	 , 0.0, 
50	 , 53284	 , 12	 , 27	 , -0.12301, 
50	 , 51466	 , 15	 , 26	 , -0.16769, 
50	 , 51562	 , 17	 , 26	 , 0.0, 
50	 , 51230	 , 0	 , 27	 , -0.00214, 
50	 , 51346	 , 3	 , 27	 , 0.0, 
50	 , 52540	 , 14	 , 27	 , -0.00306, 
50	 , 52678	 , 15	 , 23	 , -0.00381, 
50	 , 51980	 , 2	 , 25	 , -0.002, 
50	 , 52998	 , 0	 , 26	 , -1.1E-4, 
50	 , 53404	 , 10	 , 27	 , -0.00213, 
50	 , 52574	 , 0	 , 27	 , 0.0, 
50	 , 51812	 , 1	 , 24	 , -0.01253, 
50	 , 53446	 , 2	 , 27	 , 0.0, 
50	 , 51788	 , 3	 , 27	 , -9.5E-4, 
50	 , 51466	 , 0	 , 26	 , 0.0, 
50	 , 51934	 , 16	 , 24	 , -0.04041, 
50	 , 52942	 , 1	 , 28	 , -0.00759, 
50	 , 52012	 , 1	 , 26	 , -1.0E-5, 
50	 , 53168	 , 15	 , 26	 , -0.01503, 
50	 , 52150	 , 12	 , 27	 , -0.13619, 
50	 , 53544	 , 16	 , 26	 , -4.0E-5, 
50	 , 51486	 , 13	 , 26	 , -0.19632, 
50	 , 52314	 , 2	 , 26	 , -0.12996, 
50	 , 52564	 , 6	 , 27	 , 0.0, 
50	 , 52448	 , 8	 , 28	 , -0.00169, 
50	 , 53516	 , 11	 , 27	 , -0.00148, 
50	 , 51500	 , 19	 , 24	 , 0.0, 
50	 , 51200	 , 4	 , 26	 , -1.0E-5, 
50	 , 52830	 , 1	 , 28	 , -0.00278, 
50	 , 52178	 , 11	 , 26	 , -0.00257, 
50	 , 51624	 , 8	 , 27	 , -6.5E-4, 
50	 , 52060	 , 19	 , 26	 , -0.05167, 
50	 , 53102	 , 2	 , 28	 , 0.0, 
50	 , 53148	 , 10	 , 28	 , -0.00161, 
50	 , 52728	 , 3	 , 27	 , 0.0, 
50	 , 53010	 , 12	 , 27	 , -0.01052, 
50	 , 52976	 , 11	 , 26	 , -0.00291, 
50	 , 52556	 , 18	 , 26	 , -0.00408, 
50	 , 52910	 , 15	 , 26	 , -2.0E-5, 
50	 , 53652	 , 5	 , 27	 , -0.00527, 
50	 , 52084	 , 12	 , 26	 , -0.05135, 
100	 , 54928	 , 6	 , 15	 , -0.0023, 
100	 , 55670	 , 13	 , 15	 , -0.00373, 
100	 , 53922	 , 1	 , 15	 , -8.1E-4, 
100	 , 52650	 , 9	 , 14	 , -4.0E-5, 
100	 , 51712	 , 0	 , 14	 , -0.00305, 
100	 , 53748	 , 9	 , 15	 , -0.07412, 
100	 , 54648	 , 4	 , 15	 , -0.00384, 
100	 , 54368	 , 3	 , 15	 , -0.00646, 
100	 , 51958	 , 3	 , 14	 , 0.0, 
100	 , 55226	 , 2	 , 15	 , 0.0, 
100	 , 51532	 , 0	 , 14	 , -0.00167, 
100	 , 54032	 , 3	 , 15	 , 0.0, 
100	 , 51812	 , 3	 , 14	 , -3.0E-5, 
100	 , 52338	 , 1	 , 14	 , -7.2E-4, 
100	 , 51286	 , 0	 , 14	 , 0.0, 
100	 , 51672	 , 3	 , 14	 , -0.00344, 
100	 , 54392	 , 0	 , 15	 , -0.00312, 
100	 , 54214	 , 0	 , 15	 , -1.0E-5, 
100	 , 54664	 , 0	 , 15	 , -4.0E-5, 
100	 , 51592	 , 6	 , 14	 , -1.4E-4, 
100	 , 54390	 , 1	 , 15	 , -0.00468, 
100	 , 54332	 , 0	 , 15	 , -0.00273, 
100	 , 54960	 , 11	 , 15	 , -0.00395, 
100	 , 52074	 , 2	 , 14	 , -1.5E-4, 
100	 , 51424	 , 3	 , 14	 , 0.0, 
100	 , 55312	 , 0	 , 15	 , -0.13008, 
100	 , 52566	 , 10	 , 14	 , -0.00216, 
100	 , 53566	 , 10	 , 14	 , -2.9E-4, 
100	 , 54484	 , 0	 , 15	 , -4.0E-5, 
100	 , 54908	 , 6	 , 15	 , -0.00172, 
100	 , 52744	 , 10	 , 14	 , 0.0, 
100	 , 51788	 , 0	 , 14	 , -0.18806, 
100	 , 51650	 , 11	 , 14	 , -1.0E-5, 
100	 , 53758	 , 7	 , 15	 , -9.0E-5, 
100	 , 51296	 , 2	 , 14	 , -2.0E-5, 
100	 , 54032	 , 5	 , 15	 , -0.00175, 
100	 , 54182	 , 5	 , 15	 , -0.00482, 
100	 , 53756	 , 1	 , 15	 , -0.00264, 
100	 , 54256	 , 1	 , 15	 , -1.0E-5, 
100	 , 52754	 , 0	 , 14	 , -0.00458, 
100	 , 55302	 , 9	 , 15	 , -0.00181, 
100	 , 51254	 , 0	 , 14	 , -1.0E-5, 
100	 , 51334	 , 0	 , 14	 , -0.04009, 
100	 , 54810	 , 2	 , 15	 , -1.0E-5, 
100	 , 52340	 , 8	 , 14	 , 0.0, 
100	 , 54642	 , 7	 , 14	 , -0.17304, 
100	 , 54532	 , 2	 , 15	 , -0.00257, 
100	 , 54708	 , 9	 , 15	 , -0.00161, 
100	 , 53672	 , 3	 , 15	 , 0.0, 
100	 , 54728	 , 0	 , 15	 , 0.0, 
100	 , 54068	 , 3	 , 15	 , -0.0087, 
100	 , 54262	 , 8	 , 15	 , -0.01745, 
100	 , 52222	 , 2	 , 14	 , -0.00162, 
100	 , 55446	 , 7	 , 15	 , -0.00167, 
100	 , 54172	 , 4	 , 14	 , -0.00161, 
100	 , 55084	 , 9	 , 15	 , -0.01673, 
100	 , 54238	 , 4	 , 15	 , -0.00432, 
100	 , 54018	 , 0	 , 15	 , -1.1E-4, 
100	 , 54736	 , 8	 , 15	 , -0.19178, 
100	 , 54348	 , 10	 , 15	 , -0.05085, 
100	 , 54608	 , 9	 , 15	 , -5.0E-4, 
100	 , 52994	 , 7	 , 14	 , -4.0E-5, 
100	 , 54130	 , 5	 , 15	 , -8.0E-5, 
100	 , 54950	 , 7	 , 14	 , -0.14015, 
100	 , 53930	 , 11	 , 15	 , -0.04052, 
100	 , 53990	 , 8	 , 15	 , -0.04351, 
100	 , 54860	 , 9	 , 15	 , -0.22662, 
100	 , 51446	 , 8	 , 14	 , -0.01965, 
100	 , 54336	 , 2	 , 15	 , -0.01528, 
100	 , 54694	 , 6	 , 15	 , -1.0E-5, 
100	 , 54250	 , 0	 , 15	 , -0.00272, 
100	 , 54704	 , 9	 , 15	 , -0.18405, 
100	 , 51480	 , 3	 , 14	 , -0.00746, 
100	 , 54644	 , 4	 , 15	 , -0.00197, 
100	 , 52312	 , 9	 , 14	 , -6.0E-4, 
100	 , 54456	 , 0	 , 15	 , -0.00222, 
100	 , 51314	 , 4	 , 14	 , -0.00286, 
100	 , 54502	 , 1	 , 15	 , -0.00239, 
100	 , 54600	 , 2	 , 15	 , -0.00422, 
100	 , 55074	 , 3	 , 15	 , -0.04445, 
100	 , 52044	 , 9	 , 14	 , -0.18151, 
100	 , 54320	 , 0	 , 15	 , 0.0, 
100	 , 54218	 , 5	 , 15	 , -0.0019, 
100	 , 54218	 , 11	 , 15	 , -0.004, 
100	 , 54010	 , 6	 , 15	 , -0.00267, 
100	 , 51444	 , 1	 , 14	 , 0.0, 
100	 , 54334	 , 0	 , 15	 , 0.0, 
100	 , 51874	 , 6	 , 14	 , -0.04738, 
100	 , 54480	 , 9	 , 14	 , -0.00305, 
100	 , 55008	 , 5	 , 15	 , -0.0452, 
100	 , 53636	 , 5	 , 15	 , -0.04395, 
100	 , 54718	 , 11	 , 15	 , -0.13978, 
100	 , 54392	 , 11	 , 15	 , 0.0, 
100	 , 53642	 , 4	 , 14	 , -0.00173, 
100	 , 54958	 , 0	 , 15	 , 0.0, 
100	 , 54810	 , 1	 , 15	 , -2.0E-5, 
100	 , 52986	 , 1	 , 14	 , -0.00172, 
100	 , 53290	 , 4	 , 15	 , -0.0165, 
100	 , 54500	 , 7	 , 15	 , 0.0, 
100	 , 54126	 , 8	 , 15	 , -0.66324, 
100	 , 51300	 , 5	 , 14	 , -1.0E-4, 
100	 , 53494	 , 7	 , 14	 , -0.00491, 
100	 , 51374	 , 10	 , 14	 , -7.0E-5, 
100	 , 54922	 , 0	 , 15	 , -1.0E-5, 
100	 , 54448	 , 3	 , 15	 , -8.0E-4, 
100	 , 54612	 , 3	 , 15	 , -0.00233, 
100	 , 53454	 , 0	 , 15	 , -4.0E-4, 
100	 , 53912	 , 1	 , 15	 , -0.22382, 
100	 , 51226	 , 2	 , 14	 , -0.00205, 
100	 , 52238	 , 3	 , 14	 , -2.0E-5, 
100	 , 51240	 , 1	 , 14	 , 0.0, 
100	 , 52796	 , 1	 , 14	 , -0.00464, 
100	 , 51444	 , 4	 , 14	 , 0.0, 
100	 , 53968	 , 1	 , 15	 , -2.1E-4, 
100	 , 54522	 , 0	 , 15	 , -0.00832, 
100	 , 52706	 , 4	 , 14	 , -0.01692, 
100	 , 52634	 , 4	 , 14	 , 0.0, 
100	 , 54196	 , 10	 , 15	 , -0.19954, 
100	 , 54344	 , 7	 , 15	 , -0.00276, 
100	 , 53382	 , 8	 , 14	 , -0.04756, 
100	 , 52320	 , 10	 , 14	 , -4.1E-4, 
100	 , 53816	 , 0	 , 15	 , -4.0E-5, 
100	 , 53584	 , 3	 , 15	 , -0.00358, 
100	 , 54408	 , 2	 , 15	 , -0.01802, 
100	 , 53708	 , 1	 , 15	 , -0.00207, 
100	 , 51270	 , 2	 , 14	 , -0.00527, 
100	 , 51312	 , 4	 , 14	 , -0.00394, 
100	 , 53304	 , 1	 , 14	 , -1.5E-4, 
100	 , 54448	 , 8	 , 15	 , -0.00367, 
100	 , 51800	 , 11	 , 14	 , -0.01405, 
100	 , 55118	 , 0	 , 15	 , -0.02227, 
100	 , 53600	 , 5	 , 15	 , -0.00209, 
100	 , 53956	 , 3	 , 15	 , -0.00383, 
100	 , 54198	 , 8	 , 15	 , -1.5E-4, 
100	 , 54290	 , 5	 , 15	 , -1.4E-4, 
100	 , 54768	 , 5	 , 15	 , -3.0E-5, 
100	 , 54152	 , 0	 , 15	 , -2.0E-4, 
100	 , 54346	 , 7	 , 15	 , -5.1E-4, 
100	 , 52276	 , 1	 , 14	 , 0.0, 
100	 , 55096	 , 11	 , 15	 , -0.00386, 
100	 , 53242	 , 6	 , 14	 , -0.07922, 
100	 , 53802	 , 12	 , 15	 , -0.00403, 
100	 , 51630	 , 6	 , 14	 , -0.00458, 
100	 , 54994	 , 1	 , 15	 , -3.0E-5, 
100	 , 55446	 , 4	 , 15	 , -1.0E-4, 
100	 , 53236	 , 10	 , 14	 , -0.00181, 
100	 , 54608	 , 0	 , 15	 , -0.02026, 
100	 , 52374	 , 7	 , 14	 , -0.15578, 
100	 , 52496	 , 0	 , 14	 , -0.00358, 
100	 , 54130	 , 2	 , 15	 , -0.00266, 
100	 , 53864	 , 3	 , 15	 , -0.00118, 
100	 , 55448	 , 6	 , 15	 , -0.00392, 
100	 , 51248	 , 0	 , 14	 , -0.03496, 
100	 , 51350	 , 7	 , 14	 , -0.00195, 
100	 , 54076	 , 5	 , 15	 , -0.00171, 
100	 , 52202	 , 3	 , 14	 , 0.0, 
100	 , 54132	 , 1	 , 15	 , -0.00365, 
100	 , 54210	 , 2	 , 15	 , -0.00247, 
100	 , 55876	 , 4	 , 15	 , 0.0, 
100	 , 54778	 , 6	 , 15	 , 0.0, 
100	 , 51360	 , 12	 , 14	 , -0.00889, 
100	 , 51272	 , 6	 , 14	 , 0.0, 
100	 , 53394	 , 3	 , 15	 , -0.01595, 
100	 , 55426	 , 12	 , 14	 , -0.00183, 
100	 , 54618	 , 5	 , 15	 , -0.00261, 
100	 , 51410	 , 0	 , 14	 , -3.0E-5, 
100	 , 52808	 , 10	 , 14	 , -0.00189, 
100	 , 54726	 , 3	 , 15	 , -0.00167, 
100	 , 51734	 , 7	 , 14	 , -0.00822, 
100	 , 51410	 , 0	 , 14	 , -3.7E-4, 
100	 , 51730	 , 9	 , 14	 , -8.0E-5, 
100	 , 52976	 , 2	 , 14	 , 0.0, 
100	 , 54314	 , 5	 , 15	 , -3.3E-4, 
100	 , 51282	 , 7	 , 14	 , -0.00167, 
100	 , 53644	 , 8	 , 15	 , -0.21696, 
100	 , 54462	 , 5	 , 15	 , -0.00423, 
100	 , 53868	 , 0	 , 15	 , -3.0E-5, 
100	 , 54562	 , 4	 , 15	 , -0.00517, 
100	 , 55542	 , 3	 , 15	 , -0.00408, 
100	 , 52094	 , 10	 , 14	 , -0.00462, 
100	 , 54134	 , 3	 , 15	 , -0.00517, 
100	 , 53770	 , 0	 , 14	 , 0.0, 
100	 , 54530	 , 5	 , 15	 , -0.00518, 
100	 , 51924	 , 0	 , 14	 , 0.0, 
100	 , 53804	 , 2	 , 15	 , -0.01656, 
100	 , 51450	 , 2	 , 14	 , 0.0, 
100	 , 54380	 , 8	 , 15	 , -0.0019, 
100	 , 54746	 , 7	 , 15	 , -0.03705, 
100	 , 51400	 , 1	 , 14	 , -1.0E-5, 
100	 , 51488	 , 10	 , 14	 , -0.00771, 
100	 , 54796	 , 7	 , 14	 , 0.0, 
100	 , 54590	 , 3	 , 15	 , -0.20665, 
100	 , 54830	 , 1	 , 15	 , -0.00377, 
100	 , 54766	 , 3	 , 15	 , 0.0, 
100	 , 55158	 , 3	 , 15	 , 0.0, 
100	 , 53748	 , 2	 , 15	 , 0.0, 
100	 , 54632	 , 1	 , 15	 , 0.0, 
100	 , 53704	 , 0	 , 15	 , -0.01294, 
100	 , 53508	 , 7	 , 15	 , -0.22945, 
100	 , 53234	 , 4	 , 15	 , -0.21443, 
100	 , 53892	 , 8	 , 14	 , -0.00263, 
100	 , 54736	 , 5	 , 15	 , -0.0283, 
100	 , 55114	 , 6	 , 15	 , 0.0, 
100	 , 51350	 , 2	 , 14	 , -0.13331, 
100	 , 54978	 , 5	 , 15	 , -0.05595, 
100	 , 54450	 , 0	 , 15	 , 0.0, 
100	 , 54724	 , 0	 , 15	 , -4.0E-5, 
100	 , 53016	 , 10	 , 15	 , -0.18696, 
100	 , 53638	 , 7	 , 15	 , -0.00102, 
100	 , 51986	 , 6	 , 14	 , -0.00182, 
100	 , 53950	 , 0	 , 15	 , -3.0E-5, 
100	 , 51240	 , 0	 , 14	 , -0.00167, 
100	 , 51428	 , 9	 , 14	 , -0.07124, 
100	 , 52064	 , 9	 , 14	 , -0.00402, 
100	 , 52456	 , 2	 , 14	 , 0.0, 
100	 , 54612	 , 3	 , 15	 , -0.00287, 
100	 , 52616	 , 11	 , 14	 , -0.00219, 
100	 , 53264	 , 6	 , 14	 , -0.00305, 
100	 , 54962	 , 7	 , 15	 , -0.08231, 
100	 , 53618	 , 6	 , 15	 , -0.00263, 
100	 , 53930	 , 3	 , 15	 , -0.00316, 
100	 , 51446	 , 8	 , 14	 , -0.00221, 
100	 , 53372	 , 3	 , 15	 , -0.00764, 
100	 , 54246	 , 1	 , 15	 , -0.18256, 
100	 , 51564	 , 9	 , 14	 , -0.00168, 
100	 , 52010	 , 4	 , 14	 , 0.0, 
100	 , 54214	 , 7	 , 15	 , -0.00341, 
100	 , 51518	 , 6	 , 14	 , 0.0, 
100	 , 54710	 , 4	 , 15	 , -0.14853, 
100	 , 54726	 , 9	 , 15	 , -0.00287, 
100	 , 52222	 , 10	 , 14	 , -0.00124, 
100	 , 54784	 , 2	 , 15	 , -0.00212, 
100	 , 54410	 , 2	 , 15	 , 0.0, 
100	 , 55014	 , 3	 , 15	 , -0.00843, 
100	 , 53962	 , 5	 , 15	 , -0.04525, 
100	 , 54390	 , 1	 , 15	 , 0.0, 
100	 , 54116	 , 2	 , 15	 , -1.0E-5, 
100	 , 51494	 , 9	 , 14	 , -0.00186, 
100	 , 54630	 , 3	 , 15	 , -0.19708, 
100	 , 54872	 , 4	 , 14	 , -2.0E-5, 
100	 , 54764	 , 3	 , 15	 , -0.00313, 
100	 , 54808	 , 2	 , 15	 , -0.00125, 
100	 , 51610	 , 0	 , 14	 , -0.00201, 
100	 , 54564	 , 1	 , 15	 , 0.0, 
100	 , 54216	 , 4	 , 15	 , 0.0, 
100	 , 54396	 , 5	 , 15	 , -0.01611, 
100	 , 54962	 , 1	 , 15	 , 0.0, 
100	 , 53092	 , 7	 , 14	 , -0.00176, 
100	 , 51710	 , 1	 , 14	 , 0.0, 
100	 , 54456	 , 5	 , 15	 , -0.05431, 
150	 , 52000	 , 2	 , 10	 , -0.05002, 
150	 , 52242	 , 6	 , 10	 , -0.15437, 
150	 , 52510	 , 0	 , 10	 , 0.0, 
150	 , 54448	 , 3	 , 10	 , -1.7E-4, 
150	 , 53170	 , 0	 , 10	 , 0.0, 
150	 , 52786	 , 0	 , 10	 , -0.00225, 
150	 , 52388	 , 0	 , 10	 , -4.1E-4, 
150	 , 52502	 , 0	 , 10	 , -0.00729, 
150	 , 52498	 , 1	 , 10	 , 0.0, 
150	 , 52006	 , 4	 , 10	 , -0.00428, 
150	 , 52484	 , 4	 , 10	 , -0.04003, 
150	 , 52526	 , 2	 , 10	 , -6.4E-4, 
150	 , 52344	 , 0	 , 10	 , -0.00557, 
150	 , 52242	 , 5	 , 10	 , -0.06021, 
150	 , 52010	 , 0	 , 10	 , -2.5E-4, 
150	 , 52564	 , 0	 , 10	 , -0.09032, 
150	 , 52714	 , 4	 , 10	 , -0.00114, 
150	 , 53506	 , 6	 , 10	 , -0.04124, 
150	 , 52278	 , 0	 , 10	 , 0.0, 
150	 , 52992	 , 3	 , 10	 , -0.00167, 
150	 , 52268	 , 2	 , 10	 , -0.04003, 
150	 , 52588	 , 2	 , 10	 , 0.0, 
150	 , 51856	 , 4	 , 10	 , 0.0, 
150	 , 51860	 , 4	 , 10	 , -0.00213, 
150	 , 52704	 , 4	 , 10	 , -0.00461, 
150	 , 52670	 , 3	 , 10	 , -2.4E-4, 
150	 , 52310	 , 0	 , 10	 , -9.8E-4, 
150	 , 52268	 , 2	 , 10	 , -2.0E-5, 
150	 , 52346	 , 1	 , 10	 , -0.00184, 
150	 , 52330	 , 2	 , 10	 , -0.04006, 
150	 , 53126	 , 2	 , 10	 , -0.00167, 
150	 , 51966	 , 4	 , 10	 , -0.00176, 
150	 , 51946	 , 1	 , 10	 , -0.00194, 
150	 , 52498	 , 0	 , 10	 , -4.0E-5, 
150	 , 52048	 , 0	 , 10	 , -0.00217, 
150	 , 53224	 , 5	 , 10	 , -2.2E-4, 
150	 , 52658	 , 3	 , 10	 , 0.0, 
150	 , 52784	 , 0	 , 10	 , -1.0E-5, 
150	 , 51390	 , 1	 , 10	 , -0.00174, 
150	 , 53492	 , 6	 , 10	 , -0.00171, 
150	 , 52042	 , 3	 , 10	 , -0.15871, 
150	 , 51710	 , 0	 , 10	 , -0.00173, 
150	 , 52596	 , 0	 , 10	 , -0.00449, 
150	 , 51516	 , 1	 , 10	 , -0.04198, 
150	 , 52472	 , 2	 , 10	 , -2.0E-5, 
150	 , 52408	 , 1	 , 10	 , 0.0, 
150	 , 52128	 , 1	 , 10	 , 0.0, 
150	 , 53046	 , 1	 , 10	 , -1.1E-4, 
150	 , 51702	 , 0	 , 10	 , -2.5E-4, 
150	 , 52040	 , 2	 , 10	 , 0.0, 
150	 , 51844	 , 0	 , 10	 , -0.02796, 
150	 , 52230	 , 1	 , 10	 , 0.0, 
150	 , 51714	 , 1	 , 10	 , -0.00481, 
150	 , 52812	 , 3	 , 10	 , -6.0E-5, 
150	 , 51990	 , 3	 , 10	 , -0.00245, 
150	 , 55390	 , 5	 , 10	 , -0.00365, 
150	 , 52128	 , 0	 , 10	 , -2.0E-5, 
150	 , 54130	 , 0	 , 10	 , 0.0, 
150	 , 52192	 , 0	 , 10	 , -0.00345, 
150	 , 52774	 , 0	 , 10	 , 0.0, 
150	 , 52266	 , 5	 , 10	 , -3.0E-5, 
150	 , 51602	 , 0	 , 10	 , -1.3E-4, 
150	 , 51912	 , 0	 , 10	 , -0.00287, 
150	 , 52542	 , 6	 , 10	 , -1.1E-4, 
150	 , 51850	 , 2	 , 10	 , -0.01112, 
150	 , 53204	 , 3	 , 10	 , 0.0, 
150	 , 53098	 , 0	 , 10	 , -0.00452, 
150	 , 52300	 , 2	 , 10	 , -0.03059, 
150	 , 53106	 , 7	 , 10	 , -0.00177, 
150	 , 52412	 , 1	 , 10	 , -0.02968, 
150	 , 52122	 , 2	 , 10	 , -0.00234, 
150	 , 52062	 , 1	 , 10	 , -0.00433, 
150	 , 52032	 , 1	 , 10	 , -0.00213, 
150	 , 53344	 , 2	 , 10	 , -1.8E-4, 
150	 , 52004	 , 1	 , 10	 , -0.00199, 
150	 , 52084	 , 5	 , 10	 , -0.21191, 
150	 , 52984	 , 2	 , 10	 , -1.0E-5, 
150	 , 52662	 , 0	 , 10	 , -0.00167, 
150	 , 52936	 , 5	 , 10	 , -0.00374, 
150	 , 52380	 , 0	 , 10	 , -1.0E-5, 
150	 , 51852	 , 4	 , 10	 , -0.14061, 
150	 , 51986	 , 4	 , 10	 , -0.04383, 
150	 , 53000	 , 0	 , 10	 , -4.9E-4, 
150	 , 52230	 , 0	 , 10	 , -0.00226, 
150	 , 52202	 , 5	 , 10	 , -0.0027, 
150	 , 52402	 , 0	 , 10	 , -0.00194, 
150	 , 52200	 , 3	 , 10	 , -0.04206, 
150	 , 52912	 , 1	 , 10	 , 0.0, 
150	 , 52258	 , 0	 , 10	 , -0.22329, 
150	 , 55408	 , 0	 , 10	 , -0.00906, 
150	 , 53126	 , 3	 , 10	 , -0.00383, 
150	 , 51872	 , 5	 , 10	 , -0.00203, 
150	 , 52538	 , 1	 , 10	 , -0.02562, 
150	 , 52052	 , 2	 , 10	 , -0.00341, 
150	 , 52302	 , 4	 , 10	 , -4.0E-5, 
150	 , 51854	 , 1	 , 10	 , -0.03685, 
150	 , 53964	 , 6	 , 10	 , 0.0, 
150	 , 52134	 , 0	 , 10	 , -9.8E-4, 
150	 , 51834	 , 5	 , 10	 , -0.00194, 
150	 , 52056	 , 7	 , 10	 , -0.0435, 
150	 , 52032	 , 1	 , 10	 , -0.01797, 
150	 , 52408	 , 3	 , 10	 , -0.00165, 
150	 , 51776	 , 2	 , 10	 , -0.05805, 
150	 , 52992	 , 0	 , 10	 , 0.0, 
150	 , 53706	 , 6	 , 10	 , -0.00698, 
150	 , 52276	 , 7	 , 10	 , -0.00252, 
150	 , 52832	 , 0	 , 10	 , -0.00312, 
150	 , 51966	 , 6	 , 10	 , -0.00359, 
150	 , 51932	 , 0	 , 10	 , -4.4E-4, 
150	 , 51892	 , 4	 , 10	 , -0.00294, 
150	 , 51790	 , 3	 , 10	 , -0.0896, 
150	 , 51710	 , 1	 , 10	 , -0.04154, 
150	 , 53708	 , 4	 , 10	 , 0.0, 
150	 , 52590	 , 4	 , 10	 , -0.17117, 
150	 , 53298	 , 5	 , 10	 , -0.00175, 
150	 , 53708	 , 6	 , 10	 , -9.7E-4, 
150	 , 51986	 , 2	 , 10	 , -5.0E-5, 
150	 , 53098	 , 6	 , 10	 , -0.00191, 
150	 , 52222	 , 8	 , 10	 , -0.09829, 
150	 , 52476	 , 5	 , 10	 , -0.00131, 
150	 , 52900	 , 5	 , 10	 , -0.00182, 
150	 , 52948	 , 1	 , 10	 , -0.00308, 
150	 , 51462	 , 5	 , 10	 , -0.01712, 
150	 , 52984	 , 4	 , 10	 , -0.02089, 
150	 , 53270	 , 7	 , 10	 , -0.00117, 
150	 , 53096	 , 1	 , 10	 , -0.00427, 
150	 , 51860	 , 1	 , 10	 , -0.00185, 
150	 , 54098	 , 4	 , 10	 , 0.0, 
150	 , 51986	 , 2	 , 10	 , -0.00253, 
150	 , 53708	 , 0	 , 10	 , -0.00878, 
150	 , 52692	 , 1	 , 10	 , -2.2E-4, 
150	 , 52002	 , 1	 , 10	 , -0.00344, 
150	 , 51844	 , 4	 , 10	 , -0.00385, 
150	 , 52014	 , 1	 , 10	 , -8.0E-5, 
150	 , 52564	 , 2	 , 10	 , -0.0034, 
150	 , 52338	 , 0	 , 10	 , -0.01329, 
150	 , 51594	 , 5	 , 10	 , -0.01613, 
150	 , 52526	 , 5	 , 10	 , -0.00163, 
150	 , 52704	 , 2	 , 10	 , -0.05198, 
150	 , 51788	 , 3	 , 10	 , -5.5E-4, 
150	 , 51946	 , 4	 , 10	 , -0.00241, 
150	 , 51962	 , 1	 , 10	 , -0.00303, 
150	 , 51608	 , 2	 , 10	 , -0.00173, 
150	 , 54346	 , 5	 , 10	 , -0.00161, 
150	 , 52992	 , 7	 , 10	 , -0.00361, 
150	 , 52254	 , 3	 , 10	 , 0.0, 
150	 , 56820	 , 0	 , 11	 , -0.00352, 
150	 , 52180	 , 0	 , 10	 , 0.0, 
150	 , 54568	 , 1	 , 10	 , -0.00219, 
150	 , 51854	 , 3	 , 10	 , -0.06653, 
150	 , 51570	 , 2	 , 10	 , -8.0E-5, 
150	 , 52334	 , 1	 , 10	 , -0.00173, 
150	 , 52694	 , 4	 , 10	 , -0.00137, 
150	 , 52188	 , 0	 , 10	 , -1.3E-4, 
150	 , 53648	 , 0	 , 10	 , -0.00158, 
150	 , 51686	 , 1	 , 10	 , -1.0E-5, 
150	 , 52294	 , 0	 , 10	 , -0.00328, 
150	 , 54296	 , 0	 , 10	 , -8.0E-5, 
150	 , 51958	 , 1	 , 10	 , -0.04686, 
150	 , 52562	 , 2	 , 10	 , -6.0E-5, 
150	 , 51650	 , 7	 , 10	 , -0.00362, 
150	 , 52510	 , 4	 , 10	 , -0.00384, 
150	 , 51686	 , 4	 , 10	 , -4.0E-5, 
150	 , 51890	 , 2	 , 10	 , -1.2E-4, 
150	 , 52456	 , 1	 , 10	 , -6.8E-4, 
150	 , 52932	 , 0	 , 10	 , -0.02521, 
150	 , 52544	 , 0	 , 10	 , -0.04072, 
150	 , 52168	 , 0	 , 10	 , -1.0E-5, 
150	 , 52798	 , 0	 , 10	 , 0.0, 
150	 , 52252	 , 3	 , 10	 , -0.01778, 
150	 , 52540	 , 6	 , 10	 , -0.06402, 
150	 , 52506	 , 0	 , 10	 , -0.00277, 
150	 , 53038	 , 4	 , 10	 , -0.00136, 
150	 , 52480	 , 0	 , 10	 , -0.00822, 
150	 , 52158	 , 5	 , 10	 , -0.00925, 
150	 , 53030	 , 3	 , 10	 , 0.0, 
150	 , 52394	 , 1	 , 10	 , -0.00659, 
150	 , 52852	 , 6	 , 10	 , -0.0064, 
150	 , 52046	 , 1	 , 10	 , -6.4E-4, 
150	 , 53770	 , 2	 , 10	 , -0.00192, 
150	 , 52536	 , 1	 , 10	 , -9.0E-4, 
150	 , 52134	 , 3	 , 10	 , -0.00462, 
150	 , 52546	 , 1	 , 10	 , -0.00365, 
150	 , 52632	 , 0	 , 10	 , -4.1E-4, 
150	 , 52134	 , 0	 , 10	 , -0.00137, 
150	 , 52060	 , 2	 , 10	 , -0.004, 
150	 , 52738	 , 4	 , 10	 , -0.00167, 
150	 , 52466	 , 6	 , 10	 , 0.0, 
150	 , 51952	 , 2	 , 10	 , -0.00309, 
150	 , 52034	 , 7	 , 10	 , -0.0404, 
150	 , 52196	 , 1	 , 10	 , -4.6E-4, 
150	 , 51894	 , 0	 , 10	 , 0.0, 
150	 , 51858	 , 0	 , 10	 , -0.00131, 
150	 , 52298	 , 4	 , 10	 , -2.9E-4, 
150	 , 53696	 , 1	 , 10	 , -4.2E-4, 
150	 , 54554	 , 5	 , 10	 , -6.9E-4, 
150	 , 54796	 , 6	 , 10	 , -0.00161, 
150	 , 53230	 , 0	 , 10	 , -0.01781, 
150	 , 55380	 , 4	 , 10	 , 0.0, 
150	 , 52450	 , 0	 , 10	 , -2.7E-4, 
150	 , 52438	 , 7	 , 10	 , -0.04065, 
150	 , 52342	 , 1	 , 10	 , -3.1E-4, 
150	 , 52326	 , 4	 , 10	 , -0.00122, 
150	 , 52872	 , 2	 , 10	 , -0.01775, 
150	 , 52268	 , 2	 , 10	 , -0.13093, 
150	 , 51882	 , 0	 , 10	 , -6.5E-4, 
150	 , 51626	 , 4	 , 10	 , -0.00209, 
150	 , 52150	 , 3	 , 10	 , -0.02404, 
150	 , 52800	 , 0	 , 10	 , -0.02087, 
150	 , 54306	 , 5	 , 10	 , -0.04914, 
150	 , 51700	 , 2	 , 10	 , 0.0, 
150	 , 52260	 , 0	 , 10	 , -3.0E-5, 
150	 , 52272	 , 0	 , 10	 , -0.00355, 
150	 , 52702	 , 5	 , 10	 , -0.01187, 
150	 , 51866	 , 0	 , 10	 , -3.0E-5, 
150	 , 52924	 , 1	 , 10	 , -1.0E-5, 
150	 , 51868	 , 3	 , 10	 , -0.06682, 
150	 , 53286	 , 6	 , 10	 , -0.04131, 
150	 , 53336	 , 4	 , 10	 , -0.011, 
150	 , 51832	 , 0	 , 10	 , -2.8E-4, 
150	 , 52210	 , 6	 , 10	 , -0.10301, 
150	 , 57290	 , 8	 , 11	 , -0.00406, 
150	 , 53964	 , 2	 , 10	 , -2.0E-5, 
150	 , 52460	 , 0	 , 10	 , 0.0, 
150	 , 52334	 , 1	 , 10	 , -0.00472, 
150	 , 51752	 , 0	 , 10	 , -0.00365, 
150	 , 52062	 , 3	 , 10	 , -0.00181, 
150	 , 51784	 , 6	 , 10	 , -0.00798, 
150	 , 53518	 , 0	 , 10	 , 0.0, 
150	 , 52726	 , 0	 , 10	 , -0.00166, 
150	 , 51862	 , 0	 , 10	 , -1.0E-5, 
150	 , 52296	 , 0	 , 10	 , -0.00184, 
150	 , 52088	 , 0	 , 10	 , 0.0, 
150	 , 52084	 , 0	 , 10	 , -0.00213, 
150	 , 51766	 , 5	 , 10	 , 0.0, 
150	 , 52346	 , 5	 , 10	 , -0.00103, 
150	 , 52646	 , 4	 , 10	 , 0.0, 
150	 , 52458	 , 2	 , 10	 , -8.6E-4, 
150	 , 51656	 , 1	 , 10	 , -6.0E-5, 
150	 , 53206	 , 0	 , 10	 , -0.00401, 
150	 , 52332	 , 1	 , 10	 , -3.0E-5, 
150	 , 53838	 , 1	 , 10	 , 0.0, 
150	 , 52458	 , 2	 , 10	 , -1.0E-5, 
150	 , 51832	 , 3	 , 10	 , -0.01928, 
150	 , 52094	 , 3	 , 10	 , -0.01524, 
150	 , 52220	 , 1	 , 10	 , -0.00187, 
150	 , 52798	 , 0	 , 10	 , -1.0E-5, 
150	 , 51820	 , 6	 , 10	 , -0.01567, 
150	 , 51528	 , 2	 , 10	 , -0.09172, 
150	 , 51680	 , 3	 , 10	 , -0.00165, 
200	 , 54040	 , 1	 , 8	 , -4.5E-4, 
200	 , 54094	 , 1	 , 8	 , -0.0162, 
200	 , 54592	 , 4	 , 8	 , -0.00363, 
200	 , 54562	 , 3	 , 8	 , -0.00203, 
200	 , 53800	 , 0	 , 8	 , -1.0E-5, 
200	 , 53820	 , 0	 , 8	 , -0.18724, 
200	 , 54032	 , 4	 , 8	 , -1.0E-5, 
200	 , 53252	 , 0	 , 8	 , -1.8E-4, 
200	 , 54190	 , 2	 , 8	 , -5.6E-4, 
200	 , 54148	 , 4	 , 8	 , -0.00224, 
200	 , 53910	 , 1	 , 8	 , -1.6E-4, 
200	 , 53998	 , 1	 , 8	 , -0.04072, 
200	 , 54838	 , 1	 , 8	 , -0.01619, 
200	 , 54706	 , 4	 , 8	 , -0.00151, 
200	 , 53944	 , 1	 , 8	 , -0.04982, 
200	 , 54154	 , 1	 , 8	 , -2.8E-4, 
200	 , 54458	 , 0	 , 8	 , 0.0, 
200	 , 54716	 , 1	 , 8	 , -0.00696, 
200	 , 53790	 , 0	 , 8	 , -3.0E-4, 
200	 , 54002	 , 0	 , 8	 , -0.00203, 
200	 , 54266	 , 0	 , 8	 , -0.0039, 
200	 , 54184	 , 1	 , 8	 , -0.00766, 
200	 , 54532	 , 3	 , 8	 , -0.00242, 
200	 , 55364	 , 0	 , 8	 , 0.0, 
200	 , 53850	 , 1	 , 8	 , -1.4E-4, 
200	 , 54676	 , 1	 , 8	 , -1.1E-4, 
200	 , 54150	 , 4	 , 8	 , -0.01733, 
200	 , 53628	 , 1	 , 8	 , -0.00857, 
200	 , 54142	 , 1	 , 8	 , -1.5E-4, 
200	 , 54522	 , 1	 , 8	 , -0.00172, 
200	 , 53968	 , 1	 , 8	 , -0.00372, 
200	 , 53800	 , 2	 , 8	 , -0.00683, 
200	 , 54990	 , 3	 , 8	 , -0.03367, 
200	 , 54296	 , 0	 , 8	 , -0.00152, 
200	 , 53586	 , 3	 , 8	 , -0.00655, 
200	 , 54296	 , 3	 , 8	 , -0.00136, 
200	 , 54890	 , 2	 , 8	 , -0.00907, 
200	 , 53834	 , 1	 , 8	 , -0.02582, 
200	 , 53870	 , 3	 , 8	 , -0.00163, 
200	 , 53650	 , 1	 , 8	 , -0.00231, 
200	 , 54656	 , 5	 , 8	 , -0.00162, 
200	 , 55388	 , 1	 , 8	 , -0.00218, 
200	 , 54334	 , 2	 , 8	 , -0.00167, 
200	 , 54282	 , 3	 , 8	 , -0.04078, 
200	 , 54828	 , 0	 , 8	 , -0.00212, 
200	 , 53842	 , 2	 , 8	 , -0.00214, 
200	 , 55572	 , 0	 , 8	 , 0.0, 
200	 , 55580	 , 4	 , 8	 , -0.04003, 
200	 , 54250	 , 0	 , 8	 , -0.002, 
200	 , 53762	 , 0	 , 8	 , -0.00214, 
200	 , 54634	 , 1	 , 8	 , -0.00213, 
200	 , 54250	 , 1	 , 8	 , -0.00458, 
200	 , 54964	 , 2	 , 8	 , -0.00276, 
200	 , 53824	 , 3	 , 8	 , -1.9E-4, 
200	 , 53594	 , 2	 , 8	 , -0.01064, 
200	 , 54226	 , 2	 , 8	 , -0.04264, 
200	 , 53996	 , 3	 , 8	 , -0.00226, 
200	 , 54046	 , 2	 , 8	 , -7.8E-4, 
200	 , 54226	 , 0	 , 8	 , -5.4E-4, 
200	 , 53566	 , 0	 , 8	 , -0.01841, 
200	 , 54190	 , 1	 , 8	 , -0.0046, 
200	 , 54398	 , 1	 , 8	 , -0.04124, 
200	 , 53300	 , 0	 , 8	 , -0.0018, 
200	 , 54548	 , 4	 , 8	 , -0.00383, 
200	 , 54674	 , 4	 , 8	 , -0.00162, 
200	 , 54204	 , 0	 , 8	 , 0.0, 
200	 , 53692	 , 1	 , 8	 , -0.00306, 
200	 , 53562	 , 0	 , 8	 , -0.00648, 
200	 , 54134	 , 2	 , 8	 , -7.6E-4, 
200	 , 54488	 , 4	 , 8	 , 0.0, 
200	 , 54308	 , 0	 , 8	 , 0.0, 
200	 , 53614	 , 0	 , 8	 , -0.0211, 
200	 , 54506	 , 1	 , 8	 , -2.3E-4, 
200	 , 54038	 , 0	 , 8	 , 0.0, 
200	 , 54792	 , 1	 , 8	 , 0.0, 
200	 , 54362	 , 0	 , 8	 , -0.0231, 
200	 , 54016	 , 1	 , 8	 , -0.00255, 
200	 , 53986	 , 3	 , 8	 , -0.00202, 
200	 , 53466	 , 1	 , 8	 , -0.00202, 
200	 , 53710	 , 2	 , 8	 , -0.00686, 
200	 , 53794	 , 0	 , 8	 , -3.0E-5, 
200	 , 55612	 , 1	 , 8	 , -0.00559, 
200	 , 55010	 , 3	 , 8	 , -0.09295, 
200	 , 53828	 , 5	 , 8	 , -0.00834, 
200	 , 53306	 , 3	 , 8	 , -0.0301, 
200	 , 54042	 , 1	 , 8	 , -0.0021, 
200	 , 54078	 , 1	 , 8	 , -0.00306, 
200	 , 53688	 , 0	 , 8	 , -0.01392, 
200	 , 53474	 , 0	 , 8	 , -0.00206, 
200	 , 54048	 , 0	 , 8	 , -1.0E-5, 
200	 , 54140	 , 4	 , 8	 , -2.0E-5, 
200	 , 53482	 , 2	 , 8	 , -8.0E-5, 
200	 , 53940	 , 5	 , 8	 , -0.0369, 
200	 , 53948	 , 0	 , 8	 , -0.00176, 
200	 , 53676	 , 1	 , 8	 , 0.0, 
200	 , 54744	 , 2	 , 8	 , -9.7E-4, 
200	 , 54118	 , 0	 , 8	 , -1.1E-4, 
200	 , 54116	 , 2	 , 8	 , -2.8E-4, 
200	 , 54242	 , 2	 , 8	 , -0.01024, 
200	 , 53500	 , 1	 , 8	 , -5.0E-5, 
200	 , 53648	 , 1	 , 8	 , -0.01716, 
200	 , 54028	 , 0	 , 8	 , -0.04003, 
200	 , 54316	 , 1	 , 8	 , -0.00682, 
200	 , 54312	 , 3	 , 8	 , -0.00228, 
200	 , 54286	 , 2	 , 8	 , -7.7E-4, 
200	 , 53694	 , 1	 , 8	 , -0.01525, 
200	 , 53746	 , 2	 , 8	 , -0.00183, 
200	 , 54026	 , 0	 , 8	 , -8.8E-4, 
200	 , 53486	 , 2	 , 8	 , -0.00246, 
200	 , 53974	 , 3	 , 8	 , -0.00189, 
200	 , 53918	 , 1	 , 8	 , -0.00169, 
200	 , 54296	 , 1	 , 8	 , -3.0E-5, 
200	 , 54634	 , 0	 , 8	 , -0.00165, 
200	 , 54280	 , 2	 , 8	 , -0.12967, 
200	 , 54000	 , 1	 , 8	 , -0.01125, 
200	 , 55268	 , 3	 , 8	 , -2.4E-4, 
200	 , 54430	 , 0	 , 8	 , -0.0041, 
200	 , 54480	 , 0	 , 8	 , -1.1E-4, 
200	 , 53744	 , 1	 , 8	 , -5.3E-4, 
200	 , 54078	 , 1	 , 8	 , -0.00452, 
200	 , 54024	 , 1	 , 8	 , -0.002, 
200	 , 57484	 , 0	 , 8	 , -2.3E-4, 
200	 , 54270	 , 2	 , 8	 , -0.00185, 
200	 , 54158	 , 3	 , 8	 , -2.7E-4, 
200	 , 54682	 , 2	 , 8	 , -0.36009, 
200	 , 54130	 , 3	 , 8	 , -0.02845, 
200	 , 57034	 , 5	 , 8	 , -0.00226, 
200	 , 53852	 , 0	 , 8	 , -0.00267, 
200	 , 53856	 , 2	 , 8	 , -0.00279, 
200	 , 53882	 , 0	 , 8	 , -0.00314, 
200	 , 55208	 , 1	 , 8	 , -6.0E-5, 
200	 , 54204	 , 1	 , 8	 , -0.00404, 
200	 , 57238	 , 6	 , 8	 , 0.0, 
200	 , 54108	 , 3	 , 8	 , -0.00187, 
200	 , 54804	 , 1	 , 8	 , -0.02007, 
200	 , 54490	 , 4	 , 8	 , -0.01592, 
200	 , 54002	 , 2	 , 8	 , -0.00384, 
200	 , 54062	 , 0	 , 8	 , -0.00227, 
200	 , 53672	 , 4	 , 8	 , -0.0116, 
200	 , 53820	 , 0	 , 8	 , 0.0, 
200	 , 54398	 , 1	 , 8	 , -1.0E-4, 
200	 , 55878	 , 0	 , 8	 , -0.00168, 
200	 , 54154	 , 2	 , 8	 , -0.00171, 
200	 , 54186	 , 3	 , 8	 , -0.00152, 
200	 , 53556	 , 0	 , 8	 , -3.0E-5, 
200	 , 54148	 , 2	 , 8	 , -0.00386, 
200	 , 53904	 , 3	 , 8	 , -0.04264, 
200	 , 55442	 , 5	 , 8	 , -4.1E-4, 
200	 , 53784	 , 3	 , 8	 , -0.00469, 
200	 , 53888	 , 0	 , 8	 , 0.0, 
200	 , 56528	 , 2	 , 8	 , -0.03066, 
200	 , 53926	 , 5	 , 8	 , -0.01956, 
200	 , 54024	 , 0	 , 8	 , -0.0206, 
200	 , 53380	 , 3	 , 8	 , -6.0E-5, 
200	 , 53840	 , 0	 , 8	 , -1.0E-5, 
200	 , 55382	 , 0	 , 8	 , -0.00136, 
200	 , 53842	 , 1	 , 8	 , -3.0E-5, 
200	 , 54130	 , 0	 , 8	 , -2.0E-5, 
200	 , 54470	 , 0	 , 8	 , -0.00383, 
200	 , 54150	 , 0	 , 8	 , -0.00603, 
200	 , 53626	 , 1	 , 8	 , 0.0, 
200	 , 54018	 , 3	 , 8	 , -0.00224, 
200	 , 54800	 , 2	 , 8	 , -0.00129, 
200	 , 55258	 , 0	 , 8	 , -0.00397, 
200	 , 54602	 , 5	 , 8	 , -0.0038, 
200	 , 53986	 , 1	 , 8	 , -0.00226, 
200	 , 53454	 , 6	 , 8	 , -0.00167, 
200	 , 53664	 , 5	 , 8	 , -0.00192, 
200	 , 53428	 , 0	 , 8	 , 0.0, 
200	 , 54760	 , 2	 , 8	 , -0.0018, 
200	 , 54520	 , 5	 , 8	 , -0.01962, 
200	 , 54006	 , 1	 , 8	 , -0.01695, 
200	 , 54730	 , 0	 , 8	 , -6.9E-4, 
200	 , 53918	 , 3	 , 8	 , -0.00203, 
200	 , 53690	 , 5	 , 8	 , -0.00305, 
200	 , 55086	 , 0	 , 8	 , -0.00221, 
200	 , 54188	 , 0	 , 8	 , -4.5E-4, 
200	 , 54200	 , 0	 , 8	 , -3.0E-5, 
200	 , 55194	 , 0	 , 8	 , -0.00432, 
200	 , 53846	 , 0	 , 8	 , -1.1E-4, 
200	 , 54692	 , 0	 , 8	 , -0.00455, 
200	 , 53886	 , 1	 , 8	 , -0.00319, 
200	 , 54204	 , 2	 , 8	 , -2.0E-5, 
200	 , 53560	 , 1	 , 8	 , -0.00465, 
200	 , 53212	 , 0	 , 8	 , -1.6E-4, 
200	 , 53760	 , 1	 , 8	 , 0.0, 
200	 , 53838	 , 5	 , 8	 , -0.12991, 
200	 , 54654	 , 3	 , 8	 , -0.00169, 
200	 , 53564	 , 0	 , 8	 , -0.05889, 
200	 , 53812	 , 2	 , 8	 , -0.00169, 
200	 , 54380	 , 0	 , 8	 , -0.01546, 
200	 , 53528	 , 3	 , 8	 , -0.00389, 
200	 , 53638	 , 0	 , 8	 , -3.0E-5, 
200	 , 54082	 , 5	 , 8	 , -0.05812, 
200	 , 54082	 , 0	 , 8	 , -0.00384, 
200	 , 53654	 , 4	 , 8	 , -0.01849, 
200	 , 54022	 , 4	 , 8	 , -4.0E-5, 
200	 , 54070	 , 0	 , 8	 , 0.0, 
200	 , 54086	 , 1	 , 8	 , -0.00255, 
200	 , 55064	 , 0	 , 8	 , -6.0E-5, 
200	 , 53526	 , 4	 , 8	 , -0.04843, 
200	 , 53868	 , 2	 , 8	 , -4.1E-4, 
200	 , 55010	 , 0	 , 8	 , -2.6E-4, 
200	 , 54714	 , 0	 , 8	 , -0.04069, 
200	 , 53684	 , 2	 , 8	 , -0.00213, 
200	 , 54210	 , 2	 , 8	 , -0.14344, 
200	 , 53788	 , 5	 , 8	 , -0.03287, 
200	 , 53946	 , 2	 , 8	 , 0.0, 
200	 , 54386	 , 1	 , 8	 , -2.7E-4, 
200	 , 53874	 , 2	 , 8	 , -0.00397, 
200	 , 54432	 , 2	 , 8	 , -5.2E-4, 
200	 , 53070	 , 3	 , 8	 , -0.00397, 
200	 , 53536	 , 0	 , 8	 , 0.0, 
200	 , 54082	 , 1	 , 8	 , -0.00199, 
200	 , 53548	 , 2	 , 8	 , -2.9E-4, 
200	 , 53544	 , 0	 , 8	 , -0.00762, 
200	 , 54166	 , 1	 , 8	 , 0.0, 
200	 , 54196	 , 0	 , 8	 , -0.0017, 
200	 , 53646	 , 4	 , 8	 , -3.5E-4, 
200	 , 53768	 , 0	 , 8	 , -0.00139, 
200	 , 54676	 , 0	 , 8	 , -0.00323, 
200	 , 54530	 , 1	 , 8	 , -1.1E-4, 
200	 , 54350	 , 3	 , 8	 , -0.01989, 
200	 , 53964	 , 0	 , 8	 , -3.0E-5, 
200	 , 56724	 , 0	 , 8	 , 0.0, 
200	 , 54238	 , 3	 , 8	 , -6.0E-5, 
200	 , 54480	 , 0	 , 8	 , -0.00167, 
200	 , 53762	 , 1	 , 8	 , -0.01006, 
200	 , 54286	 , 5	 , 8	 , -0.04513, 
200	 , 54050	 , 1	 , 8	 , -0.00383, 
200	 , 53810	 , 1	 , 8	 , -2.0E-5, 
200	 , 53820	 , 4	 , 8	 , -0.00161, 
200	 , 54002	 , 0	 , 8	 , -0.00275, 
200	 , 54954	 , 0	 , 8	 , -0.00287, 
200	 , 55270	 , 3	 , 8	 , -1.0E-5, 
200	 , 53842	 , 0	 , 8	 , -0.02265, 
200	 , 53402	 , 0	 , 8	 , -0.00185, 
200	 , 54034	 , 0	 , 8	 , -1.0E-5, 
200	 , 54426	 , 2	 , 8	 , -2.0E-5, 
200	 , 54454	 , 2	 , 8	 , -0.00834, 
200	 , 53400	 , 5	 , 8	 , 0.0, 
200	 , 53584	 , 1	 , 8	 , -0.00171, 
200	 , 55014	 , 4	 , 8	 , 0.0, 
200	 , 55772	 , 2	 , 8	 , -0.01112, 
200	 , 55400	 , 2	 , 8	 , -9.8E-4, 
200	 , 53752	 , 5	 , 8	 , -5.0E-4, 
200	 , 56506	 , 4	 , 8	 , 0.0, 
200	 , 53886	 , 0	 , 8	 , -0.02767, 
200	 , 53818	 , 4	 , 8	 , -0.0492, 
200	 , 54206	 , 0	 , 8	 , -1.7E-4, 
250	 , 57340	 , 0	 , 7	 , 0.0, 
250	 , 57772	 , 0	 , 7	 , -3.1E-4, 
250	 , 57946	 , 0	 , 7	 , -3.0E-4, 
250	 , 57542	 , 0	 , 7	 , -0.00178, 
250	 , 58022	 , 1	 , 7	 , -0.00529, 
250	 , 57790	 , 0	 , 7	 , -0.00354, 
250	 , 58112	 , 4	 , 7	 , -0.00392, 
250	 , 57540	 , 2	 , 7	 , -4.4E-4, 
250	 , 58022	 , 0	 , 7	 , 0.0, 
250	 , 58162	 , 0	 , 7	 , 0.0, 
250	 , 57860	 , 0	 , 7	 , -0.01027, 
250	 , 57642	 , 1	 , 7	 , -0.00557, 
250	 , 58106	 , 2	 , 7	 , -0.00268, 
250	 , 58002	 , 0	 , 7	 , -0.00194, 
250	 , 57714	 , 2	 , 7	 , 0.0, 
250	 , 57312	 , 3	 , 7	 , -0.06752, 
250	 , 58066	 , 4	 , 7	 , -0.0029, 
250	 , 57718	 , 0	 , 7	 , 0.0, 
250	 , 57424	 , 0	 , 7	 , -0.00184, 
250	 , 57658	 , 3	 , 7	 , -0.00515, 
250	 , 58082	 , 0	 , 7	 , -0.01207, 
250	 , 58346	 , 0	 , 7	 , -0.00492, 
250	 , 57910	 , 1	 , 7	 , 0.0, 
250	 , 58384	 , 0	 , 7	 , -2.0E-5, 
250	 , 57408	 , 5	 , 7	 , -0.00507, 
250	 , 56988	 , 3	 , 7	 , -0.00406, 
250	 , 58638	 , 0	 , 7	 , -0.00175, 
250	 , 57598	 , 1	 , 7	 , -0.00467, 
250	 , 57442	 , 0	 , 7	 , -9.3E-4, 
250	 , 57290	 , 0	 , 7	 , -4.0E-4, 
250	 , 57728	 , 0	 , 7	 , -0.00172, 
250	 , 58364	 , 0	 , 7	 , -0.0079, 
250	 , 58504	 , 2	 , 7	 , -4.4E-4, 
250	 , 58206	 , 0	 , 7	 , -3.0E-5, 
250	 , 58512	 , 0	 , 7	 , -0.02034, 
250	 , 57392	 , 2	 , 7	 , -0.00769, 
250	 , 58122	 , 2	 , 7	 , -0.00424, 
250	 , 58504	 , 0	 , 7	 , -1.1E-4, 
250	 , 58082	 , 0	 , 7	 , -1.4E-4, 
250	 , 59106	 , 1	 , 7	 , -0.04003, 
250	 , 57256	 , 2	 , 7	 , 0.0, 
250	 , 56826	 , 4	 , 7	 , -3.0E-5, 
250	 , 57576	 , 4	 , 7	 , -0.00817, 
250	 , 57748	 , 5	 , 7	 , -0.12747, 
250	 , 57512	 , 0	 , 7	 , -1.0E-5, 
250	 , 57982	 , 2	 , 7	 , -6.5E-4, 
250	 , 57440	 , 1	 , 7	 , -0.00582, 
250	 , 58134	 , 0	 , 7	 , -0.00349, 
250	 , 58126	 , 0	 , 7	 , -0.00188, 
250	 , 58260	 , 0	 , 7	 , -0.01517, 
250	 , 57392	 , 2	 , 7	 , 0.0, 
250	 , 57896	 , 1	 , 7	 , 0.0, 
250	 , 57316	 , 0	 , 7	 , -0.00215, 
250	 , 58086	 , 0	 , 7	 , -1.2E-4, 
250	 , 57812	 , 3	 , 7	 , -2.5E-4, 
250	 , 58140	 , 0	 , 7	 , -2.5E-4, 
250	 , 58104	 , 2	 , 7	 , -0.00112, 
250	 , 57060	 , 1	 , 7	 , -0.04336, 
250	 , 57936	 , 0	 , 7	 , -1.0E-5, 
250	 , 58194	 , 3	 , 7	 , -0.01628, 
250	 , 60430	 , 3	 , 7	 , -4.3E-4, 
250	 , 58286	 , 0	 , 7	 , -0.0036, 
250	 , 57868	 , 0	 , 7	 , -3.6E-4, 
250	 , 57822	 , 1	 , 7	 , -4.0E-5, 
250	 , 58324	 , 4	 , 7	 , -0.00426, 
250	 , 57362	 , 3	 , 7	 , 0.0, 
250	 , 57832	 , 0	 , 7	 , 0.0, 
250	 , 58234	 , 3	 , 7	 , -0.00195, 
250	 , 58262	 , 3	 , 7	 , 0.0, 
250	 , 57348	 , 0	 , 7	 , -2.0E-5, 
250	 , 58076	 , 0	 , 7	 , -0.00168, 
250	 , 58272	 , 0	 , 7	 , -1.1E-4, 
250	 , 58180	 , 2	 , 7	 , -0.01458, 
250	 , 57992	 , 0	 , 7	 , -1.9E-4, 
250	 , 58022	 , 1	 , 7	 , -0.00443, 
250	 , 58316	 , 1	 , 7	 , 0.0, 
250	 , 57502	 , 4	 , 7	 , -0.00397, 
250	 , 58280	 , 3	 , 7	 , -2.8E-4, 
250	 , 57448	 , 0	 , 7	 , -0.00604, 
250	 , 58194	 , 3	 , 7	 , -6.0E-5, 
250	 , 57520	 , 2	 , 7	 , -0.00172, 
250	 , 57728	 , 1	 , 7	 , 0.0, 
250	 , 57288	 , 3	 , 7	 , -0.00628, 
250	 , 58104	 , 1	 , 7	 , -0.00497, 
250	 , 58228	 , 4	 , 7	 , -0.01758, 
250	 , 57358	 , 0	 , 7	 , -7.0E-5, 
250	 , 57428	 , 1	 , 7	 , 0.0, 
250	 , 58656	 , 0	 , 7	 , 0.0, 
250	 , 57150	 , 4	 , 7	 , -0.09713, 
250	 , 57948	 , 0	 , 7	 , -3.2E-4, 
250	 , 57840	 , 0	 , 7	 , -5.2E-4, 
250	 , 57620	 , 2	 , 7	 , -0.00161, 
250	 , 58308	 , 0	 , 7	 , -0.00613, 
250	 , 58492	 , 0	 , 7	 , -0.003, 
250	 , 57684	 , 0	 , 7	 , -0.0186, 
250	 , 57412	 , 2	 , 7	 , -0.00492, 
250	 , 57670	 , 0	 , 7	 , -0.00195, 
250	 , 57668	 , 3	 , 7	 , 0.0, 
250	 , 57620	 , 1	 , 7	 , -5.1E-4, 
250	 , 56636	 , 1	 , 7	 , -0.00276, 
250	 , 57294	 , 0	 , 7	 , -0.00249, 
250	 , 58212	 , 0	 , 7	 , -0.04206, 
250	 , 57714	 , 0	 , 7	 , 0.0, 
250	 , 57422	 , 0	 , 7	 , 0.0, 
250	 , 57958	 , 0	 , 7	 , 0.0, 
250	 , 58344	 , 0	 , 7	 , -6.0E-4, 
250	 , 56844	 , 1	 , 7	 , -0.00164, 
250	 , 57570	 , 0	 , 7	 , -9.7E-4, 
250	 , 57916	 , 0	 , 7	 , -0.00321, 
250	 , 57630	 , 1	 , 7	 , -0.00165, 
250	 , 58192	 , 0	 , 7	 , -0.01526, 
250	 , 57854	 , 0	 , 7	 , -0.00232, 
250	 , 57174	 , 1	 , 7	 , -0.002, 
250	 , 57654	 , 4	 , 7	 , -0.00393, 
250	 , 58764	 , 0	 , 7	 , -5.3E-4, 
250	 , 57676	 , 1	 , 7	 , 0.0, 
250	 , 57718	 , 2	 , 7	 , -0.00162, 
250	 , 57728	 , 1	 , 7	 , -4.0E-5, 
250	 , 57742	 , 3	 , 7	 , -0.0785, 
250	 , 57754	 , 1	 , 7	 , -2.1E-4, 
250	 , 57532	 , 1	 , 7	 , -1.0E-4, 
250	 , 57208	 , 0	 , 7	 , -0.00121, 
250	 , 58484	 , 0	 , 7	 , -0.00219, 
250	 , 57704	 , 2	 , 7	 , -0.01738, 
250	 , 56696	 , 0	 , 7	 , -0.00379, 
250	 , 58184	 , 1	 , 7	 , -2.0E-4, 
250	 , 57984	 , 0	 , 7	 , -0.01118, 
250	 , 58136	 , 3	 , 7	 , -0.00233, 
250	 , 58504	 , 2	 , 7	 , 0.0, 
250	 , 57670	 , 0	 , 7	 , -8.6E-4, 
250	 , 57200	 , 4	 , 7	 , -0.00238, 
250	 , 57986	 , 0	 , 7	 , -7.3E-4, 
250	 , 57660	 , 1	 , 7	 , -5.8E-4, 
250	 , 57988	 , 0	 , 7	 , 0.0, 
250	 , 58608	 , 4	 , 7	 , -0.00169, 
250	 , 57586	 , 2	 , 7	 , -0.00184, 
250	 , 58100	 , 0	 , 7	 , -6.5E-4, 
250	 , 58078	 , 0	 , 7	 , -0.00167, 
250	 , 57960	 , 2	 , 7	 , -0.00167, 
250	 , 57134	 , 0	 , 7	 , -8.8E-4, 
250	 , 58140	 , 1	 , 7	 , -1.0E-5, 
250	 , 58106	 , 0	 , 7	 , -5.0E-5, 
250	 , 57786	 , 3	 , 7	 , -0.04009, 
250	 , 58862	 , 3	 , 7	 , 0.0, 
250	 , 58048	 , 0	 , 7	 , -0.00577, 
250	 , 58022	 , 1	 , 7	 , -0.14325, 
250	 , 57724	 , 3	 , 7	 , 0.0, 
250	 , 57574	 , 0	 , 7	 , -0.01113, 
250	 , 58188	 , 1	 , 7	 , -0.00266, 
250	 , 57944	 , 3	 , 7	 , -0.00167, 
250	 , 57686	 , 0	 , 7	 , 0.0, 
250	 , 58178	 , 1	 , 7	 , -0.00193, 
250	 , 58282	 , 1	 , 7	 , -0.00368, 
250	 , 57650	 , 1	 , 7	 , 0.0, 
250	 , 57552	 , 0	 , 7	 , -1.0E-4, 
250	 , 57832	 , 1	 , 7	 , -1.0E-4, 
250	 , 57524	 , 0	 , 7	 , -0.04017, 
250	 , 58228	 , 3	 , 7	 , -0.01296, 
250	 , 58296	 , 0	 , 7	 , -2.0E-5, 
250	 , 58028	 , 4	 , 7	 , -0.03613, 
250	 , 57632	 , 0	 , 7	 , -0.00128, 
250	 , 58576	 , 2	 , 7	 , -0.01863, 
250	 , 59070	 , 0	 , 7	 , -0.00166, 
250	 , 58044	 , 1	 , 7	 , -0.00183, 
250	 , 57574	 , 0	 , 7	 , 0.0, 
250	 , 57644	 , 0	 , 7	 , -0.00474, 
250	 , 58100	 , 2	 , 7	 , -0.00213, 
250	 , 58210	 , 0	 , 7	 , -5.5E-4, 
250	 , 58738	 , 0	 , 7	 , 0.0, 
250	 , 59116	 , 0	 , 7	 , -3.4E-4, 
250	 , 57696	 , 2	 , 7	 , -7.0E-4, 
250	 , 57942	 , 0	 , 7	 , -2.4E-4, 
250	 , 58378	 , 4	 , 7	 , -0.0021, 
250	 , 57800	 , 1	 , 7	 , 0.0, 
250	 , 57984	 , 0	 , 7	 , -0.00247, 
250	 , 57544	 , 3	 , 7	 , -0.01295, 
250	 , 57434	 , 0	 , 7	 , -1.0E-4, 
250	 , 58376	 , 0	 , 7	 , -0.00177, 
250	 , 58122	 , 3	 , 7	 , -9.3E-4, 
250	 , 57696	 , 0	 , 7	 , 0.0, 
250	 , 58082	 , 0	 , 7	 , 0.0, 
250	 , 58310	 , 2	 , 7	 , -4.4E-4, 
250	 , 57274	 , 3	 , 7	 , -8.2E-4, 
250	 , 57830	 , 0	 , 7	 , -0.01032, 
250	 , 57520	 , 1	 , 7	 , -0.00293, 
250	 , 58450	 , 2	 , 7	 , -0.00384, 
250	 , 57510	 , 0	 , 7	 , -0.00214, 
250	 , 58018	 , 0	 , 7	 , -1.0E-5, 
250	 , 57174	 , 3	 , 7	 , 0.0, 
250	 , 57818	 , 1	 , 7	 , -0.04519, 
250	 , 57830	 , 0	 , 7	 , -8.0E-5, 
250	 , 59582	 , 2	 , 7	 , -0.00332, 
250	 , 57594	 , 3	 , 7	 , -0.00222, 
250	 , 57372	 , 0	 , 7	 , -2.0E-5, 
250	 , 58498	 , 5	 , 7	 , -0.01588, 
250	 , 58250	 , 0	 , 7	 , -0.00432, 
250	 , 58386	 , 4	 , 7	 , -0.00464, 
250	 , 58244	 , 0	 , 7	 , -0.0067, 
250	 , 57946	 , 3	 , 7	 , -3.0E-4, 
250	 , 57084	 , 4	 , 7	 , 0.0, 
250	 , 58490	 , 1	 , 7	 , -0.04415, 
250	 , 58022	 , 1	 , 7	 , -0.00383, 
250	 , 57480	 , 1	 , 7	 , -0.0024, 
250	 , 58240	 , 4	 , 7	 , -0.04192, 
250	 , 58078	 , 0	 , 7	 , -3.0E-5, 
250	 , 58024	 , 3	 , 7	 , -0.01791, 
250	 , 57366	 , 2	 , 7	 , 0.0, 
250	 , 56938	 , 0	 , 7	 , -0.02331, 
250	 , 57684	 , 0	 , 7	 , -0.03117, 
250	 , 57336	 , 1	 , 7	 , -2.0E-5, 
250	 , 57324	 , 2	 , 7	 , -0.02321, 
250	 , 58452	 , 2	 , 7	 , -0.02114, 
250	 , 57836	 , 0	 , 7	 , -0.00425, 
250	 , 57422	 , 1	 , 7	 , 0.0, 
250	 , 57508	 , 0	 , 7	 , -1.5E-4, 
250	 , 57708	 , 3	 , 7	 , -1.7E-4, 
250	 , 58638	 , 0	 , 7	 , 0.0, 
250	 , 57758	 , 5	 , 7	 , -0.00451, 
250	 , 57546	 , 3	 , 7	 , -1.2E-4, 
250	 , 58068	 , 1	 , 7	 , -0.0399, 
250	 , 58250	 , 5	 , 7	 , -0.16893, 
250	 , 57774	 , 3	 , 7	 , -0.00423, 
250	 , 58708	 , 4	 , 7	 , -0.09866, 
250	 , 57734	 , 0	 , 7	 , -0.0031, 
250	 , 58258	 , 4	 , 7	 , -0.01698, 
250	 , 57908	 , 3	 , 7	 , -0.00222, 
250	 , 59616	 , 0	 , 7	 , -7.0E-5, 
250	 , 58648	 , 0	 , 7	 , 0.0, 
250	 , 57842	 , 2	 , 7	 , -0.00383, 
250	 , 57720	 , 2	 , 7	 , -5.4E-4, 
250	 , 57406	 , 3	 , 7	 , -0.0018, 
250	 , 57896	 , 2	 , 7	 , 0.0, 
250	 , 57672	 , 0	 , 7	 , -0.00992, 
250	 , 57322	 , 1	 , 7	 , -0.01724, 
250	 , 57632	 , 0	 , 7	 , -1.0E-5, 
250	 , 57452	 , 2	 , 7	 , -4.3E-4, 
250	 , 58322	 , 1	 , 7	 , 0.0, 
250	 , 57828	 , 2	 , 7	 , -4.1E-4, 
250	 , 57604	 , 1	 , 7	 , -0.00169, 
250	 , 58130	 , 1	 , 7	 , -0.13529, 
250	 , 57790	 , 3	 , 7	 , -0.04116, 
250	 , 56602	 , 1	 , 7	 , -0.00244, 
250	 , 57602	 , 0	 , 7	 , -1.1E-4, 
250	 , 58308	 , 0	 , 7	 , 0.0, 
250	 , 57918	 , 1	 , 7	 , -0.01727, 
250	 , 58010	 , 1	 , 7	 , -1.5E-4, 
250	 , 57980	 , 1	 , 7	 , -0.01806, 
250	 , 57686	 , 2	 , 7	 , 0.0, 
250	 , 57716	 , 3	 , 7	 , -3.0E-5, 
250	 , 57972	 , 3	 , 7	 , -1.1E-4, 
300	 , 58652	 , 0	 , 6	 , 0.0, 
300	 , 57694	 , 0	 , 6	 , 0.0, 
300	 , 58698	 , 0	 , 6	 , -0.09307, 
300	 , 57052	 , 3	 , 6	 , -0.00112, 
300	 , 57202	 , 4	 , 6	 , -0.137, 
300	 , 57100	 , 0	 , 6	 , -1.0E-5, 
300	 , 58000	 , 1	 , 6	 , -0.00181, 
300	 , 58596	 , 3	 , 6	 , 0.0, 
300	 , 58678	 , 1	 , 6	 , -1.9E-4, 
300	 , 58220	 , 0	 , 6	 , -0.00453, 
300	 , 60944	 , 0	 , 6	 , -2.3E-4, 
300	 , 58052	 , 3	 , 6	 , -0.00842, 
300	 , 57952	 , 1	 , 6	 , 0.0, 
300	 , 57258	 , 2	 , 6	 , 0.0, 
300	 , 56536	 , 0	 , 6	 , 0.0, 
300	 , 57736	 , 1	 , 6	 , -0.00624, 
300	 , 58148	 , 0	 , 6	 , -0.01918, 
300	 , 57890	 , 1	 , 6	 , -0.01477, 
300	 , 57856	 , 0	 , 6	 , -0.00183, 
300	 , 57554	 , 1	 , 6	 , -0.00163, 
300	 , 57582	 , 0	 , 6	 , -0.0017, 
300	 , 58066	 , 1	 , 6	 , -1.0E-5, 
300	 , 57854	 , 0	 , 6	 , -0.00191, 
300	 , 57754	 , 1	 , 6	 , -0.00193, 
300	 , 57654	 , 3	 , 6	 , -0.04132, 
300	 , 58250	 , 0	 , 6	 , -4.1E-4, 
300	 , 58134	 , 0	 , 6	 , -0.00169, 
300	 , 58306	 , 3	 , 6	 , -0.00163, 
300	 , 57764	 , 1	 , 6	 , -0.00807, 
300	 , 57572	 , 1	 , 6	 , 0.0, 
300	 , 57814	 , 0	 , 6	 , -0.00135, 
300	 , 56962	 , 1	 , 6	 , -0.00492, 
300	 , 57810	 , 0	 , 6	 , -5.4E-4, 
300	 , 58162	 , 1	 , 6	 , -0.00447, 
300	 , 57720	 , 0	 , 6	 , -4.1E-4, 
300	 , 57190	 , 4	 , 6	 , -0.0024, 
300	 , 58018	 , 0	 , 6	 , -0.00177, 
300	 , 57952	 , 0	 , 6	 , -8.0E-4, 
300	 , 58154	 , 0	 , 6	 , -0.00484, 
300	 , 57982	 , 0	 , 6	 , -1.0E-5, 
300	 , 57316	 , 0	 , 6	 , -1.1E-4, 
300	 , 57128	 , 2	 , 6	 , -2.1E-4, 
300	 , 57694	 , 0	 , 6	 , -0.00333, 
300	 , 58026	 , 0	 , 6	 , -3.0E-5, 
300	 , 57140	 , 1	 , 6	 , -0.01973, 
300	 , 57418	 , 0	 , 6	 , -0.04086, 
300	 , 56878	 , 1	 , 6	 , -0.00167, 
300	 , 58880	 , 1	 , 6	 , -0.13293, 
300	 , 58174	 , 0	 , 6	 , -1.0E-5, 
300	 , 57388	 , 2	 , 6	 , -0.01982, 
300	 , 57782	 , 1	 , 6	 , 0.0, 
300	 , 58534	 , 1	 , 6	 , -1.1E-4, 
300	 , 58078	 , 0	 , 6	 , -1.0E-5, 
300	 , 57640	 , 1	 , 6	 , -1.0E-5, 
300	 , 58048	 , 0	 , 6	 , -0.00354, 
300	 , 57380	 , 2	 , 6	 , -2.0E-5, 
300	 , 57574	 , 0	 , 6	 , -7.0E-5, 
300	 , 57796	 , 0	 , 6	 , -1.0E-4, 
300	 , 58084	 , 0	 , 6	 , -0.00111, 
300	 , 57418	 , 0	 , 6	 , -5.0E-5, 
300	 , 57478	 , 1	 , 6	 , -7.0E-5, 
300	 , 57542	 , 1	 , 6	 , -0.02563, 
300	 , 58006	 , 0	 , 6	 , 0.0, 
300	 , 58092	 , 0	 , 6	 , -1.0E-5, 
300	 , 57802	 , 1	 , 6	 , -7.0E-4, 
300	 , 57394	 , 1	 , 6	 , -0.01259, 
300	 , 57992	 , 0	 , 6	 , -0.01444, 
300	 , 57572	 , 0	 , 6	 , -1.1E-4, 
300	 , 57494	 , 1	 , 6	 , -1.0E-5, 
300	 , 58614	 , 0	 , 6	 , -1.1E-4, 
300	 , 58262	 , 0	 , 6	 , -7.0E-5, 
300	 , 58128	 , 2	 , 6	 , -2.3E-4, 
300	 , 60142	 , 0	 , 6	 , 0.0, 
300	 , 57528	 , 1	 , 6	 , -9.0E-4, 
300	 , 57374	 , 1	 , 6	 , -0.00393, 
300	 , 57854	 , 3	 , 6	 , -1.0E-5, 
300	 , 57446	 , 1	 , 6	 , -0.0046, 
300	 , 58420	 , 0	 , 6	 , -1.4E-4, 
300	 , 58122	 , 1	 , 6	 , -0.00161, 
300	 , 57582	 , 0	 , 6	 , -0.00394, 
300	 , 57596	 , 1	 , 6	 , 0.0, 
300	 , 58246	 , 0	 , 6	 , -0.00212, 
300	 , 57002	 , 0	 , 6	 , -0.00602, 
300	 , 57730	 , 0	 , 6	 , -0.00393, 
300	 , 57306	 , 2	 , 6	 , -0.00425, 
300	 , 57940	 , 0	 , 6	 , -0.02563, 
300	 , 58992	 , 0	 , 6	 , -0.01233, 
300	 , 57664	 , 0	 , 6	 , -0.00157, 
300	 , 57766	 , 1	 , 6	 , 0.0, 
300	 , 58210	 , 2	 , 6	 , 0.0, 
300	 , 56716	 , 0	 , 6	 , -1.2E-4, 
300	 , 58934	 , 1	 , 6	 , -1.0E-5, 
300	 , 58734	 , 2	 , 6	 , -0.00383, 
300	 , 59576	 , 0	 , 6	 , -0.13255, 
300	 , 58080	 , 0	 , 6	 , -1.0E-4, 
300	 , 56344	 , 1	 , 6	 , -0.00161, 
300	 , 57174	 , 1	 , 6	 , 0.0, 
300	 , 58340	 , 1	 , 6	 , -0.0331, 
300	 , 57794	 , 0	 , 6	 , -0.01127, 
300	 , 57474	 , 2	 , 6	 , -0.00296, 
300	 , 58274	 , 0	 , 6	 , -9.0E-4, 
300	 , 57886	 , 0	 , 6	 , -1.0E-5, 
300	 , 57422	 , 2	 , 6	 , -1.6E-4, 
300	 , 57512	 , 3	 , 6	 , 0.0, 
300	 , 57216	 , 4	 , 6	 , -0.04097, 
300	 , 57202	 , 2	 , 6	 , -0.00195, 
300	 , 57446	 , 0	 , 6	 , -0.04132, 
300	 , 57958	 , 0	 , 6	 , -4.0E-5, 
300	 , 57330	 , 1	 , 6	 , -3.0E-5, 
300	 , 58204	 , 0	 , 6	 , -0.02075, 
300	 , 58092	 , 1	 , 6	 , -0.02178, 
300	 , 57956	 , 0	 , 6	 , -2.0E-4, 
300	 , 58236	 , 3	 , 6	 , -0.00107, 
300	 , 58208	 , 0	 , 6	 , -0.0178, 
300	 , 57408	 , 0	 , 6	 , -2.0E-5, 
300	 , 57744	 , 0	 , 6	 , -0.00389, 
300	 , 57598	 , 2	 , 6	 , -0.01376, 
300	 , 58070	 , 2	 , 6	 , -0.00383, 
300	 , 57164	 , 2	 , 6	 , -0.19766, 
300	 , 57986	 , 0	 , 6	 , -1.0E-5, 
300	 , 58072	 , 0	 , 6	 , -5.0E-5, 
300	 , 58142	 , 3	 , 6	 , -0.00946, 
300	 , 58968	 , 0	 , 6	 , -4.1E-4, 
300	 , 57756	 , 0	 , 6	 , -1.1E-4, 
300	 , 57738	 , 1	 , 6	 , -1.3E-4, 
300	 , 57592	 , 1	 , 6	 , -0.00203, 
300	 , 58204	 , 0	 , 6	 , -0.0032, 
300	 , 57564	 , 2	 , 6	 , -0.00731, 
300	 , 57456	 , 2	 , 6	 , -0.00383, 
300	 , 58276	 , 1	 , 6	 , 0.0, 
300	 , 57772	 , 0	 , 6	 , -7.1E-4, 
300	 , 57674	 , 0	 , 6	 , -0.0402, 
300	 , 58026	 , 0	 , 6	 , -0.00422, 
300	 , 57950	 , 1	 , 6	 , -0.02031, 
300	 , 58066	 , 1	 , 6	 , -0.00335, 
300	 , 57914	 , 2	 , 6	 , -5.2E-4, 
300	 , 57890	 , 1	 , 6	 , 0.0, 
300	 , 57800	 , 4	 , 6	 , -0.00875, 
300	 , 57602	 , 0	 , 6	 , -0.00229, 
300	 , 57850	 , 1	 , 6	 , -0.02216, 
300	 , 58170	 , 3	 , 6	 , -0.01747, 
300	 , 58328	 , 0	 , 6	 , -3.0E-5, 
300	 , 58182	 , 0	 , 6	 , 0.0, 
300	 , 57498	 , 1	 , 6	 , -2.0E-5, 
300	 , 57946	 , 3	 , 6	 , -0.00174, 
300	 , 57758	 , 0	 , 6	 , -1.0E-4, 
300	 , 58118	 , 0	 , 6	 , -0.00574, 
300	 , 57070	 , 2	 , 6	 , -0.06308, 
300	 , 57836	 , 0	 , 6	 , -0.04391, 
300	 , 57808	 , 0	 , 6	 , -0.01793, 
300	 , 58624	 , 0	 , 6	 , -0.01224, 
300	 , 57314	 , 2	 , 6	 , -4.3E-4, 
300	 , 58060	 , 0	 , 6	 , -0.00497, 
300	 , 57648	 , 0	 , 6	 , -1.9E-4, 
300	 , 57982	 , 0	 , 6	 , -3.0E-5, 
300	 , 57456	 , 1	 , 6	 , -1.7E-4, 
300	 , 57934	 , 1	 , 6	 , -0.04017, 
300	 , 58770	 , 0	 , 6	 , -7.1E-4, 
300	 , 56854	 , 0	 , 6	 , -4.4E-4, 
300	 , 58058	 , 0	 , 6	 , -0.00181, 
300	 , 57912	 , 1	 , 6	 , -0.00565, 
300	 , 57576	 , 2	 , 6	 , -3.0E-5, 
300	 , 57918	 , 1	 , 6	 , -0.0043, 
300	 , 57300	 , 1	 , 6	 , -0.00226, 
300	 , 58196	 , 3	 , 6	 , -2.0E-5, 
300	 , 57524	 , 0	 , 6	 , -0.02343, 
300	 , 58108	 , 1	 , 6	 , 0.0, 
300	 , 57952	 , 1	 , 6	 , -2.3E-4, 
300	 , 57838	 , 0	 , 6	 , -9.1E-4, 
300	 , 57932	 , 0	 , 6	 , -0.00467, 
300	 , 57842	 , 0	 , 6	 , -1.0E-5, 
300	 , 57614	 , 1	 , 6	 , -0.00168, 
300	 , 57520	 , 1	 , 6	 , -0.0045, 
300	 , 58126	 , 0	 , 6	 , -0.13313, 
300	 , 57204	 , 3	 , 6	 , -4.0E-5, 
300	 , 57782	 , 3	 , 6	 , -4.9E-4, 
300	 , 57788	 , 0	 , 6	 , -3.0E-5, 
300	 , 57598	 , 1	 , 6	 , -8.0E-4, 
300	 , 57466	 , 1	 , 6	 , 0.0, 
300	 , 57656	 , 1	 , 6	 , -0.06071, 
300	 , 57682	 , 2	 , 6	 , -0.00161, 
300	 , 58036	 , 1	 , 6	 , -2.0E-5, 
300	 , 58394	 , 3	 , 6	 , -0.01826, 
300	 , 58496	 , 1	 , 6	 , -0.00168, 
300	 , 57720	 , 1	 , 6	 , -0.00934, 
300	 , 57678	 , 0	 , 6	 , 0.0, 
300	 , 57598	 , 0	 , 6	 , -1.0E-5, 
300	 , 57966	 , 0	 , 6	 , -0.00147, 
300	 , 57862	 , 1	 , 6	 , -0.00169, 
300	 , 57136	 , 3	 , 6	 , -0.03567, 
300	 , 57616	 , 1	 , 6	 , 0.0, 
300	 , 57466	 , 3	 , 6	 , -5.2E-4, 
300	 , 57348	 , 0	 , 6	 , -0.00391, 
300	 , 57652	 , 1	 , 6	 , -0.01239, 
300	 , 58026	 , 0	 , 6	 , -3.1E-4, 
300	 , 59812	 , 0	 , 6	 , 0.0, 
300	 , 57894	 , 1	 , 6	 , -0.01803, 
300	 , 57582	 , 0	 , 6	 , -0.00158, 
300	 , 58150	 , 0	 , 6	 , 0.0, 
300	 , 57262	 , 1	 , 6	 , -0.00324, 
300	 , 57296	 , 0	 , 6	 , -6.3E-4, 
300	 , 57888	 , 2	 , 6	 , -0.03352, 
300	 , 57528	 , 2	 , 6	 , -0.00227, 
300	 , 58360	 , 3	 , 6	 , -0.02287, 
300	 , 57986	 , 0	 , 6	 , -3.0E-5, 
300	 , 57264	 , 0	 , 6	 , -0.00714, 
300	 , 57374	 , 2	 , 6	 , -0.02024, 
300	 , 58036	 , 0	 , 6	 , -0.00281, 
300	 , 57754	 , 1	 , 6	 , -0.00182, 
300	 , 58154	 , 3	 , 6	 , -0.00239, 
300	 , 57560	 , 2	 , 6	 , -0.00117, 
300	 , 57368	 , 4	 , 6	 , -5.1E-4, 
300	 , 58170	 , 1	 , 6	 , -5.7E-4, 
300	 , 57254	 , 1	 , 6	 , 0.0, 
300	 , 57264	 , 0	 , 6	 , -0.1691, 
300	 , 57980	 , 1	 , 6	 , -1.0E-5, 
300	 , 58186	 , 0	 , 6	 , 0.0, 
300	 , 58004	 , 4	 , 6	 , 0.0, 
300	 , 57460	 , 0	 , 6	 , -0.00177, 
300	 , 57758	 , 0	 , 6	 , -7.7E-4, 
300	 , 58042	 , 0	 , 6	 , -5.0E-5, 
300	 , 58418	 , 1	 , 6	 , -7.7E-4, 
300	 , 58136	 , 0	 , 6	 , -0.09186, 
300	 , 57792	 , 0	 , 6	 , -0.00134, 
300	 , 57734	 , 0	 , 6	 , -6.0E-5, 
300	 , 56866	 , 0	 , 6	 , -0.04015, 
300	 , 57526	 , 0	 , 6	 , -0.04006, 
300	 , 58008	 , 1	 , 6	 , -1.0E-5, 
300	 , 58360	 , 1	 , 6	 , -1.6E-4, 
300	 , 58062	 , 0	 , 6	 , -0.00207, 
300	 , 56756	 , 3	 , 6	 , 0.0, 
300	 , 56156	 , 4	 , 6	 , -1.7E-4, 
300	 , 57672	 , 0	 , 6	 , -0.04963, 
300	 , 57396	 , 1	 , 6	 , -0.02013, 
300	 , 57814	 , 0	 , 6	 , -1.0E-5, 
300	 , 57398	 , 1	 , 6	 , -2.3E-4, 
300	 , 57522	 , 2	 , 6	 , 0.0, 
300	 , 57368	 , 0	 , 6	 , -1.0E-5, 
300	 , 57004	 , 0	 , 6	 , 0.0, 
300	 , 57916	 , 1	 , 6	 , -4.2E-4, 
300	 , 57502	 , 0	 , 6	 , -6.2E-4, 
300	 , 58320	 , 3	 , 6	 , 0.0, 
300	 , 58816	 , 1	 , 6	 , -1.5E-4, 
300	 , 57908	 , 0	 , 6	 , -0.00404, 
300	 , 57924	 , 0	 , 6	 , -0.00505, 
300	 , 57168	 , 2	 , 6	 , -6.0E-5, 
300	 , 57840	 , 0	 , 6	 , -0.00256, 
300	 , 57614	 , 1	 , 6	 , -0.00641, 
300	 , 57758	 , 0	 , 6	 , 0.0, 
300	 , 57712	 , 1	 , 6	 , -0.01112, 
350	 , 53806	 , 2	 , 5	 , -4.1E-4, 
350	 , 53834	 , 0	 , 5	 , -0.00629, 
350	 , 53298	 , 0	 , 5	 , -0.01033, 
350	 , 53310	 , 2	 , 5	 , 0.0, 
350	 , 53916	 , 0	 , 5	 , -6.6E-4, 
350	 , 53684	 , 2	 , 5	 , -0.00173, 
350	 , 53520	 , 0	 , 5	 , -1.0E-5, 
350	 , 53402	 , 0	 , 5	 , -0.10732, 
350	 , 53662	 , 2	 , 5	 , -3.0E-5, 
350	 , 53994	 , 0	 , 5	 , -3.0E-5, 
350	 , 53376	 , 0	 , 5	 , -0.00557, 
350	 , 53776	 , 1	 , 5	 , -0.00161, 
350	 , 53734	 , 0	 , 5	 , -2.0E-5, 
350	 , 54432	 , 1	 , 5	 , -0.04756, 
350	 , 53292	 , 0	 , 5	 , -0.00128, 
350	 , 54372	 , 1	 , 5	 , -4.0E-4, 
350	 , 54138	 , 0	 , 5	 , -3.0E-5, 
350	 , 53390	 , 0	 , 5	 , -5.7E-4, 
350	 , 53816	 , 1	 , 5	 , -1.1E-4, 
350	 , 53722	 , 0	 , 5	 , -0.00212, 
350	 , 54232	 , 0	 , 5	 , -4.0E-4, 
350	 , 53666	 , 2	 , 5	 , -9.1E-4, 
350	 , 53540	 , 0	 , 5	 , -6.0E-5, 
350	 , 53762	 , 0	 , 5	 , -0.05556, 
350	 , 53812	 , 0	 , 5	 , -8.3E-4, 
350	 , 54430	 , 0	 , 5	 , -1.1E-4, 
350	 , 53190	 , 0	 , 5	 , -1.8E-4, 
350	 , 53880	 , 0	 , 5	 , -1.9E-4, 
350	 , 54006	 , 1	 , 5	 , 0.0, 
350	 , 53274	 , 0	 , 5	 , -4.1E-4, 
350	 , 53980	 , 0	 , 5	 , -3.0E-5, 
350	 , 53638	 , 0	 , 5	 , -4.0E-5, 
350	 , 53964	 , 0	 , 5	 , -0.00283, 
350	 , 54024	 , 2	 , 5	 , -0.00342, 
350	 , 54042	 , 0	 , 5	 , -1.0E-5, 
350	 , 53574	 , 1	 , 5	 , -0.00124, 
350	 , 53690	 , 2	 , 5	 , -0.00651, 
350	 , 53460	 , 0	 , 5	 , -0.05646, 
350	 , 54006	 , 0	 , 5	 , -0.00901, 
350	 , 54150	 , 0	 , 5	 , -0.00177, 
350	 , 54224	 , 0	 , 5	 , -7.3E-4, 
350	 , 54112	 , 0	 , 5	 , 0.0, 
350	 , 53386	 , 2	 , 5	 , -0.13144, 
350	 , 53726	 , 2	 , 5	 , -0.00165, 
350	 , 53324	 , 2	 , 5	 , 0.0, 
350	 , 53854	 , 2	 , 5	 , -0.0104, 
350	 , 53006	 , 1	 , 5	 , 0.0, 
350	 , 53966	 , 0	 , 5	 , 0.0, 
350	 , 54184	 , 0	 , 5	 , -0.02548, 
350	 , 53544	 , 1	 , 5	 , 0.0, 
350	 , 54336	 , 1	 , 5	 , -4.6E-4, 
350	 , 54150	 , 0	 , 5	 , -0.00746, 
350	 , 54082	 , 1	 , 5	 , -2.0E-5, 
350	 , 53686	 , 0	 , 5	 , -0.00182, 
350	 , 54128	 , 0	 , 5	 , -1.1E-4, 
350	 , 53772	 , 0	 , 5	 , -0.00115, 
350	 , 53360	 , 2	 , 5	 , 0.0, 
350	 , 53810	 , 2	 , 5	 , -0.00251, 
350	 , 54060	 , 1	 , 5	 , -0.01918, 
350	 , 54050	 , 0	 , 5	 , -0.00167, 
350	 , 54118	 , 0	 , 5	 , -0.00505, 
350	 , 53926	 , 0	 , 5	 , -2.0E-4, 
350	 , 52652	 , 1	 , 5	 , -4.4E-4, 
350	 , 53484	 , 1	 , 5	 , -0.0357, 
350	 , 53632	 , 1	 , 5	 , -0.02571, 
350	 , 53472	 , 1	 , 5	 , -0.00256, 
350	 , 53862	 , 1	 , 5	 , -0.00202, 
350	 , 53944	 , 1	 , 5	 , -0.02138, 
350	 , 53990	 , 0	 , 5	 , -0.0034, 
350	 , 53566	 , 0	 , 5	 , -0.00177, 
350	 , 54062	 , 1	 , 5	 , -1.0E-5, 
350	 , 53146	 , 1	 , 5	 , -0.00603, 
350	 , 53402	 , 0	 , 5	 , -0.03852, 
350	 , 54156	 , 0	 , 5	 , -0.00365, 
350	 , 53938	 , 0	 , 5	 , -5.7E-4, 
350	 , 54120	 , 2	 , 5	 , -1.0E-5, 
350	 , 54134	 , 1	 , 5	 , -3.0E-5, 
350	 , 53024	 , 1	 , 5	 , -7.5E-4, 
350	 , 53694	 , 1	 , 5	 , -0.02083, 
350	 , 53572	 , 2	 , 5	 , 0.0, 
350	 , 53500	 , 0	 , 5	 , -1.0E-4, 
350	 , 54174	 , 0	 , 5	 , -0.00185, 
350	 , 53664	 , 0	 , 5	 , -1.2E-4, 
350	 , 53452	 , 0	 , 5	 , -4.9E-4, 
350	 , 53532	 , 2	 , 5	 , -4.0E-5, 
350	 , 53892	 , 0	 , 5	 , -0.00165, 
350	 , 54062	 , 1	 , 5	 , -0.00288, 
350	 , 54086	 , 1	 , 5	 , 0.0, 
350	 , 53600	 , 0	 , 5	 , -0.01458, 
350	 , 53456	 , 0	 , 5	 , -0.00339, 
350	 , 53378	 , 2	 , 5	 , 0.0, 
350	 , 53714	 , 0	 , 5	 , -0.04404, 
350	 , 54204	 , 0	 , 5	 , -0.01012, 
350	 , 54198	 , 0	 , 5	 , 0.0, 
350	 , 52962	 , 0	 , 5	 , -1.8E-4, 
350	 , 53200	 , 0	 , 5	 , -0.00194, 
350	 , 53686	 , 2	 , 5	 , -0.01129, 
350	 , 53622	 , 1	 , 5	 , 0.0, 
350	 , 54100	 , 1	 , 5	 , -3.0E-5, 
350	 , 54042	 , 1	 , 5	 , -0.00384, 
350	 , 53476	 , 0	 , 5	 , -1.1E-4, 
350	 , 54208	 , 2	 , 5	 , -0.02994, 
350	 , 53572	 , 0	 , 5	 , -2.0E-5, 
350	 , 54044	 , 0	 , 5	 , 0.0, 
350	 , 53864	 , 1	 , 5	 , -2.2E-4, 
350	 , 53768	 , 0	 , 5	 , -0.00729, 
350	 , 53000	 , 1	 , 5	 , -7.0E-5, 
350	 , 53652	 , 0	 , 5	 , -0.00683, 
350	 , 52752	 , 1	 , 5	 , -0.02534, 
350	 , 54398	 , 0	 , 5	 , -0.00233, 
350	 , 52920	 , 2	 , 5	 , -0.00173, 
350	 , 53518	 , 2	 , 5	 , -0.00686, 
350	 , 53972	 , 0	 , 5	 , -9.2E-4, 
350	 , 53142	 , 0	 , 5	 , -0.02954, 
350	 , 53714	 , 0	 , 5	 , -3.7E-4, 
350	 , 53098	 , 2	 , 5	 , -0.04003, 
350	 , 53936	 , 1	 , 5	 , 0.0, 
350	 , 54010	 , 1	 , 5	 , -0.00226, 
350	 , 53958	 , 0	 , 5	 , -0.03104, 
350	 , 53750	 , 0	 , 5	 , -0.00649, 
350	 , 53908	 , 0	 , 5	 , -0.00219, 
350	 , 54248	 , 1	 , 5	 , -5.0E-5, 
350	 , 53080	 , 0	 , 5	 , -1.6E-4, 
350	 , 53532	 , 3	 , 5	 , -0.00123, 
350	 , 54072	 , 0	 , 5	 , -0.00426, 
350	 , 53982	 , 0	 , 5	 , -0.00165, 
350	 , 54194	 , 1	 , 5	 , -3.0E-5, 
350	 , 53816	 , 0	 , 5	 , -6.0E-5, 
350	 , 53210	 , 1	 , 5	 , -0.00853, 
350	 , 54372	 , 0	 , 5	 , -0.00172, 
350	 , 53826	 , 2	 , 5	 , -1.2E-4, 
350	 , 54050	 , 1	 , 5	 , -0.00168, 
350	 , 53448	 , 1	 , 5	 , -0.00163, 
350	 , 53934	 , 0	 , 5	 , -3.0E-5, 
350	 , 54148	 , 2	 , 5	 , -8.0E-4, 
350	 , 54150	 , 0	 , 5	 , -0.04009, 
350	 , 53906	 , 0	 , 5	 , 0.0, 
350	 , 54260	 , 1	 , 5	 , -2.0E-5, 
350	 , 53480	 , 1	 , 5	 , 0.0, 
350	 , 53336	 , 1	 , 5	 , -0.00436, 
350	 , 53886	 , 0	 , 5	 , -0.00182, 
350	 , 54162	 , 0	 , 5	 , -0.00168, 
350	 , 53788	 , 1	 , 5	 , -5.3E-4, 
350	 , 53880	 , 2	 , 5	 , -6.0E-5, 
350	 , 54064	 , 0	 , 5	 , -7.0E-5, 
350	 , 54080	 , 0	 , 5	 , -0.00167, 
350	 , 53828	 , 0	 , 5	 , -1.0E-4, 
350	 , 53854	 , 1	 , 5	 , 0.0, 
350	 , 53956	 , 2	 , 5	 , -0.33993, 
350	 , 54146	 , 0	 , 5	 , -0.00288, 
350	 , 53066	 , 0	 , 5	 , -0.00163, 
350	 , 53864	 , 0	 , 5	 , 0.0, 
350	 , 54178	 , 1	 , 5	 , -0.00237, 
350	 , 53884	 , 0	 , 5	 , -0.0023, 
350	 , 53650	 , 0	 , 5	 , 0.0, 
350	 , 53918	 , 0	 , 5	 , -0.0017, 
350	 , 53044	 , 0	 , 5	 , -0.00203, 
350	 , 53912	 , 2	 , 5	 , -0.0555, 
350	 , 53578	 , 0	 , 5	 , -0.01838, 
350	 , 54070	 , 0	 , 5	 , 0.0, 
350	 , 54210	 , 0	 , 5	 , -0.0046, 
350	 , 53614	 , 0	 , 5	 , -0.04559, 
350	 , 53882	 , 0	 , 5	 , -0.03972, 
350	 , 53768	 , 1	 , 5	 , -0.00277, 
350	 , 53272	 , 1	 , 5	 , -8.5E-4, 
350	 , 54084	 , 3	 , 5	 , 0.0, 
350	 , 53254	 , 2	 , 5	 , -5.9E-4, 
350	 , 53856	 , 0	 , 5	 , -5.2E-4, 
350	 , 54256	 , 1	 , 5	 , -2.6E-4, 
350	 , 53818	 , 1	 , 5	 , 0.0, 
350	 , 53794	 , 0	 , 5	 , -4.2E-4, 
350	 , 52872	 , 2	 , 5	 , -0.01726, 
350	 , 54134	 , 0	 , 5	 , -0.00183, 
350	 , 54186	 , 0	 , 5	 , 0.0, 
350	 , 53342	 , 0	 , 5	 , -0.04035, 
350	 , 53870	 , 0	 , 5	 , -0.02046, 
350	 , 53968	 , 0	 , 5	 , -0.00257, 
350	 , 53598	 , 2	 , 5	 , -7.4E-4, 
350	 , 53542	 , 1	 , 5	 , -0.01917, 
350	 , 53554	 , 0	 , 5	 , 0.0, 
350	 , 53956	 , 0	 , 5	 , -5.2E-4, 
350	 , 53232	 , 2	 , 5	 , -0.00161, 
350	 , 53268	 , 0	 , 5	 , -8.9E-4, 
350	 , 53550	 , 1	 , 5	 , -4.3E-4, 
350	 , 53556	 , 0	 , 5	 , 0.0, 
350	 , 53764	 , 0	 , 5	 , -0.01508, 
350	 , 54390	 , 0	 , 5	 , -0.01328, 
350	 , 53058	 , 0	 , 5	 , -0.0034, 
350	 , 54122	 , 1	 , 5	 , -1.3E-4, 
350	 , 54246	 , 0	 , 5	 , -0.04045, 
350	 , 53122	 , 0	 , 5	 , 0.0, 
350	 , 53738	 , 1	 , 5	 , -1.0E-5, 
350	 , 53236	 , 0	 , 5	 , -0.01822, 
350	 , 54014	 , 0	 , 5	 , -0.00399, 
350	 , 54046	 , 0	 , 5	 , -0.00648, 
350	 , 53972	 , 1	 , 5	 , -6.0E-5, 
350	 , 54104	 , 0	 , 5	 , 0.0, 
350	 , 54198	 , 0	 , 5	 , -0.01012, 
350	 , 53866	 , 0	 , 5	 , -7.4E-4, 
350	 , 54002	 , 0	 , 5	 , 0.0, 
350	 , 54142	 , 0	 , 5	 , -4.4E-4, 
350	 , 54086	 , 0	 , 5	 , -0.00278, 
350	 , 53724	 , 2	 , 5	 , 0.0, 
350	 , 53994	 , 0	 , 5	 , -1.0E-5, 
350	 , 53894	 , 1	 , 5	 , -0.01705, 
350	 , 53742	 , 2	 , 5	 , -0.04395, 
350	 , 53910	 , 0	 , 5	 , -0.0181, 
350	 , 53538	 , 2	 , 5	 , -0.01601, 
350	 , 53744	 , 0	 , 5	 , -1.3E-4, 
350	 , 53424	 , 0	 , 5	 , -0.00173, 
350	 , 54040	 , 0	 , 5	 , -0.00478, 
350	 , 54064	 , 1	 , 5	 , -0.00217, 
350	 , 53904	 , 1	 , 5	 , -0.00167, 
350	 , 54150	 , 2	 , 5	 , -0.00188, 
350	 , 54074	 , 0	 , 5	 , -1.0E-5, 
350	 , 53992	 , 0	 , 5	 , 0.0, 
350	 , 53054	 , 2	 , 5	 , -4.7E-4, 
350	 , 54152	 , 1	 , 5	 , -2.0E-4, 
350	 , 53686	 , 1	 , 5	 , -4.0E-4, 
350	 , 53916	 , 0	 , 5	 , -8.0E-5, 
350	 , 53636	 , 1	 , 5	 , -0.00161, 
350	 , 53400	 , 0	 , 5	 , -0.06621, 
350	 , 53958	 , 0	 , 5	 , -0.01109, 
350	 , 54024	 , 0	 , 5	 , -0.00171, 
350	 , 54214	 , 0	 , 5	 , -0.00181, 
350	 , 53560	 , 3	 , 5	 , -0.10932, 
350	 , 54436	 , 1	 , 5	 , -0.00209, 
350	 , 53222	 , 0	 , 5	 , -6.4E-4, 
350	 , 53950	 , 0	 , 5	 , -0.02787, 
350	 , 53588	 , 0	 , 5	 , -1.6E-4, 
350	 , 53922	 , 1	 , 5	 , 0.0, 
350	 , 53628	 , 0	 , 5	 , -0.00241, 
350	 , 54078	 , 1	 , 5	 , -0.00322, 
350	 , 53700	 , 1	 , 5	 , -0.34818, 
350	 , 53964	 , 1	 , 5	 , -8.0E-5, 
350	 , 53854	 , 1	 , 5	 , -0.00106, 
350	 , 53748	 , 1	 , 5	 , -0.00281, 
350	 , 53454	 , 1	 , 5	 , -0.19367, 
350	 , 53700	 , 0	 , 5	 , -3.0E-5, 
350	 , 53892	 , 0	 , 5	 , -0.00322, 
350	 , 53720	 , 2	 , 5	 , -8.0E-5, 
350	 , 53732	 , 0	 , 5	 , -3.0E-5, 
350	 , 53914	 , 1	 , 5	 , 0.0, 
350	 , 53648	 , 1	 , 5	 , -0.01758, 
350	 , 54176	 , 0	 , 5	 , 0.0, 
350	 , 53920	 , 1	 , 5	 , -0.00392, 
350	 , 53710	 , 0	 , 5	 , -0.00187, 
350	 , 54120	 , 0	 , 5	 , -0.04087, 
350	 , 53870	 , 0	 , 5	 , -4.5E-4, 
350	 , 53676	 , 0	 , 5	 , 0.0, 
400	 , 61320	 , 1	 , 5	 , -0.00168, 
400	 , 61796	 , 0	 , 5	 , -4.0E-5, 
400	 , 61468	 , 1	 , 5	 , -0.00254, 
400	 , 62018	 , 0	 , 5	 , -1.0E-4, 
400	 , 61778	 , 0	 , 5	 , -0.00697, 
400	 , 61500	 , 0	 , 5	 , -0.00169, 
400	 , 61700	 , 1	 , 5	 , -1.6E-4, 
400	 , 61848	 , 2	 , 5	 , -3.0E-5, 
400	 , 61390	 , 0	 , 5	 , -6.1E-4, 
400	 , 62048	 , 1	 , 5	 , -0.02882, 
400	 , 61444	 , 0	 , 5	 , -9.9E-4, 
400	 , 61516	 , 0	 , 5	 , -0.00161, 
400	 , 61596	 , 1	 , 5	 , -4.1E-4, 
400	 , 61118	 , 2	 , 5	 , -0.48686, 
400	 , 61240	 , 0	 , 5	 , -7.4E-4, 
400	 , 61818	 , 0	 , 5	 , -0.01215, 
400	 , 61832	 , 0	 , 5	 , -0.00362, 
400	 , 61518	 , 0	 , 5	 , -2.0E-5, 
400	 , 61798	 , 0	 , 5	 , -6.0E-5, 
400	 , 61390	 , 0	 , 5	 , 0.0, 
400	 , 61352	 , 0	 , 5	 , -3.0E-5, 
400	 , 61580	 , 2	 , 5	 , -0.00562, 
400	 , 61286	 , 0	 , 5	 , 0.0, 
400	 , 61594	 , 0	 , 5	 , -0.00492, 
400	 , 61516	 , 0	 , 5	 , 0.0, 
400	 , 61594	 , 0	 , 5	 , -0.00675, 
400	 , 61804	 , 0	 , 5	 , -0.00127, 
400	 , 61488	 , 0	 , 5	 , -0.00909, 
400	 , 62040	 , 0	 , 5	 , -3.0E-4, 
400	 , 61820	 , 1	 , 5	 , -0.01419, 
400	 , 60798	 , 2	 , 5	 , -0.00181, 
400	 , 61766	 , 0	 , 5	 , -1.0E-4, 
400	 , 61366	 , 1	 , 5	 , -1.0E-5, 
400	 , 60594	 , 1	 , 5	 , -0.0029, 
400	 , 60360	 , 2	 , 5	 , -2.2E-4, 
400	 , 61514	 , 0	 , 5	 , -0.00396, 
400	 , 61234	 , 0	 , 5	 , -0.00168, 
400	 , 61954	 , 1	 , 5	 , -3.0E-5, 
400	 , 61382	 , 0	 , 5	 , -4.0E-5, 
400	 , 61892	 , 0	 , 5	 , 0.0, 
400	 , 61080	 , 2	 , 5	 , -2.4E-4, 
400	 , 61362	 , 2	 , 5	 , -0.00736, 
400	 , 61488	 , 0	 , 5	 , 0.0, 
400	 , 61278	 , 1	 , 5	 , -1.0E-4, 
400	 , 60552	 , 1	 , 5	 , -1.4E-4, 
400	 , 61326	 , 1	 , 5	 , 0.0, 
400	 , 61616	 , 0	 , 5	 , -0.0033, 
400	 , 60554	 , 0	 , 5	 , -0.01473, 
400	 , 61272	 , 0	 , 5	 , -0.04003, 
400	 , 61836	 , 0	 , 5	 , -0.00174, 
400	 , 61834	 , 0	 , 5	 , -1.0E-4, 
400	 , 60998	 , 1	 , 5	 , -7.0E-5, 
400	 , 61278	 , 0	 , 5	 , 0.0, 
400	 , 61572	 , 1	 , 5	 , -0.00383, 
400	 , 61344	 , 1	 , 5	 , 0.0, 
400	 , 61242	 , 0	 , 5	 , -0.00185, 
400	 , 60780	 , 2	 , 5	 , -1.0E-4, 
400	 , 61500	 , 0	 , 5	 , -1.0E-5, 
400	 , 61886	 , 2	 , 5	 , -0.0098, 
400	 , 60598	 , 0	 , 5	 , -4.8E-4, 
400	 , 61602	 , 0	 , 5	 , -8.0E-5, 
400	 , 60834	 , 1	 , 5	 , 0.0, 
400	 , 61868	 , 0	 , 5	 , -1.0E-5, 
400	 , 60812	 , 2	 , 5	 , -0.00175, 
400	 , 61918	 , 0	 , 5	 , 0.0, 
400	 , 61978	 , 0	 , 5	 , -1.0E-5, 
400	 , 61728	 , 1	 , 5	 , -0.0023, 
400	 , 61808	 , 1	 , 5	 , -0.00371, 
400	 , 60712	 , 1	 , 5	 , -0.00139, 
400	 , 61902	 , 1	 , 5	 , -4.1E-4, 
400	 , 60890	 , 0	 , 5	 , 0.0, 
400	 , 61654	 , 2	 , 5	 , -0.04021, 
400	 , 60766	 , 1	 , 5	 , -0.00652, 
400	 , 61802	 , 0	 , 5	 , -1.4E-4, 
400	 , 61290	 , 0	 , 5	 , -0.00183, 
400	 , 61768	 , 0	 , 5	 , -4.7E-4, 
400	 , 62196	 , 1	 , 5	 , -1.8E-4, 
400	 , 61242	 , 0	 , 5	 , -0.00962, 
400	 , 61314	 , 0	 , 5	 , -3.2E-4, 
400	 , 62898	 , 0	 , 5	 , 0.0, 
400	 , 61362	 , 0	 , 5	 , -1.0E-5, 
400	 , 61724	 , 0	 , 5	 , -2.5E-4, 
400	 , 61720	 , 0	 , 5	 , -0.0017, 
400	 , 62262	 , 1	 , 5	 , -0.00641, 
400	 , 61302	 , 0	 , 5	 , -2.0E-4, 
400	 , 61654	 , 1	 , 5	 , 0.0, 
400	 , 61760	 , 0	 , 5	 , 0.0, 
400	 , 61524	 , 1	 , 5	 , -0.00182, 
400	 , 61050	 , 0	 , 5	 , -1.6E-4, 
400	 , 61628	 , 0	 , 5	 , 0.0, 
400	 , 62426	 , 0	 , 5	 , -0.00363, 
400	 , 62106	 , 0	 , 5	 , -0.01229, 
400	 , 61122	 , 1	 , 5	 , -0.0013, 
400	 , 61556	 , 0	 , 5	 , -1.0E-5, 
400	 , 61414	 , 0	 , 5	 , -1.0E-5, 
400	 , 61510	 , 0	 , 5	 , -4.5E-4, 
400	 , 61164	 , 0	 , 5	 , -1.0E-5, 
400	 , 61534	 , 1	 , 5	 , -0.00493, 
400	 , 61506	 , 1	 , 5	 , 0.0, 
400	 , 61908	 , 1	 , 5	 , -0.00404, 
400	 , 60798	 , 2	 , 5	 , 0.0, 
400	 , 61504	 , 0	 , 5	 , -0.00167, 
400	 , 61956	 , 1	 , 5	 , -0.0029, 
400	 , 60890	 , 1	 , 5	 , -0.00102, 
400	 , 61104	 , 2	 , 5	 , -0.00217, 
400	 , 61826	 , 1	 , 5	 , -8.9E-4, 
400	 , 61320	 , 2	 , 5	 , -0.00215, 
400	 , 61340	 , 1	 , 5	 , -4.1E-4, 
400	 , 61392	 , 1	 , 5	 , -0.00186, 
400	 , 61130	 , 1	 , 5	 , 0.0, 
400	 , 61146	 , 0	 , 5	 , -0.00168, 
400	 , 61560	 , 1	 , 5	 , -0.00277, 
400	 , 61426	 , 1	 , 5	 , -1.0E-5, 
400	 , 64320	 , 2	 , 5	 , -8.0E-5, 
400	 , 62174	 , 0	 , 5	 , -4.0E-5, 
400	 , 60946	 , 2	 , 5	 , 0.0, 
400	 , 61290	 , 1	 , 5	 , -0.00169, 
400	 , 60588	 , 0	 , 5	 , -0.00161, 
400	 , 61336	 , 0	 , 5	 , -1.6E-4, 
400	 , 61480	 , 0	 , 5	 , -4.1E-4, 
400	 , 61798	 , 0	 , 5	 , -5.0E-5, 
400	 , 61672	 , 0	 , 5	 , -0.0035, 
400	 , 61316	 , 1	 , 5	 , -4.5E-4, 
400	 , 61042	 , 1	 , 5	 , -0.00181, 
400	 , 61554	 , 1	 , 5	 , -0.00535, 
400	 , 61540	 , 3	 , 5	 , -0.0025, 
400	 , 61736	 , 0	 , 5	 , -0.00286, 
400	 , 61184	 , 0	 , 5	 , -0.14162, 
400	 , 61796	 , 0	 , 5	 , -0.00182, 
400	 , 61462	 , 0	 , 5	 , -5.9E-4, 
400	 , 61854	 , 0	 , 5	 , -7.0E-5, 
400	 , 60848	 , 0	 , 5	 , -0.00251, 
400	 , 61302	 , 0	 , 5	 , -0.00101, 
400	 , 61810	 , 0	 , 5	 , -0.00208, 
400	 , 61500	 , 3	 , 5	 , 0.0, 
400	 , 60916	 , 2	 , 5	 , -0.00393, 
400	 , 61544	 , 1	 , 5	 , 0.0, 
400	 , 60668	 , 1	 , 5	 , -0.0043, 
400	 , 61828	 , 1	 , 5	 , -0.01157, 
400	 , 61606	 , 0	 , 5	 , -3.9E-4, 
400	 , 61080	 , 0	 , 5	 , 0.0, 
400	 , 61564	 , 0	 , 5	 , 0.0, 
400	 , 61584	 , 0	 , 5	 , 0.0, 
400	 , 60846	 , 2	 , 5	 , -0.00165, 
400	 , 61836	 , 0	 , 5	 , -0.00161, 
400	 , 60842	 , 0	 , 5	 , -0.01448, 
400	 , 61688	 , 2	 , 5	 , -4.0E-5, 
400	 , 60958	 , 1	 , 5	 , -0.01002, 
400	 , 61876	 , 0	 , 5	 , -1.0E-5, 
400	 , 60678	 , 2	 , 5	 , -0.00227, 
400	 , 62064	 , 0	 , 5	 , -0.0052, 
400	 , 60910	 , 1	 , 5	 , 0.0, 
400	 , 61816	 , 0	 , 5	 , -0.00228, 
400	 , 61736	 , 0	 , 5	 , 0.0, 
400	 , 61086	 , 1	 , 5	 , -0.00161, 
400	 , 61864	 , 1	 , 5	 , -0.0023, 
400	 , 60654	 , 0	 , 5	 , -0.00208, 
400	 , 61760	 , 0	 , 5	 , -0.00303, 
400	 , 61282	 , 1	 , 5	 , 0.0, 
400	 , 61230	 , 1	 , 5	 , 0.0, 
400	 , 61076	 , 2	 , 5	 , -6.8E-4, 
400	 , 61390	 , 2	 , 5	 , -5.2E-4, 
400	 , 61118	 , 0	 , 5	 , -0.0068, 
400	 , 61166	 , 0	 , 5	 , -3.0E-5, 
400	 , 61678	 , 1	 , 5	 , -6.1E-4, 
400	 , 61176	 , 0	 , 5	 , -1.4E-4, 
400	 , 61452	 , 0	 , 5	 , 0.0, 
400	 , 61678	 , 1	 , 5	 , -1.4E-4, 
400	 , 61232	 , 1	 , 5	 , 0.0, 
400	 , 61982	 , 0	 , 5	 , -0.00825, 
400	 , 61024	 , 0	 , 5	 , -4.0E-4, 
400	 , 60808	 , 1	 , 5	 , -9.5E-4, 
400	 , 61338	 , 1	 , 5	 , -4.4E-4, 
400	 , 61686	 , 0	 , 5	 , -9.0E-5, 
400	 , 61220	 , 2	 , 5	 , 0.0, 
400	 , 61512	 , 0	 , 5	 , -1.2E-4, 
400	 , 61216	 , 1	 , 5	 , -0.09004, 
400	 , 61010	 , 0	 , 5	 , -0.04025, 
400	 , 61014	 , 0	 , 5	 , -0.00165, 
400	 , 61262	 , 2	 , 5	 , 0.0, 
400	 , 61778	 , 2	 , 5	 , -0.00182, 
400	 , 61292	 , 0	 , 5	 , -1.0E-4, 
400	 , 61698	 , 3	 , 5	 , -2.3E-4, 
400	 , 61196	 , 1	 , 5	 , -4.4E-4, 
400	 , 61186	 , 0	 , 5	 , -0.00557, 
400	 , 61472	 , 1	 , 5	 , -0.00363, 
400	 , 61852	 , 1	 , 5	 , -0.00194, 
400	 , 61600	 , 2	 , 5	 , -0.00184, 
400	 , 60788	 , 0	 , 5	 , -1.4E-4, 
400	 , 61100	 , 2	 , 5	 , -0.00452, 
400	 , 60642	 , 2	 , 5	 , -0.00365, 
400	 , 61216	 , 1	 , 5	 , -0.00167, 
400	 , 61370	 , 0	 , 5	 , -0.00167, 
400	 , 62136	 , 1	 , 5	 , -3.0E-5, 
400	 , 60686	 , 2	 , 5	 , -0.04112, 
400	 , 61512	 , 0	 , 5	 , -0.00448, 
400	 , 62250	 , 2	 , 5	 , -0.00272, 
400	 , 61270	 , 0	 , 5	 , 0.0, 
400	 , 61210	 , 1	 , 5	 , -0.00818, 
400	 , 61928	 , 0	 , 5	 , -0.00197, 
400	 , 61218	 , 0	 , 5	 , -0.0035, 
400	 , 61776	 , 0	 , 5	 , -0.00224, 
400	 , 61342	 , 1	 , 5	 , -0.00237, 
400	 , 60990	 , 2	 , 5	 , -5.6E-4, 
400	 , 61452	 , 1	 , 5	 , 0.0, 
400	 , 61896	 , 1	 , 5	 , -0.00479, 
400	 , 61348	 , 1	 , 5	 , -0.04037, 
400	 , 61302	 , 0	 , 5	 , 0.0, 
400	 , 61266	 , 1	 , 5	 , -0.00257, 
400	 , 61864	 , 1	 , 5	 , -0.00165, 
400	 , 61606	 , 0	 , 5	 , -0.1343, 
400	 , 61292	 , 2	 , 5	 , -0.00204, 
400	 , 62442	 , 1	 , 5	 , -0.01749, 
400	 , 61178	 , 1	 , 5	 , -0.01279, 
400	 , 61400	 , 1	 , 5	 , 0.0, 
400	 , 61370	 , 0	 , 5	 , -2.0E-5, 
400	 , 61748	 , 2	 , 5	 , -0.00892, 
400	 , 61462	 , 0	 , 5	 , -6.5E-4, 
400	 , 61932	 , 0	 , 5	 , -0.00272, 
400	 , 61614	 , 2	 , 5	 , -0.00631, 
400	 , 61740	 , 2	 , 5	 , -0.0266, 
400	 , 61342	 , 1	 , 5	 , -0.00515, 
400	 , 60674	 , 2	 , 5	 , -6.5E-4, 
400	 , 61786	 , 1	 , 5	 , 0.0, 
400	 , 61292	 , 2	 , 5	 , -2.0E-5, 
400	 , 61504	 , 0	 , 5	 , -0.00133, 
400	 , 61740	 , 1	 , 5	 , 0.0, 
400	 , 61248	 , 0	 , 5	 , -3.0E-5, 
400	 , 61850	 , 1	 , 5	 , -0.00195, 
400	 , 61338	 , 0	 , 5	 , -0.01149, 
400	 , 61606	 , 2	 , 5	 , -0.00162, 
400	 , 61946	 , 2	 , 5	 , -0.00125, 
400	 , 61942	 , 1	 , 5	 , -2.0E-5, 
400	 , 61746	 , 0	 , 5	 , -1.0E-5, 
400	 , 61462	 , 1	 , 5	 , 0.0, 
400	 , 60912	 , 0	 , 5	 , -3.0E-5, 
400	 , 61778	 , 0	 , 5	 , -0.01131, 
400	 , 61680	 , 0	 , 5	 , -1.9E-4, 
400	 , 61302	 , 0	 , 5	 , -0.00521, 
400	 , 61422	 , 2	 , 5	 , -0.02058, 
400	 , 60994	 , 0	 , 5	 , -0.00746, 
400	 , 61982	 , 3	 , 5	 , -1.0E-4, 
400	 , 61558	 , 1	 , 5	 , -0.00433, 
400	 , 61504	 , 1	 , 5	 , -1.0E-5, 
400	 , 60926	 , 0	 , 5	 , -0.01453, 
400	 , 61490	 , 0	 , 5	 , -0.01858, 
400	 , 61078	 , 1	 , 5	 , -3.9E-4, 
400	 , 61174	 , 1	 , 5	 , -0.01112, 
400	 , 60722	 , 1	 , 5	 , -0.00256, 
400	 , 61472	 , 1	 , 5	 , -0.00187]