[
50	 , 52772	 , 17	 , 24	 , 149.99997, 
50	 , 51360	 , 20	 , 24	 , 50.0, 
50	 , 52738	 , 6	 , 25	 , 50.0, 
50	 , 51418	 , 14	 , 24	 , 149.99998, 
50	 , 52986	 , 17	 , 25	 , 149.99998, 
50	 , 52910	 , 16	 , 26	 , 149.99999, 
50	 , 52446	 , 16	 , 25	 , 50.0, 
50	 , 51806	 , 15	 , 25	 , 149.99994, 
50	 , 52978	 , 18	 , 25	 , 50.0, 
50	 , 51556	 , 14	 , 25	 , 150.0, 
50	 , 51550	 , 15	 , 24	 , 50.0, 
50	 , 52084	 , 9	 , 25	 , 149.99998, 
50	 , 53254	 , 16	 , 26	 , 149.99994, 
50	 , 52476	 , 15	 , 25	 , 50.0, 
50	 , 52704	 , 13	 , 25	 , 50.0, 
50	 , 52126	 , 18	 , 25	 , 150.0, 
50	 , 52294	 , 15	 , 25	 , 50.0, 
50	 , 52214	 , 17	 , 25	 , 50.0, 
50	 , 51750	 , 18	 , 24	 , 50.0, 
50	 , 52338	 , 15	 , 25	 , 50.0, 
50	 , 52100	 , 16	 , 25	 , 50.0, 
50	 , 52140	 , 14	 , 25	 , 50.0, 
50	 , 52510	 , 10	 , 25	 , 50.0, 
50	 , 52026	 , 7	 , 25	 , 50.0, 
50	 , 52082	 , 17	 , 25	 , 150.0, 
50	 , 52858	 , 6	 , 25	 , 50.0, 
50	 , 52328	 , 16	 , 25	 , 50.0, 
50	 , 52478	 , 14	 , 24	 , 149.99998, 
50	 , 52788	 , 10	 , 26	 , 149.99997, 
50	 , 53252	 , 12	 , 26	 , 150.0, 
50	 , 52638	 , 18	 , 24	 , 149.99994, 
50	 , 51446	 , 20	 , 25	 , 149.99998, 
50	 , 51490	 , 2	 , 25	 , 149.99998, 
50	 , 52832	 , 17	 , 25	 , 149.99998, 
50	 , 51658	 , 15	 , 25	 , 150.0, 
50	 , 53358	 , 8	 , 25	 , 50.0, 
50	 , 52160	 , 10	 , 26	 , 150.0, 
50	 , 52942	 , 19	 , 25	 , 50.0, 
50	 , 52988	 , 18	 , 25	 , 150.0, 
50	 , 52032	 , 13	 , 25	 , 50.0, 
50	 , 52408	 , 17	 , 25	 , 50.0, 
50	 , 52180	 , 19	 , 25	 , 50.0, 
50	 , 52526	 , 16	 , 25	 , 149.99998, 
50	 , 53400	 , 17	 , 26	 , 149.99998, 
50	 , 52436	 , 4	 , 25	 , 50.0, 
50	 , 52594	 , 17	 , 26	 , 150.0, 
50	 , 52478	 , 13	 , 25	 , 150.0, 
50	 , 52658	 , 15	 , 25	 , 50.0, 
50	 , 52200	 , 12	 , 25	 , 150.0, 
50	 , 52248	 , 20	 , 25	 , 50.0, 
50	 , 52976	 , 10	 , 25	 , 50.0, 
50	 , 51788	 , 19	 , 25	 , 149.99994, 
50	 , 52784	 , 14	 , 25	 , 50.0, 
50	 , 52782	 , 14	 , 25	 , 149.99975, 
50	 , 51360	 , 15	 , 25	 , 149.99998, 
50	 , 52612	 , 15	 , 25	 , 50.0, 
50	 , 53306	 , 15	 , 25	 , 50.0, 
50	 , 52134	 , 1	 , 25	 , 50.0, 
50	 , 52516	 , 19	 , 25	 , 50.0, 
50	 , 52444	 , 13	 , 26	 , 150.0, 
50	 , 52232	 , 20	 , 25	 , 150.0, 
50	 , 52242	 , 9	 , 25	 , 50.0, 
50	 , 52832	 , 12	 , 25	 , 149.99999, 
50	 , 52282	 , 14	 , 25	 , 50.0, 
50	 , 52106	 , 19	 , 25	 , 50.0, 
50	 , 52642	 , 17	 , 25	 , 149.99998, 
50	 , 52106	 , 18	 , 25	 , 50.0, 
50	 , 52026	 , 6	 , 25	 , 50.0, 
50	 , 52410	 , 18	 , 24	 , 50.0, 
50	 , 52404	 , 15	 , 24	 , 50.0, 
50	 , 51548	 , 4	 , 25	 , 149.99999, 
50	 , 51914	 , 1	 , 25	 , 149.99985, 
50	 , 52446	 , 17	 , 25	 , 150.0, 
50	 , 52566	 , 14	 , 25	 , 50.0, 
50	 , 53618	 , 17	 , 26	 , 150.0, 
50	 , 51984	 , 15	 , 25	 , 150.0, 
50	 , 52590	 , 16	 , 25	 , 50.0, 
50	 , 52390	 , 2	 , 25	 , 150.0, 
50	 , 53128	 , 17	 , 25	 , 50.0, 
50	 , 52220	 , 7	 , 25	 , 50.0, 
50	 , 52628	 , 11	 , 25	 , 50.0, 
50	 , 51664	 , 10	 , 24	 , 50.0, 
50	 , 52476	 , 4	 , 25	 , 50.0, 
50	 , 52420	 , 15	 , 24	 , 50.0, 
50	 , 52752	 , 15	 , 24	 , 50.0, 
50	 , 52236	 , 17	 , 24	 , 150.0, 
50	 , 52140	 , 18	 , 25	 , 50.0, 
50	 , 53228	 , 15	 , 26	 , 150.0, 
50	 , 52684	 , 16	 , 25	 , 149.99998, 
50	 , 52636	 , 16	 , 25	 , 50.0, 
50	 , 52738	 , 17	 , 25	 , 50.0, 
50	 , 51252	 , 18	 , 24	 , 149.99999, 
50	 , 52516	 , 0	 , 25	 , 50.0, 
50	 , 51422	 , 15	 , 24	 , 50.0, 
50	 , 52408	 , 17	 , 25	 , 50.0, 
50	 , 52140	 , 16	 , 25	 , 50.0, 
50	 , 52306	 , 0	 , 25	 , 150.0, 
50	 , 52078	 , 0	 , 25	 , 149.99998, 
50	 , 53630	 , 19	 , 26	 , 149.99998, 
50	 , 53002	 , 4	 , 26	 , 150.0, 
50	 , 52714	 , 15	 , 25	 , 150.0, 
50	 , 52556	 , 16	 , 25	 , 50.0, 
50	 , 52082	 , 16	 , 25	 , 149.99998, 
50	 , 52596	 , 15	 , 25	 , 50.0, 
50	 , 52510	 , 15	 , 25	 , 150.0, 
50	 , 52624	 , 10	 , 25	 , 50.0, 
50	 , 52034	 , 17	 , 25	 , 149.99991, 
50	 , 52026	 , 17	 , 25	 , 50.0, 
50	 , 52180	 , 0	 , 25	 , 50.0, 
50	 , 52544	 , 16	 , 25	 , 150.0, 
50	 , 52738	 , 9	 , 25	 , 50.0, 
50	 , 51374	 , 17	 , 24	 , 50.0, 
50	 , 52498	 , 16	 , 25	 , 150.0, 
50	 , 51208	 , 15	 , 24	 , 50.0, 
50	 , 53206	 , 0	 , 26	 , 150.0, 
50	 , 52236	 , 7	 , 25	 , 50.0, 
50	 , 52412	 , 15	 , 25	 , 49.99952, 
50	 , 52458	 , 16	 , 25	 , 150.0, 
50	 , 52100	 , 16	 , 25	 , 50.0, 
50	 , 52348	 , 3	 , 25	 , 150.0, 
50	 , 52242	 , 10	 , 25	 , 50.0, 
50	 , 52738	 , 9	 , 25	 , 50.0, 
50	 , 52720	 , 8	 , 25	 , 50.0, 
50	 , 51920	 , 1	 , 25	 , 150.0, 
50	 , 51426	 , 17	 , 24	 , 50.0, 
50	 , 52498	 , 18	 , 25	 , 50.0, 
50	 , 52248	 , 16	 , 25	 , 50.0, 
50	 , 52450	 , 15	 , 25	 , 150.0, 
50	 , 51654	 , 6	 , 24	 , 149.99998, 
50	 , 53094	 , 19	 , 25	 , 150.0, 
50	 , 53252	 , 14	 , 24	 , 150.0, 
50	 , 52960	 , 13	 , 25	 , 50.0, 
50	 , 52482	 , 15	 , 25	 , 150.0, 
50	 , 52100	 , 14	 , 25	 , 50.0, 
50	 , 53238	 , 18	 , 25	 , 149.99994, 
50	 , 51664	 , 15	 , 25	 , 149.99998, 
50	 , 51238	 , 16	 , 24	 , 50.0, 
50	 , 51320	 , 13	 , 24	 , 149.99998, 
50	 , 52500	 , 12	 , 26	 , 150.0, 
50	 , 52180	 , 17	 , 25	 , 50.0, 
50	 , 52862	 , 15	 , 25	 , 50.0, 
50	 , 52106	 , 6	 , 25	 , 50.0, 
50	 , 52516	 , 19	 , 25	 , 150.0, 
50	 , 51590	 , 16	 , 24	 , 150.0, 
50	 , 51704	 , 3	 , 25	 , 149.99997, 
50	 , 52584	 , 15	 , 25	 , 50.0, 
50	 , 52698	 , 18	 , 25	 , 50.0, 
50	 , 51488	 , 2	 , 25	 , 150.0, 
50	 , 53346	 , 12	 , 26	 , 149.99999, 
50	 , 53016	 , 16	 , 25	 , 50.0, 
50	 , 52556	 , 9	 , 25	 , 50.0, 
50	 , 51212	 , 17	 , 24	 , 50.0, 
50	 , 51618	 , 2	 , 25	 , 149.99996, 
50	 , 51432	 , 0	 , 24	 , 149.99997, 
50	 , 52206	 , 16	 , 25	 , 149.99968, 
50	 , 51968	 , 20	 , 25	 , 149.99998, 
50	 , 52020	 , 19	 , 25	 , 50.0, 
50	 , 52154	 , 2	 , 25	 , 150.0, 
50	 , 52020	 , 17	 , 25	 , 50.0, 
50	 , 52054	 , 17	 , 25	 , 50.0, 
50	 , 53370	 , 17	 , 24	 , 149.99999, 
50	 , 51346	 , 14	 , 25	 , 150.0, 
50	 , 52102	 , 17	 , 25	 , 149.99999, 
50	 , 52184	 , 8	 , 24	 , 149.99998, 
50	 , 53010	 , 12	 , 26	 , 150.0, 
50	 , 52548	 , 15	 , 25	 , 50.0, 
50	 , 52210	 , 18	 , 25	 , 149.99998, 
50	 , 52180	 , 11	 , 25	 , 50.0, 
50	 , 52302	 , 14	 , 26	 , 150.0, 
50	 , 52208	 , 17	 , 25	 , 50.0, 
50	 , 52032	 , 17	 , 25	 , 50.0, 
50	 , 52400	 , 17	 , 25	 , 149.99998, 
50	 , 52862	 , 15	 , 25	 , 150.0, 
50	 , 52544	 , 16	 , 25	 , 50.0, 
50	 , 52174	 , 16	 , 25	 , 50.0, 
50	 , 52524	 , 18	 , 25	 , 150.0, 
50	 , 52208	 , 12	 , 25	 , 50.0, 
50	 , 52180	 , 19	 , 25	 , 50.0, 
50	 , 52448	 , 5	 , 25	 , 149.99998, 
50	 , 52396	 , 8	 , 25	 , 50.0, 
50	 , 51468	 , 5	 , 24	 , 150.0, 
50	 , 52322	 , 1	 , 25	 , 150.0, 
50	 , 52026	 , 5	 , 25	 , 50.0, 
50	 , 52350	 , 18	 , 25	 , 50.0, 
50	 , 52544	 , 16	 , 25	 , 50.0, 
50	 , 51776	 , 18	 , 25	 , 149.99998, 
50	 , 52818	 , 18	 , 25	 , 150.0, 
50	 , 51828	 , 13	 , 25	 , 149.99994, 
50	 , 51912	 , 18	 , 25	 , 150.0, 
50	 , 51908	 , 17	 , 24	 , 150.0, 
50	 , 52026	 , 5	 , 25	 , 50.0, 
50	 , 53094	 , 18	 , 26	 , 150.0, 
50	 , 51838	 , 13	 , 25	 , 150.0, 
50	 , 51550	 , 12	 , 24	 , 150.0, 
50	 , 51818	 , 7	 , 25	 , 149.99999, 
50	 , 52180	 , 16	 , 25	 , 50.0, 
50	 , 52026	 , 15	 , 25	 , 50.0, 
50	 , 52094	 , 21	 , 25	 , 150.0, 
50	 , 52624	 , 15	 , 25	 , 50.0, 
50	 , 52916	 , 19	 , 26	 , 149.99998, 
50	 , 52676	 , 0	 , 25	 , 149.99997, 
50	 , 52368	 , 6	 , 25	 , 50.0, 
50	 , 51376	 , 14	 , 25	 , 149.99998, 
50	 , 52156	 , 9	 , 25	 , 50.0, 
50	 , 53006	 , 16	 , 25	 , 50.0, 
50	 , 52066	 , 18	 , 25	 , 50.0, 
50	 , 52482	 , 16	 , 25	 , 50.0, 
50	 , 51362	 , 11	 , 24	 , 149.99998, 
50	 , 51210	 , 17	 , 24	 , 150.0, 
50	 , 52032	 , 16	 , 25	 , 50.0, 
50	 , 53302	 , 17	 , 25	 , 150.0, 
50	 , 52180	 , 18	 , 25	 , 50.0, 
50	 , 52652	 , 18	 , 25	 , 50.0, 
50	 , 52208	 , 15	 , 25	 , 50.0, 
50	 , 52700	 , 15	 , 25	 , 149.99998, 
50	 , 52540	 , 11	 , 24	 , 50.0, 
50	 , 52630	 , 16	 , 25	 , 50.0, 
50	 , 52496	 , 15	 , 23	 , 149.99994, 
50	 , 52100	 , 15	 , 25	 , 50.0, 
50	 , 52242	 , 10	 , 25	 , 50.0, 
50	 , 52208	 , 14	 , 25	 , 50.0, 
50	 , 52102	 , 15	 , 25	 , 149.99999, 
50	 , 52020	 , 18	 , 25	 , 50.0, 
50	 , 51226	 , 10	 , 25	 , 150.0, 
50	 , 52670	 , 18	 , 25	 , 150.0, 
50	 , 52286	 , 17	 , 25	 , 149.99998, 
50	 , 51952	 , 18	 , 25	 , 150.0, 
50	 , 51534	 , 7	 , 25	 , 149.99998, 
50	 , 53084	 , 16	 , 25	 , 50.0, 
50	 , 52384	 , 9	 , 25	 , 50.0, 
50	 , 52140	 , 14	 , 25	 , 50.0, 
50	 , 52172	 , 18	 , 25	 , 149.99998, 
50	 , 51976	 , 0	 , 25	 , 149.33908, 
50	 , 52470	 , 20	 , 25	 , 150.0, 
50	 , 52786	 , 15	 , 25	 , 150.0, 
50	 , 51444	 , 2	 , 25	 , 150.0, 
50	 , 51458	 , 16	 , 25	 , 149.99998, 
50	 , 53100	 , 15	 , 26	 , 150.0, 
50	 , 52236	 , 0	 , 25	 , 150.0, 
50	 , 52772	 , 16	 , 25	 , 149.99998, 
50	 , 51996	 , 18	 , 25	 , 150.0, 
50	 , 52126	 , 7	 , 25	 , 150.0, 
50	 , 52612	 , 0	 , 25	 , 149.99994, 
50	 , 53330	 , 10	 , 26	 , 149.99998, 
50	 , 52580	 , 16	 , 25	 , 149.99998, 
50	 , 51688	 , 15	 , 25	 , 149.99998, 
50	 , 52344	 , 2	 , 25	 , 50.0, 
50	 , 51686	 , 17	 , 24	 , 149.99998, 
50	 , 52550	 , 1	 , 25	 , 50.0, 
50	 , 52140	 , 17	 , 25	 , 50.0, 
100	 , 55926	 , 6	 , 14	 , 149.99998, 
100	 , 52130	 , 7	 , 13	 , 149.99991, 
100	 , 53086	 , 7	 , 13	 , 149.99998, 
100	 , 55818	 , 7	 , 14	 , 149.99998, 
100	 , 56644	 , 7	 , 14	 , 150.0, 
100	 , 55600	 , 3	 , 14	 , 149.99998, 
100	 , 51804	 , 8	 , 13	 , 150.0, 
100	 , 51440	 , 6	 , 13	 , 149.99994, 
100	 , 52910	 , 6	 , 13	 , 50.0, 
100	 , 55624	 , 8	 , 14	 , 149.99999, 
100	 , 53144	 , 6	 , 13	 , 50.0, 
100	 , 55650	 , 6	 , 14	 , 150.0, 
100	 , 51770	 , 8	 , 13	 , 149.99991, 
100	 , 53000	 , 7	 , 13	 , 50.0, 
100	 , 51868	 , 7	 , 13	 , 149.99998, 
100	 , 55386	 , 7	 , 14	 , 150.0, 
100	 , 52864	 , 5	 , 13	 , 50.0, 
100	 , 54230	 , 6	 , 14	 , 150.0, 
100	 , 54986	 , 5	 , 14	 , 150.0, 
100	 , 55398	 , 7	 , 13	 , 150.0, 
100	 , 52188	 , 9	 , 13	 , 150.0, 
100	 , 52824	 , 8	 , 13	 , 50.0, 
100	 , 55274	 , 6	 , 14	 , 150.0, 
100	 , 51410	 , 5	 , 13	 , 150.0, 
100	 , 52078	 , 7	 , 13	 , 150.0, 
100	 , 52254	 , 7	 , 13	 , 150.0, 
100	 , 55056	 , 5	 , 14	 , 149.99998, 
100	 , 51648	 , 6	 , 13	 , 149.99994, 
100	 , 55658	 , 7	 , 14	 , 149.99998, 
100	 , 54938	 , 8	 , 14	 , 150.0, 
100	 , 53148	 , 6	 , 13	 , 50.0, 
100	 , 53760	 , 4	 , 14	 , 150.0, 
100	 , 55126	 , 6	 , 14	 , 149.99997, 
100	 , 53144	 , 9	 , 13	 , 50.0, 
100	 , 52944	 , 8	 , 13	 , 50.0, 
100	 , 51968	 , 3	 , 13	 , 149.99999, 
100	 , 53098	 , 8	 , 13	 , 50.0, 
100	 , 55586	 , 6	 , 14	 , 150.0, 
100	 , 53318	 , 8	 , 13	 , 50.0, 
100	 , 54570	 , 5	 , 14	 , 150.0, 
100	 , 52426	 , 7	 , 13	 , 149.99998, 
100	 , 55442	 , 6	 , 14	 , 150.0, 
100	 , 52850	 , 7	 , 13	 , 150.0, 
100	 , 51642	 , 7	 , 13	 , 150.0, 
100	 , 52836	 , 6	 , 13	 , 50.0, 
100	 , 52950	 , 8	 , 13	 , 50.0, 
100	 , 52916	 , 6	 , 13	 , 50.0, 
100	 , 55158	 , 8	 , 14	 , 149.99998, 
100	 , 52836	 , 5	 , 13	 , 50.0, 
100	 , 52160	 , 8	 , 13	 , 149.99994, 
100	 , 55826	 , 6	 , 14	 , 150.0, 
100	 , 53620	 , 8	 , 13	 , 50.0, 
100	 , 52956	 , 7	 , 13	 , 50.0, 
100	 , 51790	 , 5	 , 13	 , 149.99998, 
100	 , 51264	 , 0	 , 13	 , 150.0, 
100	 , 53902	 , 6	 , 14	 , 149.99985, 
100	 , 52178	 , 6	 , 13	 , 149.99994, 
100	 , 52380	 , 9	 , 13	 , 150.0, 
100	 , 51286	 , 8	 , 13	 , 149.99998, 
100	 , 53654	 , 7	 , 13	 , 50.0, 
100	 , 52240	 , 7	 , 13	 , 149.99991, 
100	 , 52870	 , 5	 , 13	 , 50.0, 
100	 , 55234	 , 9	 , 14	 , 150.0, 
100	 , 52438	 , 7	 , 13	 , 150.0, 
100	 , 52516	 , 9	 , 13	 , 149.99998, 
100	 , 55034	 , 6	 , 14	 , 149.99998, 
100	 , 51962	 , 6	 , 13	 , 149.99998, 
100	 , 53030	 , 8	 , 13	 , 50.0, 
100	 , 53030	 , 8	 , 13	 , 50.0, 
100	 , 51266	 , 5	 , 13	 , 150.0, 
100	 , 51936	 , 8	 , 13	 , 149.99998, 
100	 , 51240	 , 2	 , 13	 , 149.99998, 
100	 , 56406	 , 7	 , 14	 , 150.0, 
100	 , 53330	 , 8	 , 13	 , 50.0, 
100	 , 52894	 , 6	 , 13	 , 150.0, 
100	 , 52836	 , 8	 , 13	 , 50.0, 
100	 , 51376	 , 7	 , 13	 , 150.0, 
100	 , 51226	 , 5	 , 13	 , 150.0, 
100	 , 52830	 , 6	 , 13	 , 50.0, 
100	 , 55054	 , 7	 , 14	 , 149.99999, 
100	 , 55276	 , 9	 , 14	 , 150.0, 
100	 , 51266	 , 6	 , 13	 , 149.99999, 
100	 , 52830	 , 8	 , 13	 , 50.0, 
100	 , 53292	 , 8	 , 13	 , 50.0, 
100	 , 51370	 , 6	 , 13	 , 149.99998, 
100	 , 52836	 , 6	 , 13	 , 50.0, 
100	 , 51256	 , 5	 , 13	 , 150.0, 
100	 , 51308	 , 7	 , 13	 , 150.0, 
100	 , 52836	 , 7	 , 13	 , 50.0, 
100	 , 51534	 , 6	 , 13	 , 150.0, 
100	 , 52452	 , 6	 , 13	 , 149.99994, 
100	 , 52876	 , 2	 , 13	 , 50.0, 
100	 , 52876	 , 6	 , 13	 , 50.0, 
100	 , 54588	 , 9	 , 14	 , 149.99999, 
100	 , 52910	 , 6	 , 13	 , 50.0, 
100	 , 52836	 , 6	 , 13	 , 50.0, 
100	 , 51286	 , 5	 , 13	 , 150.0, 
100	 , 52978	 , 3	 , 13	 , 50.0, 
100	 , 52836	 , 6	 , 13	 , 50.0, 
100	 , 52830	 , 6	 , 13	 , 50.0, 
100	 , 54654	 , 8	 , 14	 , 149.99998, 
100	 , 51816	 , 7	 , 13	 , 149.99997, 
100	 , 51578	 , 5	 , 13	 , 150.0, 
100	 , 51482	 , 3	 , 13	 , 150.0, 
100	 , 51490	 , 7	 , 13	 , 150.0, 
100	 , 51992	 , 7	 , 13	 , 149.99996, 
100	 , 52836	 , 6	 , 13	 , 50.0, 
100	 , 52030	 , 6	 , 13	 , 149.99999, 
100	 , 55392	 , 7	 , 14	 , 150.0, 
100	 , 53982	 , 7	 , 13	 , 50.0, 
100	 , 54068	 , 5	 , 13	 , 149.9996, 
100	 , 53012	 , 7	 , 13	 , 50.0, 
100	 , 54516	 , 5	 , 14	 , 150.0, 
100	 , 52300	 , 7	 , 13	 , 149.99998, 
100	 , 51892	 , 9	 , 13	 , 149.99999, 
100	 , 55508	 , 5	 , 14	 , 150.0, 
100	 , 55538	 , 7	 , 14	 , 150.0, 
100	 , 52858	 , 4	 , 13	 , 50.0, 
100	 , 52754	 , 0	 , 13	 , 150.0, 
100	 , 51936	 , 4	 , 13	 , 149.99985, 
100	 , 55484	 , 6	 , 14	 , 150.0, 
100	 , 52032	 , 8	 , 13	 , 150.0, 
100	 , 56806	 , 7	 , 14	 , 150.0, 
100	 , 52014	 , 6	 , 13	 , 150.0, 
100	 , 51336	 , 7	 , 13	 , 149.99998, 
100	 , 56096	 , 7	 , 14	 , 149.99998, 
100	 , 51296	 , 5	 , 13	 , 150.0, 
100	 , 52870	 , 8	 , 13	 , 50.0, 
100	 , 52938	 , 8	 , 13	 , 150.0, 
100	 , 52864	 , 8	 , 13	 , 50.0, 
100	 , 52154	 , 6	 , 13	 , 150.0, 
100	 , 55736	 , 5	 , 14	 , 150.0, 
100	 , 55526	 , 2	 , 14	 , 149.99997, 
100	 , 55476	 , 3	 , 14	 , 149.99998, 
100	 , 51420	 , 4	 , 13	 , 149.99998, 
100	 , 54176	 , 7	 , 13	 , 50.0, 
100	 , 52824	 , 9	 , 13	 , 50.0, 
100	 , 52000	 , 7	 , 13	 , 150.0, 
100	 , 54300	 , 5	 , 14	 , 150.0, 
100	 , 55180	 , 7	 , 14	 , 149.99998, 
100	 , 52366	 , 7	 , 13	 , 149.99999, 
100	 , 51364	 , 8	 , 13	 , 150.0, 
100	 , 51340	 , 7	 , 13	 , 150.0, 
100	 , 55164	 , 4	 , 14	 , 150.0, 
100	 , 54656	 , 8	 , 14	 , 149.99968, 
100	 , 51308	 , 7	 , 13	 , 149.99998, 
100	 , 52978	 , 9	 , 13	 , 149.99998, 
100	 , 54622	 , 7	 , 13	 , 150.0, 
100	 , 54678	 , 6	 , 14	 , 149.99986, 
100	 , 53178	 , 7	 , 13	 , 50.0, 
100	 , 51702	 , 6	 , 13	 , 150.0, 
100	 , 52836	 , 7	 , 13	 , 50.0, 
100	 , 51852	 , 5	 , 13	 , 149.99998, 
100	 , 53574	 , 8	 , 13	 , 150.0, 
100	 , 55782	 , 7	 , 14	 , 150.0, 
100	 , 54958	 , 2	 , 14	 , 149.99999, 
100	 , 52898	 , 9	 , 13	 , 50.0, 
100	 , 55358	 , 6	 , 14	 , 150.0, 
100	 , 51404	 , 4	 , 13	 , 149.99998, 
100	 , 55036	 , 7	 , 14	 , 150.0, 
100	 , 54644	 , 4	 , 14	 , 149.99998, 
100	 , 52724	 , 7	 , 13	 , 150.0, 
100	 , 51968	 , 7	 , 13	 , 150.0, 
100	 , 53632	 , 1	 , 14	 , 150.0, 
100	 , 52942	 , 8	 , 13	 , 150.0, 
100	 , 53304	 , 8	 , 13	 , 150.0, 
100	 , 52836	 , 7	 , 13	 , 50.0, 
100	 , 52040	 , 5	 , 13	 , 149.99998, 
100	 , 51220	 , 5	 , 13	 , 150.0, 
100	 , 52734	 , 6	 , 13	 , 149.99999, 
100	 , 52480	 , 7	 , 13	 , 149.99998, 
100	 , 54922	 , 7	 , 14	 , 150.0, 
100	 , 52972	 , 7	 , 13	 , 50.0, 
100	 , 51768	 , 8	 , 13	 , 149.99994, 
100	 , 52830	 , 7	 , 13	 , 50.0, 
100	 , 51348	 , 6	 , 13	 , 150.0, 
100	 , 52156	 , 7	 , 13	 , 150.0, 
100	 , 53222	 , 7	 , 13	 , 150.0, 
100	 , 53084	 , 7	 , 13	 , 150.0, 
100	 , 52944	 , 6	 , 13	 , 50.0, 
100	 , 51752	 , 3	 , 13	 , 149.99999, 
100	 , 51462	 , 7	 , 13	 , 150.0, 
100	 , 52004	 , 0	 , 13	 , 150.0, 
100	 , 54968	 , 6	 , 13	 , 50.0, 
100	 , 51740	 , 4	 , 13	 , 149.99999, 
100	 , 52916	 , 9	 , 13	 , 50.0, 
100	 , 51390	 , 8	 , 13	 , 150.0, 
100	 , 52362	 , 7	 , 13	 , 150.0, 
100	 , 51976	 , 5	 , 13	 , 149.99998, 
100	 , 52836	 , 7	 , 13	 , 50.0, 
100	 , 51636	 , 7	 , 13	 , 149.99994, 
100	 , 51246	 , 5	 , 13	 , 149.99999, 
100	 , 55496	 , 6	 , 14	 , 149.99998, 
100	 , 53978	 , 6	 , 13	 , 149.99985, 
100	 , 52830	 , 7	 , 13	 , 50.0, 
100	 , 52830	 , 5	 , 13	 , 50.0, 
100	 , 55672	 , 7	 , 14	 , 150.0, 
100	 , 54960	 , 4	 , 14	 , 149.99998, 
100	 , 55656	 , 5	 , 14	 , 150.0, 
100	 , 51486	 , 7	 , 13	 , 149.99999, 
100	 , 54676	 , 6	 , 14	 , 150.0, 
100	 , 55018	 , 5	 , 14	 , 150.0, 
100	 , 52950	 , 5	 , 13	 , 50.0, 
100	 , 53110	 , 8	 , 13	 , 149.99998, 
100	 , 52124	 , 7	 , 13	 , 149.99998, 
100	 , 55020	 , 1	 , 14	 , 150.0, 
100	 , 52870	 , 5	 , 13	 , 50.0, 
100	 , 51778	 , 8	 , 13	 , 150.0, 
100	 , 51482	 , 7	 , 13	 , 149.99998, 
100	 , 54468	 , 8	 , 13	 , 50.0, 
100	 , 51488	 , 6	 , 13	 , 150.0, 
100	 , 51542	 , 4	 , 13	 , 150.0, 
100	 , 51476	 , 6	 , 13	 , 150.0, 
100	 , 52078	 , 8	 , 13	 , 149.99998, 
100	 , 53184	 , 2	 , 14	 , 150.0, 
100	 , 55432	 , 7	 , 14	 , 149.99998, 
100	 , 52836	 , 7	 , 13	 , 50.0, 
100	 , 51910	 , 7	 , 13	 , 149.99989, 
100	 , 55504	 , 4	 , 14	 , 150.0, 
100	 , 51480	 , 7	 , 13	 , 149.99998, 
100	 , 53282	 , 7	 , 13	 , 150.0, 
100	 , 55648	 , 5	 , 14	 , 150.0, 
100	 , 51216	 , 7	 , 13	 , 150.0, 
100	 , 54874	 , 8	 , 14	 , 149.99998, 
100	 , 54848	 , 5	 , 14	 , 150.0, 
100	 , 52818	 , 0	 , 13	 , 50.0, 
100	 , 51556	 , 6	 , 13	 , 149.99997, 
100	 , 51266	 , 4	 , 13	 , 149.99991, 
100	 , 51428	 , 5	 , 13	 , 150.0, 
100	 , 52234	 , 7	 , 13	 , 150.0, 
100	 , 53432	 , 8	 , 13	 , 50.0, 
100	 , 53956	 , 8	 , 13	 , 50.0, 
100	 , 51532	 , 2	 , 13	 , 149.99998, 
100	 , 52876	 , 7	 , 13	 , 50.0, 
100	 , 53604	 , 7	 , 13	 , 50.0, 
100	 , 52078	 , 7	 , 13	 , 149.99998, 
100	 , 55366	 , 4	 , 14	 , 149.99999, 
100	 , 52910	 , 7	 , 13	 , 50.0, 
100	 , 54980	 , 8	 , 14	 , 149.99999, 
100	 , 55564	 , 8	 , 14	 , 149.99998, 
100	 , 51844	 , 7	 , 13	 , 149.99998, 
100	 , 53702	 , 7	 , 13	 , 50.0, 
100	 , 55810	 , 5	 , 14	 , 150.0, 
100	 , 53058	 , 9	 , 13	 , 50.0, 
100	 , 52156	 , 8	 , 13	 , 149.99999, 
100	 , 52534	 , 8	 , 13	 , 150.0, 
100	 , 52910	 , 7	 , 13	 , 50.0, 
100	 , 54824	 , 7	 , 14	 , 150.0, 
100	 , 51330	 , 6	 , 13	 , 150.0, 
100	 , 51422	 , 7	 , 13	 , 150.0, 
150	 , 56228	 , 3	 , 10	 , 149.99998, 
150	 , 56448	 , 5	 , 10	 , 150.0, 
150	 , 57270	 , 5	 , 10	 , 150.0, 
150	 , 56350	 , 3	 , 10	 , 150.0, 
150	 , 52526	 , 2	 , 9	 , 50.0, 
150	 , 52532	 , 3	 , 9	 , 50.0, 
150	 , 52538	 , 5	 , 9	 , 50.0, 
150	 , 56782	 , 5	 , 10	 , 149.99994, 
150	 , 57804	 , 4	 , 10	 , 149.99998, 
150	 , 56248	 , 5	 , 10	 , 149.99999, 
150	 , 57818	 , 4	 , 10	 , 150.0, 
150	 , 52532	 , 3	 , 9	 , 50.0, 
150	 , 54288	 , 5	 , 9	 , 150.0, 
150	 , 57424	 , 4	 , 10	 , 149.99998, 
150	 , 57118	 , 4	 , 10	 , 150.0, 
150	 , 56398	 , 0	 , 10	 , 149.99991, 
150	 , 55998	 , 3	 , 10	 , 150.0, 
150	 , 55022	 , 4	 , 10	 , 149.99998, 
150	 , 56802	 , 4	 , 10	 , 150.0, 
150	 , 57090	 , 3	 , 10	 , 150.0, 
150	 , 55514	 , 3	 , 10	 , 149.99994, 
150	 , 52520	 , 4	 , 9	 , 50.0, 
150	 , 56604	 , 3	 , 10	 , 150.0, 
150	 , 56474	 , 4	 , 10	 , 150.0, 
150	 , 55052	 , 3	 , 10	 , 150.0, 
150	 , 56362	 , 4	 , 10	 , 149.99998, 
150	 , 51318	 , 3	 , 9	 , 149.99998, 
150	 , 52526	 , 2	 , 9	 , 50.0, 
150	 , 52538	 , 4	 , 9	 , 50.0, 
150	 , 57238	 , 5	 , 10	 , 149.99998, 
150	 , 57628	 , 3	 , 10	 , 150.0, 
150	 , 52606	 , 5	 , 9	 , 50.0, 
150	 , 52686	 , 3	 , 9	 , 50.0, 
150	 , 52538	 , 4	 , 9	 , 50.0, 
150	 , 57464	 , 3	 , 10	 , 150.0, 
150	 , 56336	 , 5	 , 10	 , 149.99996, 
150	 , 56600	 , 4	 , 10	 , 150.0, 
150	 , 52532	 , 3	 , 9	 , 50.0, 
150	 , 52526	 , 4	 , 9	 , 50.0, 
150	 , 57282	 , 6	 , 10	 , 149.99998, 
150	 , 57792	 , 5	 , 10	 , 149.99998, 
150	 , 57598	 , 4	 , 10	 , 149.99998, 
150	 , 56444	 , 3	 , 10	 , 149.99999, 
150	 , 56870	 , 2	 , 10	 , 150.0, 
150	 , 56688	 , 4	 , 10	 , 149.99997, 
150	 , 56762	 , 2	 , 10	 , 150.0, 
150	 , 57316	 , 4	 , 10	 , 150.0, 
150	 , 52532	 , 3	 , 9	 , 50.0, 
150	 , 52538	 , 3	 , 9	 , 50.0, 
150	 , 57362	 , 1	 , 10	 , 150.0, 
150	 , 56860	 , 2	 , 10	 , 150.0, 
150	 , 56954	 , 3	 , 10	 , 150.0, 
150	 , 56904	 , 2	 , 10	 , 149.99999, 
150	 , 57352	 , 4	 , 10	 , 149.99999, 
150	 , 52606	 , 3	 , 9	 , 50.0, 
150	 , 56952	 , 3	 , 10	 , 150.0, 
150	 , 52538	 , 4	 , 9	 , 50.0, 
150	 , 57198	 , 2	 , 10	 , 149.99999, 
150	 , 57734	 , 4	 , 10	 , 149.99998, 
150	 , 57106	 , 5	 , 10	 , 150.0, 
150	 , 56576	 , 4	 , 10	 , 150.0, 
150	 , 52538	 , 3	 , 9	 , 50.0, 
150	 , 56652	 , 3	 , 10	 , 150.0, 
150	 , 56794	 , 3	 , 10	 , 149.99999, 
150	 , 51250	 , 2	 , 9	 , 150.0, 
150	 , 57582	 , 5	 , 10	 , 150.0, 
150	 , 57778	 , 3	 , 10	 , 150.0, 
150	 , 57842	 , 3	 , 10	 , 149.99991, 
150	 , 56932	 , 4	 , 10	 , 149.99999, 
150	 , 57458	 , 5	 , 10	 , 150.0, 
150	 , 52538	 , 4	 , 9	 , 50.0, 
150	 , 55612	 , 4	 , 10	 , 150.0, 
150	 , 51246	 , 3	 , 9	 , 149.99998, 
150	 , 51580	 , 3	 , 9	 , 149.99998, 
150	 , 56592	 , 2	 , 10	 , 150.0, 
150	 , 55664	 , 2	 , 10	 , 150.0, 
150	 , 52538	 , 4	 , 9	 , 50.0, 
150	 , 52532	 , 5	 , 9	 , 50.0, 
150	 , 56698	 , 4	 , 10	 , 149.99999, 
150	 , 56520	 , 5	 , 10	 , 149.9998, 
150	 , 56768	 , 5	 , 10	 , 150.0, 
150	 , 52606	 , 3	 , 9	 , 50.0, 
150	 , 57698	 , 2	 , 10	 , 149.99998, 
150	 , 55488	 , 4	 , 10	 , 150.0, 
150	 , 57304	 , 4	 , 10	 , 149.99999, 
150	 , 56984	 , 4	 , 10	 , 150.0, 
150	 , 57928	 , 4	 , 10	 , 149.99994, 
150	 , 57018	 , 0	 , 10	 , 150.0, 
150	 , 52532	 , 4	 , 9	 , 50.0, 
150	 , 56126	 , 5	 , 10	 , 149.99998, 
150	 , 55654	 , 4	 , 10	 , 149.99998, 
150	 , 56494	 , 2	 , 10	 , 149.99994, 
150	 , 52538	 , 4	 , 9	 , 50.0, 
150	 , 55676	 , 2	 , 10	 , 150.0, 
150	 , 56874	 , 4	 , 10	 , 149.99998, 
150	 , 57800	 , 4	 , 10	 , 150.0, 
150	 , 57400	 , 1	 , 10	 , 150.0, 
150	 , 55612	 , 1	 , 10	 , 150.0, 
150	 , 57708	 , 5	 , 10	 , 150.0, 
150	 , 52526	 , 2	 , 9	 , 50.0, 
150	 , 52606	 , 2	 , 9	 , 50.0, 
150	 , 57338	 , 5	 , 10	 , 149.99998, 
150	 , 57768	 , 6	 , 10	 , 150.0, 
150	 , 56630	 , 0	 , 10	 , 149.99994, 
150	 , 57118	 , 3	 , 10	 , 150.0, 
150	 , 57834	 , 5	 , 10	 , 150.0, 
150	 , 56090	 , 5	 , 10	 , 150.0, 
150	 , 56560	 , 4	 , 10	 , 150.0, 
150	 , 56702	 , 3	 , 10	 , 149.99998, 
150	 , 57024	 , 4	 , 10	 , 149.99999, 
150	 , 52612	 , 3	 , 9	 , 50.0, 
150	 , 52526	 , 3	 , 9	 , 50.0, 
150	 , 52532	 , 4	 , 9	 , 50.0, 
150	 , 51348	 , 4	 , 9	 , 149.99999, 
150	 , 52532	 , 4	 , 9	 , 50.0, 
150	 , 57952	 , 3	 , 10	 , 149.99994, 
150	 , 51268	 , 3	 , 9	 , 149.99998, 
150	 , 56818	 , 3	 , 10	 , 150.0, 
150	 , 51274	 , 3	 , 9	 , 149.99999, 
150	 , 56512	 , 4	 , 10	 , 149.99998, 
150	 , 57396	 , 4	 , 10	 , 149.99999, 
150	 , 52526	 , 5	 , 9	 , 50.0, 
150	 , 56224	 , 1	 , 10	 , 150.0, 
150	 , 56016	 , 3	 , 10	 , 150.0, 
150	 , 57076	 , 5	 , 10	 , 149.99998, 
150	 , 57270	 , 4	 , 10	 , 149.99999, 
150	 , 56748	 , 1	 , 10	 , 149.99996, 
150	 , 55688	 , 3	 , 10	 , 150.0, 
150	 , 58218	 , 5	 , 10	 , 149.99998, 
150	 , 52538	 , 4	 , 9	 , 50.0, 
150	 , 55992	 , 2	 , 10	 , 149.99998, 
150	 , 56826	 , 4	 , 10	 , 149.99998, 
150	 , 56028	 , 2	 , 10	 , 149.99997, 
150	 , 56600	 , 2	 , 10	 , 149.99968, 
150	 , 56592	 , 3	 , 10	 , 150.0, 
150	 , 57414	 , 4	 , 10	 , 149.99998, 
150	 , 56266	 , 4	 , 10	 , 150.0, 
150	 , 56832	 , 4	 , 10	 , 150.0, 
150	 , 56442	 , 1	 , 10	 , 150.0, 
150	 , 55804	 , 3	 , 10	 , 150.0, 
150	 , 57282	 , 2	 , 10	 , 149.99999, 
150	 , 57688	 , 4	 , 10	 , 149.99999, 
150	 , 52816	 , 5	 , 9	 , 50.0, 
150	 , 57572	 , 0	 , 10	 , 149.99994, 
150	 , 52986	 , 5	 , 9	 , 50.0, 
150	 , 57020	 , 4	 , 10	 , 149.99999, 
150	 , 52532	 , 3	 , 9	 , 50.0, 
150	 , 57484	 , 4	 , 10	 , 149.99998, 
150	 , 57042	 , 3	 , 10	 , 150.0, 
150	 , 52612	 , 3	 , 9	 , 50.0, 
150	 , 54064	 , 2	 , 10	 , 149.9996, 
150	 , 52520	 , 2	 , 9	 , 50.0, 
150	 , 56620	 , 1	 , 10	 , 149.99999, 
150	 , 51458	 , 4	 , 9	 , 150.0, 
150	 , 52520	 , 3	 , 9	 , 50.0, 
150	 , 52526	 , 4	 , 9	 , 50.0, 
150	 , 57710	 , 1	 , 10	 , 150.0, 
150	 , 57074	 , 4	 , 10	 , 150.0, 
150	 , 56360	 , 2	 , 10	 , 149.99998, 
150	 , 57244	 , 3	 , 10	 , 149.99999, 
150	 , 54014	 , 3	 , 10	 , 149.99998, 
150	 , 55308	 , 4	 , 10	 , 150.0, 
150	 , 56790	 , 5	 , 10	 , 149.99999, 
150	 , 55694	 , 2	 , 10	 , 149.99999, 
150	 , 56606	 , 4	 , 10	 , 150.0, 
150	 , 57648	 , 4	 , 10	 , 149.99998, 
150	 , 57376	 , 5	 , 10	 , 150.0, 
150	 , 52538	 , 3	 , 9	 , 50.0, 
150	 , 57578	 , 5	 , 10	 , 149.99999, 
150	 , 57926	 , 4	 , 10	 , 149.99998, 
150	 , 57786	 , 4	 , 10	 , 150.0, 
150	 , 57722	 , 3	 , 10	 , 149.99998, 
150	 , 58856	 , 4	 , 10	 , 149.99998, 
150	 , 56914	 , 0	 , 10	 , 149.99999, 
150	 , 54064	 , 4	 , 10	 , 149.99998, 
150	 , 52538	 , 3	 , 9	 , 50.0, 
150	 , 56974	 , 0	 , 10	 , 149.99994, 
150	 , 52538	 , 3	 , 9	 , 50.0, 
150	 , 56064	 , 4	 , 10	 , 149.99999, 
150	 , 56702	 , 5	 , 10	 , 150.0, 
150	 , 51354	 , 2	 , 9	 , 150.0, 
150	 , 56422	 , 3	 , 10	 , 149.99997, 
150	 , 52526	 , 4	 , 9	 , 50.0, 
150	 , 56956	 , 4	 , 10	 , 149.99998, 
150	 , 57592	 , 3	 , 10	 , 150.0, 
150	 , 56658	 , 2	 , 10	 , 149.99994, 
150	 , 57832	 , 2	 , 10	 , 149.99998, 
150	 , 57656	 , 2	 , 10	 , 149.99998, 
150	 , 57892	 , 3	 , 10	 , 149.99994, 
150	 , 56260	 , 3	 , 10	 , 150.0, 
150	 , 57578	 , 2	 , 10	 , 149.99997, 
150	 , 56118	 , 5	 , 10	 , 149.99999, 
150	 , 57686	 , 5	 , 10	 , 150.0, 
150	 , 56628	 , 1	 , 10	 , 149.99999, 
150	 , 56824	 , 3	 , 10	 , 149.99994, 
150	 , 57426	 , 2	 , 10	 , 149.99998, 
150	 , 52532	 , 2	 , 9	 , 50.0, 
150	 , 55588	 , 4	 , 10	 , 149.99998, 
150	 , 56902	 , 2	 , 10	 , 150.0, 
150	 , 57782	 , 4	 , 10	 , 149.99998, 
150	 , 57344	 , 4	 , 10	 , 149.99999, 
150	 , 57308	 , 5	 , 10	 , 149.99997, 
150	 , 52532	 , 4	 , 9	 , 50.0, 
150	 , 56754	 , 3	 , 10	 , 149.99998, 
150	 , 56356	 , 0	 , 10	 , 150.0, 
150	 , 52532	 , 2	 , 9	 , 50.0, 
150	 , 52532	 , 2	 , 9	 , 50.0, 
150	 , 55394	 , 1	 , 10	 , 150.0, 
150	 , 57270	 , 2	 , 10	 , 149.99996, 
150	 , 57344	 , 3	 , 10	 , 149.99997, 
150	 , 51220	 , 4	 , 9	 , 150.0, 
150	 , 52514	 , 5	 , 9	 , 50.0, 
150	 , 56762	 , 5	 , 10	 , 149.99998, 
150	 , 57308	 , 2	 , 10	 , 149.99999, 
150	 , 56418	 , 4	 , 10	 , 149.99999, 
150	 , 57210	 , 5	 , 10	 , 150.0, 
150	 , 56238	 , 3	 , 10	 , 149.99998, 
150	 , 55500	 , 4	 , 10	 , 149.99998, 
150	 , 51222	 , 2	 , 9	 , 150.0, 
150	 , 55724	 , 2	 , 10	 , 150.0, 
150	 , 57116	 , 3	 , 10	 , 149.99998, 
150	 , 57766	 , 5	 , 10	 , 149.99998, 
150	 , 52532	 , 4	 , 9	 , 50.0, 
150	 , 57006	 , 3	 , 10	 , 150.0, 
150	 , 55884	 , 3	 , 10	 , 149.99999, 
150	 , 55888	 , 3	 , 10	 , 150.0, 
150	 , 51646	 , 4	 , 9	 , 150.0, 
150	 , 56898	 , 4	 , 10	 , 150.0, 
150	 , 57144	 , 4	 , 10	 , 150.0, 
150	 , 54776	 , 2	 , 10	 , 150.0, 
150	 , 56684	 , 5	 , 10	 , 149.99998, 
150	 , 55842	 , 3	 , 10	 , 150.0, 
150	 , 56036	 , 4	 , 10	 , 150.0, 
150	 , 57282	 , 5	 , 10	 , 149.99998, 
150	 , 57712	 , 4	 , 10	 , 149.99998, 
150	 , 56728	 , 3	 , 10	 , 150.0, 
150	 , 56922	 , 4	 , 10	 , 150.0, 
150	 , 57732	 , 4	 , 10	 , 149.99998, 
150	 , 55800	 , 3	 , 10	 , 149.99998, 
150	 , 52550	 , 4	 , 9	 , 150.0, 
150	 , 52532	 , 4	 , 9	 , 50.0, 
150	 , 57004	 , 2	 , 10	 , 150.0, 
150	 , 56762	 , 4	 , 10	 , 150.0, 
150	 , 56434	 , 2	 , 10	 , 150.0, 
150	 , 58718	 , 5	 , 10	 , 150.0, 
150	 , 56520	 , 5	 , 10	 , 149.99998, 
150	 , 57548	 , 4	 , 10	 , 149.99998, 
150	 , 57228	 , 5	 , 10	 , 149.99994, 
150	 , 54856	 , 3	 , 10	 , 149.99998, 
150	 , 57152	 , 4	 , 10	 , 150.0, 
200	 , 59698	 , 3	 , 8	 , 149.99998, 
200	 , 59554	 , 3	 , 8	 , 149.99998, 
200	 , 59418	 , 2	 , 8	 , 150.0, 
200	 , 58942	 , 4	 , 8	 , 150.0, 
200	 , 58282	 , 2	 , 8	 , 149.99999, 
200	 , 57852	 , 1	 , 8	 , 150.0, 
200	 , 58994	 , 3	 , 8	 , 149.99998, 
200	 , 57912	 , 3	 , 8	 , 149.99998, 
200	 , 57374	 , 3	 , 8	 , 150.0, 
200	 , 59174	 , 2	 , 8	 , 149.99968, 
200	 , 57806	 , 3	 , 8	 , 149.99998, 
200	 , 52312	 , 1	 , 7	 , 50.0, 
200	 , 52330	 , 3	 , 7	 , 50.0, 
200	 , 58982	 , 2	 , 8	 , 149.99999, 
200	 , 57772	 , 2	 , 8	 , 149.99998, 
200	 , 57770	 , 2	 , 8	 , 149.99994, 
200	 , 58392	 , 2	 , 8	 , 150.0, 
200	 , 58936	 , 3	 , 8	 , 150.0, 
200	 , 58588	 , 3	 , 8	 , 150.0, 
200	 , 57526	 , 2	 , 8	 , 149.99998, 
200	 , 58056	 , 0	 , 8	 , 150.0, 
200	 , 52318	 , 1	 , 7	 , 50.0, 
200	 , 57882	 , 3	 , 8	 , 150.0, 
200	 , 58236	 , 2	 , 8	 , 150.0, 
200	 , 56650	 , 0	 , 8	 , 149.99999, 
200	 , 59144	 , 2	 , 8	 , 150.0, 
200	 , 52330	 , 0	 , 7	 , 50.0, 
200	 , 59588	 , 3	 , 8	 , 150.0, 
200	 , 57888	 , 3	 , 8	 , 150.0, 
200	 , 58220	 , 1	 , 8	 , 150.0, 
200	 , 59228	 , 3	 , 8	 , 149.99998, 
200	 , 58156	 , 1	 , 8	 , 150.0, 
200	 , 59176	 , 0	 , 8	 , 150.0, 
200	 , 59210	 , 3	 , 8	 , 149.99999, 
200	 , 57700	 , 3	 , 8	 , 149.99989, 
200	 , 58624	 , 4	 , 8	 , 150.0, 
200	 , 57216	 , 1	 , 8	 , 149.99998, 
200	 , 57614	 , 4	 , 8	 , 149.99999, 
200	 , 58184	 , 2	 , 8	 , 150.0, 
200	 , 57194	 , 1	 , 8	 , 150.0, 
200	 , 57178	 , 2	 , 8	 , 149.99998, 
200	 , 59624	 , 3	 , 8	 , 149.99999, 
200	 , 58252	 , 2	 , 8	 , 150.0, 
200	 , 56492	 , 1	 , 8	 , 149.99998, 
200	 , 58030	 , 1	 , 8	 , 149.99999, 
200	 , 57312	 , 4	 , 8	 , 149.99998, 
200	 , 58358	 , 1	 , 8	 , 149.99997, 
200	 , 59274	 , 3	 , 8	 , 150.0, 
200	 , 56926	 , 3	 , 8	 , 149.99999, 
200	 , 57570	 , 1	 , 8	 , 150.0, 
200	 , 57338	 , 2	 , 8	 , 149.99998, 
200	 , 57182	 , 2	 , 8	 , 150.0, 
200	 , 58126	 , 2	 , 8	 , 150.0, 
200	 , 59094	 , 0	 , 8	 , 149.9999, 
200	 , 57704	 , 2	 , 8	 , 149.99998, 
200	 , 58896	 , 1	 , 8	 , 149.99996, 
200	 , 59198	 , 3	 , 8	 , 150.0, 
200	 , 57568	 , 3	 , 8	 , 149.99997, 
200	 , 57308	 , 2	 , 8	 , 150.0, 
200	 , 57800	 , 1	 , 8	 , 149.99999, 
200	 , 55494	 , 1	 , 8	 , 149.9996, 
200	 , 58184	 , 3	 , 8	 , 149.99998, 
200	 , 57576	 , 2	 , 8	 , 149.99999, 
200	 , 57918	 , 3	 , 8	 , 149.99999, 
200	 , 58954	 , 0	 , 8	 , 150.0, 
200	 , 57382	 , 2	 , 8	 , 149.99999, 
200	 , 56078	 , 2	 , 8	 , 150.0, 
200	 , 58580	 , 1	 , 8	 , 150.0, 
200	 , 57256	 , 2	 , 8	 , 149.99999, 
200	 , 52324	 , 1	 , 7	 , 50.0, 
200	 , 58436	 , 3	 , 8	 , 149.99998, 
200	 , 58462	 , 2	 , 8	 , 149.99999, 
200	 , 58778	 , 1	 , 8	 , 149.99998, 
200	 , 57756	 , 3	 , 8	 , 150.0, 
200	 , 58576	 , 3	 , 8	 , 150.0, 
200	 , 52324	 , 2	 , 7	 , 50.0, 
200	 , 59066	 , 2	 , 8	 , 149.99998, 
200	 , 56384	 , 2	 , 8	 , 150.0, 
200	 , 59394	 , 3	 , 8	 , 149.99999, 
200	 , 57928	 , 2	 , 8	 , 149.99998, 
200	 , 58352	 , 1	 , 8	 , 150.0, 
200	 , 58680	 , 3	 , 8	 , 149.99999, 
200	 , 58420	 , 2	 , 8	 , 149.99999, 
200	 , 57774	 , 2	 , 8	 , 149.99991, 
200	 , 57896	 , 2	 , 8	 , 149.99998, 
200	 , 59000	 , 3	 , 8	 , 149.99998, 
200	 , 57966	 , 4	 , 8	 , 149.99998, 
200	 , 58028	 , 1	 , 8	 , 150.0, 
200	 , 59026	 , 1	 , 8	 , 149.99999, 
200	 , 56742	 , 2	 , 8	 , 150.0, 
200	 , 52330	 , 0	 , 7	 , 50.0, 
200	 , 58044	 , 1	 , 8	 , 149.99986, 
200	 , 58984	 , 2	 , 8	 , 150.0, 
200	 , 58526	 , 0	 , 8	 , 150.0, 
200	 , 58980	 , 3	 , 8	 , 150.0, 
200	 , 57824	 , 0	 , 8	 , 150.0, 
200	 , 57996	 , 0	 , 8	 , 149.99999, 
200	 , 57052	 , 1	 , 8	 , 150.0, 
200	 , 57858	 , 1	 , 8	 , 150.0, 
200	 , 57860	 , 3	 , 8	 , 150.0, 
200	 , 58014	 , 3	 , 8	 , 149.99999, 
200	 , 58464	 , 4	 , 8	 , 150.0, 
200	 , 58308	 , 1	 , 8	 , 150.0, 
200	 , 59262	 , 2	 , 8	 , 150.0, 
200	 , 58952	 , 4	 , 8	 , 150.0, 
200	 , 59054	 , 3	 , 8	 , 149.99998, 
200	 , 59996	 , 3	 , 8	 , 150.0, 
200	 , 58508	 , 2	 , 8	 , 149.99999, 
200	 , 57662	 , 1	 , 8	 , 150.0, 
200	 , 57880	 , 1	 , 8	 , 149.99999, 
200	 , 58278	 , 2	 , 8	 , 149.99998, 
200	 , 58304	 , 2	 , 8	 , 149.99998, 
200	 , 52330	 , 1	 , 7	 , 50.0, 
200	 , 52358	 , 1	 , 7	 , 50.0, 
200	 , 57216	 , 2	 , 8	 , 149.99998, 
200	 , 57806	 , 0	 , 8	 , 150.0, 
200	 , 57892	 , 1	 , 8	 , 150.0, 
200	 , 54936	 , 2	 , 8	 , 150.0, 
200	 , 59474	 , 3	 , 8	 , 150.0, 
200	 , 59660	 , 0	 , 8	 , 149.99998, 
200	 , 59278	 , 2	 , 8	 , 149.99999, 
200	 , 58818	 , 2	 , 8	 , 150.0, 
200	 , 58202	 , 2	 , 8	 , 150.0, 
200	 , 57526	 , 0	 , 8	 , 149.99998, 
200	 , 58950	 , 2	 , 8	 , 150.0, 
200	 , 52330	 , 1	 , 7	 , 50.0, 
200	 , 58066	 , 2	 , 8	 , 149.99999, 
200	 , 57976	 , 2	 , 8	 , 149.99998, 
200	 , 58640	 , 3	 , 8	 , 149.99999, 
200	 , 57880	 , 2	 , 8	 , 149.99997, 
200	 , 57046	 , 2	 , 8	 , 150.0, 
200	 , 58728	 , 3	 , 8	 , 149.99999, 
200	 , 58916	 , 3	 , 8	 , 149.99999, 
200	 , 57250	 , 0	 , 8	 , 149.99968, 
200	 , 59046	 , 2	 , 8	 , 149.99999, 
200	 , 57126	 , 1	 , 8	 , 150.0, 
200	 , 58570	 , 2	 , 8	 , 150.0, 
200	 , 58402	 , 3	 , 8	 , 149.99998, 
200	 , 57906	 , 1	 , 8	 , 150.0, 
200	 , 58314	 , 1	 , 8	 , 149.99999, 
200	 , 59344	 , 3	 , 8	 , 150.0, 
200	 , 59092	 , 2	 , 8	 , 149.99994, 
200	 , 56104	 , 2	 , 8	 , 149.99997, 
200	 , 58880	 , 3	 , 8	 , 149.99999, 
200	 , 59056	 , 3	 , 8	 , 149.99999, 
200	 , 57922	 , 3	 , 8	 , 150.0, 
200	 , 56986	 , 2	 , 8	 , 150.0, 
200	 , 52312	 , 3	 , 7	 , 50.0, 
200	 , 54754	 , 3	 , 8	 , 150.0, 
200	 , 57622	 , 2	 , 8	 , 149.99998, 
200	 , 59336	 , 2	 , 8	 , 150.0, 
200	 , 57318	 , 2	 , 8	 , 149.99999, 
200	 , 57898	 , 3	 , 8	 , 150.0, 
200	 , 57644	 , 1	 , 8	 , 149.99985, 
200	 , 57510	 , 1	 , 8	 , 150.0, 
200	 , 58544	 , 2	 , 8	 , 149.99994, 
200	 , 58994	 , 3	 , 8	 , 149.99998, 
200	 , 59508	 , 3	 , 8	 , 150.0, 
200	 , 52330	 , 1	 , 7	 , 50.0, 
200	 , 57410	 , 2	 , 8	 , 149.99998, 
200	 , 58418	 , 3	 , 8	 , 150.0, 
200	 , 57844	 , 2	 , 8	 , 150.0, 
200	 , 56896	 , 1	 , 8	 , 150.0, 
200	 , 59558	 , 3	 , 8	 , 150.0, 
200	 , 59098	 , 3	 , 8	 , 150.0, 
200	 , 59044	 , 1	 , 8	 , 149.99998, 
200	 , 59008	 , 3	 , 8	 , 150.0, 
200	 , 59064	 , 3	 , 8	 , 150.0, 
200	 , 59110	 , 2	 , 8	 , 149.99999, 
200	 , 55936	 , 2	 , 8	 , 149.99999, 
200	 , 57624	 , 1	 , 8	 , 150.0, 
200	 , 58012	 , 3	 , 8	 , 149.99999, 
200	 , 57974	 , 1	 , 8	 , 149.99878, 
200	 , 58344	 , 3	 , 8	 , 149.99999, 
200	 , 58294	 , 3	 , 8	 , 149.99999, 
200	 , 59314	 , 1	 , 8	 , 150.0, 
200	 , 55414	 , 4	 , 8	 , 149.99999, 
200	 , 59096	 , 3	 , 8	 , 150.0, 
200	 , 58554	 , 2	 , 8	 , 150.0, 
200	 , 59690	 , 4	 , 8	 , 149.99999, 
200	 , 58840	 , 3	 , 8	 , 149.99998, 
200	 , 58850	 , 2	 , 8	 , 149.99999, 
200	 , 57830	 , 2	 , 8	 , 149.99998, 
200	 , 58778	 , 2	 , 8	 , 149.99994, 
200	 , 58066	 , 2	 , 8	 , 150.0, 
200	 , 57658	 , 3	 , 8	 , 149.99999, 
200	 , 57338	 , 3	 , 8	 , 150.0, 
200	 , 56196	 , 1	 , 8	 , 149.99998, 
200	 , 59274	 , 2	 , 8	 , 150.0, 
200	 , 58348	 , 1	 , 8	 , 150.0, 
200	 , 56952	 , 2	 , 8	 , 150.0, 
200	 , 52324	 , 2	 , 7	 , 50.0, 
200	 , 52330	 , 2	 , 7	 , 50.0, 
200	 , 52318	 , 2	 , 7	 , 50.0, 
200	 , 58486	 , 4	 , 8	 , 149.99998, 
200	 , 56668	 , 0	 , 8	 , 150.0, 
200	 , 57986	 , 2	 , 8	 , 149.99999, 
200	 , 57906	 , 2	 , 8	 , 150.0, 
200	 , 59124	 , 3	 , 8	 , 150.0, 
200	 , 55620	 , 2	 , 8	 , 150.0, 
200	 , 57466	 , 1	 , 8	 , 149.99994, 
200	 , 58604	 , 2	 , 8	 , 149.99994, 
200	 , 56948	 , 2	 , 8	 , 149.99998, 
200	 , 52330	 , 2	 , 7	 , 50.0, 
200	 , 57924	 , 2	 , 8	 , 149.99999, 
200	 , 57506	 , 1	 , 8	 , 149.99999, 
200	 , 56770	 , 1	 , 8	 , 150.0, 
200	 , 56630	 , 2	 , 8	 , 150.0, 
200	 , 57560	 , 1	 , 8	 , 149.99998, 
200	 , 57788	 , 2	 , 8	 , 150.0, 
200	 , 58248	 , 2	 , 8	 , 149.99998, 
200	 , 58284	 , 0	 , 8	 , 150.0, 
200	 , 57808	 , 3	 , 8	 , 150.0, 
200	 , 59190	 , 3	 , 8	 , 149.99998, 
200	 , 57440	 , 2	 , 8	 , 150.0, 
200	 , 58132	 , 2	 , 8	 , 149.99998, 
200	 , 59430	 , 2	 , 8	 , 149.99991, 
200	 , 58310	 , 2	 , 8	 , 149.99999, 
200	 , 57984	 , 3	 , 8	 , 150.0, 
200	 , 57984	 , 1	 , 8	 , 150.0, 
200	 , 57266	 , 1	 , 8	 , 150.0, 
200	 , 55036	 , 2	 , 8	 , 149.99998, 
200	 , 59462	 , 3	 , 8	 , 150.0, 
200	 , 58210	 , 4	 , 8	 , 149.99998, 
200	 , 58498	 , 3	 , 8	 , 150.0, 
200	 , 57762	 , 2	 , 8	 , 149.99999, 
200	 , 52330	 , 1	 , 7	 , 50.0, 
200	 , 57232	 , 2	 , 8	 , 150.0, 
200	 , 57274	 , 3	 , 8	 , 149.99998, 
200	 , 58788	 , 3	 , 8	 , 149.99998, 
200	 , 57270	 , 0	 , 8	 , 150.0, 
200	 , 52330	 , 0	 , 7	 , 50.0, 
200	 , 59160	 , 2	 , 8	 , 150.0, 
200	 , 59126	 , 2	 , 8	 , 150.0, 
200	 , 58532	 , 2	 , 8	 , 149.99985, 
200	 , 57670	 , 1	 , 8	 , 150.0, 
200	 , 59456	 , 3	 , 8	 , 149.99998, 
200	 , 57084	 , 2	 , 8	 , 150.0, 
200	 , 58574	 , 0	 , 8	 , 149.99997, 
200	 , 57806	 , 3	 , 8	 , 149.99999, 
200	 , 57262	 , 0	 , 8	 , 149.99999, 
200	 , 59172	 , 2	 , 8	 , 150.0, 
200	 , 58668	 , 3	 , 8	 , 149.99998, 
200	 , 57980	 , 3	 , 8	 , 149.99999, 
200	 , 57644	 , 2	 , 8	 , 150.0, 
200	 , 57944	 , 2	 , 8	 , 149.99985, 
200	 , 58286	 , 1	 , 8	 , 150.0, 
200	 , 57280	 , 2	 , 8	 , 150.0, 
200	 , 58220	 , 2	 , 8	 , 150.0, 
200	 , 57958	 , 2	 , 8	 , 150.0, 
250	 , 61406	 , 2	 , 7	 , 150.0, 
250	 , 51730	 , 0	 , 6	 , 150.0, 
250	 , 60298	 , 0	 , 7	 , 149.99998, 
250	 , 57828	 , 2	 , 7	 , 150.0, 
250	 , 61472	 , 1	 , 7	 , 149.99996, 
250	 , 61610	 , 2	 , 7	 , 149.99998, 
250	 , 60158	 , 0	 , 7	 , 150.0, 
250	 , 61192	 , 0	 , 7	 , 149.99994, 
250	 , 61784	 , 1	 , 7	 , 149.99999, 
250	 , 62270	 , 0	 , 7	 , 149.99999, 
250	 , 61448	 , 0	 , 7	 , 150.0, 
250	 , 62178	 , 2	 , 7	 , 149.99998, 
250	 , 52002	 , 0	 , 6	 , 150.0, 
250	 , 51614	 , 0	 , 6	 , 150.0, 
250	 , 60904	 , 2	 , 7	 , 150.0, 
250	 , 62078	 , 0	 , 7	 , 150.0, 
250	 , 60438	 , 2	 , 7	 , 149.99999, 
250	 , 54136	 , 1	 , 6	 , 50.0, 
250	 , 61418	 , 1	 , 7	 , 150.0, 
250	 , 61486	 , 2	 , 7	 , 150.0, 
250	 , 61510	 , 2	 , 7	 , 149.99999, 
250	 , 61880	 , 2	 , 7	 , 149.99999, 
250	 , 54130	 , 0	 , 6	 , 50.0, 
250	 , 60648	 , 2	 , 7	 , 150.0, 
250	 , 61600	 , 1	 , 7	 , 149.99998, 
250	 , 61200	 , 1	 , 7	 , 149.99998, 
250	 , 59582	 , 1	 , 7	 , 149.99999, 
250	 , 52162	 , 0	 , 6	 , 149.99989, 
250	 , 61194	 , 2	 , 7	 , 150.0, 
250	 , 51356	 , 0	 , 6	 , 150.0, 
250	 , 51682	 , 0	 , 6	 , 149.99998, 
250	 , 61528	 , 1	 , 7	 , 150.0, 
250	 , 60330	 , 1	 , 7	 , 150.0, 
250	 , 59694	 , 1	 , 7	 , 150.0, 
250	 , 61464	 , 0	 , 7	 , 150.0, 
250	 , 61856	 , 2	 , 7	 , 149.99998, 
250	 , 62426	 , 2	 , 7	 , 149.99998, 
250	 , 60512	 , 2	 , 7	 , 150.0, 
250	 , 61836	 , 1	 , 7	 , 149.99998, 
250	 , 61192	 , 0	 , 7	 , 149.99998, 
250	 , 62304	 , 0	 , 7	 , 149.99999, 
250	 , 61660	 , 1	 , 7	 , 149.99997, 
250	 , 61400	 , 1	 , 7	 , 150.0, 
250	 , 60332	 , 1	 , 7	 , 150.0, 
250	 , 61926	 , 1	 , 7	 , 149.99999, 
250	 , 51430	 , 1	 , 6	 , 150.0, 
250	 , 62172	 , 1	 , 7	 , 149.99999, 
250	 , 58674	 , 1	 , 7	 , 149.99999, 
250	 , 61098	 , 0	 , 7	 , 149.99998, 
250	 , 59364	 , 1	 , 7	 , 149.99998, 
250	 , 61066	 , 1	 , 7	 , 150.0, 
250	 , 61494	 , 0	 , 7	 , 150.0, 
250	 , 59964	 , 1	 , 7	 , 149.99998, 
250	 , 57456	 , 1	 , 7	 , 150.0, 
250	 , 60058	 , 1	 , 7	 , 150.0, 
250	 , 61362	 , 2	 , 7	 , 149.99998, 
250	 , 61484	 , 0	 , 7	 , 149.99994, 
250	 , 60906	 , 2	 , 7	 , 150.0, 
250	 , 61712	 , 1	 , 7	 , 149.99998, 
250	 , 59136	 , 0	 , 7	 , 149.99999, 
250	 , 60386	 , 1	 , 7	 , 150.0, 
250	 , 59644	 , 1	 , 7	 , 150.0, 
250	 , 51956	 , 1	 , 6	 , 150.0, 
250	 , 60856	 , 2	 , 7	 , 150.0, 
250	 , 51348	 , 1	 , 6	 , 150.0, 
250	 , 60220	 , 1	 , 7	 , 149.99999, 
250	 , 61640	 , 1	 , 7	 , 149.99999, 
250	 , 51626	 , 0	 , 6	 , 150.0, 
250	 , 61092	 , 1	 , 7	 , 149.99999, 
250	 , 60714	 , 2	 , 7	 , 149.99999, 
250	 , 52220	 , 0	 , 6	 , 150.0, 
250	 , 51618	 , 0	 , 6	 , 150.0, 
250	 , 61132	 , 1	 , 7	 , 149.99999, 
250	 , 58758	 , 0	 , 7	 , 149.99999, 
250	 , 51208	 , 1	 , 6	 , 149.99998, 
250	 , 51788	 , 2	 , 6	 , 149.99999, 
250	 , 51522	 , 1	 , 6	 , 150.0, 
250	 , 60820	 , 2	 , 7	 , 149.99998, 
250	 , 61688	 , 1	 , 7	 , 150.0, 
250	 , 62184	 , 1	 , 7	 , 150.0, 
250	 , 60724	 , 0	 , 7	 , 150.0, 
250	 , 61578	 , 0	 , 7	 , 149.99999, 
250	 , 58788	 , 1	 , 7	 , 150.0, 
250	 , 61134	 , 2	 , 7	 , 149.99998, 
250	 , 61756	 , 3	 , 7	 , 149.99998, 
250	 , 58698	 , 1	 , 7	 , 150.0, 
250	 , 61826	 , 2	 , 7	 , 149.99999, 
250	 , 52350	 , 0	 , 6	 , 149.99996, 
250	 , 60496	 , 1	 , 7	 , 150.0, 
250	 , 62212	 , 1	 , 7	 , 149.99999, 
250	 , 59746	 , 1	 , 7	 , 149.99999, 
250	 , 61852	 , 1	 , 7	 , 150.0, 
250	 , 60468	 , 0	 , 7	 , 149.99998, 
250	 , 61480	 , 1	 , 7	 , 150.0, 
250	 , 61152	 , 1	 , 7	 , 149.99999, 
250	 , 51764	 , 1	 , 6	 , 150.0, 
250	 , 61598	 , 2	 , 7	 , 149.99998, 
250	 , 62286	 , 0	 , 7	 , 149.99999, 
250	 , 58834	 , 0	 , 7	 , 149.99922, 
250	 , 60926	 , 0	 , 7	 , 150.0, 
250	 , 61312	 , 1	 , 7	 , 150.0, 
250	 , 60374	 , 1	 , 7	 , 150.0, 
250	 , 58106	 , 0	 , 7	 , 150.0, 
250	 , 61998	 , 1	 , 7	 , 150.0, 
250	 , 51346	 , 0	 , 6	 , 149.99997, 
250	 , 51258	 , 1	 , 6	 , 150.0, 
250	 , 61862	 , 1	 , 7	 , 150.0, 
250	 , 61502	 , 0	 , 7	 , 150.0, 
250	 , 60308	 , 0	 , 7	 , 150.0, 
250	 , 51630	 , 2	 , 6	 , 150.0, 
250	 , 51668	 , 1	 , 6	 , 149.99998, 
250	 , 60430	 , 1	 , 7	 , 50.0, 
250	 , 60532	 , 2	 , 7	 , 150.0, 
250	 , 51454	 , 1	 , 6	 , 149.99999, 
250	 , 54130	 , 1	 , 6	 , 50.0, 
250	 , 62186	 , 1	 , 7	 , 149.99998, 
250	 , 60344	 , 1	 , 7	 , 150.0, 
250	 , 61702	 , 2	 , 7	 , 150.0, 
250	 , 60606	 , 1	 , 7	 , 149.99999, 
250	 , 62180	 , 2	 , 7	 , 149.99998, 
250	 , 51404	 , 1	 , 6	 , 150.0, 
250	 , 61738	 , 2	 , 7	 , 149.99994, 
250	 , 61170	 , 0	 , 7	 , 149.99994, 
250	 , 54136	 , 2	 , 6	 , 50.0, 
250	 , 61816	 , 0	 , 7	 , 149.99998, 
250	 , 62164	 , 2	 , 7	 , 150.0, 
250	 , 61430	 , 1	 , 7	 , 150.0, 
250	 , 60832	 , 1	 , 7	 , 149.99975, 
250	 , 60998	 , 1	 , 7	 , 149.99998, 
250	 , 59622	 , 1	 , 7	 , 150.0, 
250	 , 61204	 , 1	 , 7	 , 149.99998, 
250	 , 61300	 , 0	 , 7	 , 150.0, 
250	 , 51240	 , 2	 , 6	 , 150.0, 
250	 , 59942	 , 1	 , 7	 , 149.99985, 
250	 , 54130	 , 1	 , 6	 , 50.0, 
250	 , 51476	 , 0	 , 6	 , 150.0, 
250	 , 62092	 , 1	 , 7	 , 149.99999, 
250	 , 61896	 , 2	 , 7	 , 150.0, 
250	 , 60320	 , 2	 , 7	 , 149.99998, 
250	 , 57342	 , 1	 , 7	 , 150.0, 
250	 , 61550	 , 2	 , 7	 , 149.99999, 
250	 , 60272	 , 1	 , 7	 , 150.0, 
250	 , 61682	 , 3	 , 7	 , 150.0, 
250	 , 62170	 , 2	 , 7	 , 150.0, 
250	 , 57314	 , 1	 , 7	 , 150.0, 
250	 , 51862	 , 1	 , 6	 , 150.0, 
250	 , 61310	 , 0	 , 7	 , 149.99994, 
250	 , 61186	 , 0	 , 7	 , 149.99999, 
250	 , 60978	 , 1	 , 7	 , 150.0, 
250	 , 54136	 , 2	 , 6	 , 50.0, 
250	 , 61364	 , 2	 , 7	 , 150.0, 
250	 , 60382	 , 1	 , 7	 , 150.0, 
250	 , 62060	 , 1	 , 7	 , 149.99998, 
250	 , 60004	 , 1	 , 7	 , 149.99999, 
250	 , 54136	 , 2	 , 6	 , 50.0, 
250	 , 54136	 , 1	 , 6	 , 50.0, 
250	 , 60002	 , 0	 , 7	 , 149.99998, 
250	 , 61894	 , 0	 , 7	 , 150.0, 
250	 , 61900	 , 1	 , 7	 , 150.0, 
250	 , 61108	 , 1	 , 7	 , 150.0, 
250	 , 60966	 , 1	 , 7	 , 149.99998, 
250	 , 61812	 , 2	 , 7	 , 149.99998, 
250	 , 51350	 , 0	 , 6	 , 150.0, 
250	 , 51970	 , 1	 , 6	 , 150.0, 
250	 , 51442	 , 1	 , 6	 , 150.0, 
250	 , 60710	 , 0	 , 7	 , 149.99998, 
250	 , 51246	 , 1	 , 6	 , 150.0, 
250	 , 61394	 , 1	 , 7	 , 150.0, 
250	 , 61726	 , 3	 , 7	 , 150.0, 
250	 , 61636	 , 1	 , 7	 , 149.99998, 
250	 , 62012	 , 2	 , 7	 , 150.0, 
250	 , 62014	 , 1	 , 7	 , 150.0, 
250	 , 62246	 , 1	 , 7	 , 150.0, 
250	 , 61616	 , 1	 , 7	 , 150.0, 
250	 , 61706	 , 0	 , 7	 , 149.99999, 
250	 , 61084	 , 1	 , 7	 , 149.99998, 
250	 , 61488	 , 1	 , 7	 , 150.0, 
250	 , 62264	 , 2	 , 7	 , 149.99998, 
250	 , 51720	 , 1	 , 6	 , 149.99998, 
250	 , 51688	 , 0	 , 6	 , 150.0, 
250	 , 61786	 , 1	 , 7	 , 149.99998, 
250	 , 60114	 , 0	 , 7	 , 150.0, 
250	 , 62386	 , 1	 , 7	 , 149.99999, 
250	 , 58954	 , 0	 , 7	 , 149.99999, 
250	 , 61148	 , 3	 , 7	 , 149.99999, 
250	 , 61180	 , 2	 , 7	 , 149.99999, 
250	 , 61010	 , 2	 , 7	 , 149.99999, 
250	 , 62380	 , 2	 , 7	 , 149.99998, 
250	 , 61404	 , 0	 , 7	 , 150.0, 
250	 , 62196	 , 2	 , 7	 , 150.0, 
250	 , 60646	 , 0	 , 7	 , 150.0, 
250	 , 61582	 , 1	 , 7	 , 150.0, 
250	 , 60372	 , 0	 , 7	 , 149.99998, 
250	 , 61020	 , 0	 , 7	 , 150.0, 
250	 , 51438	 , 1	 , 6	 , 149.99999, 
250	 , 59988	 , 1	 , 7	 , 149.99998, 
250	 , 60426	 , 1	 , 7	 , 150.0, 
250	 , 61682	 , 0	 , 7	 , 149.99999, 
250	 , 51788	 , 0	 , 6	 , 149.99998, 
250	 , 60646	 , 0	 , 7	 , 150.0, 
250	 , 62356	 , 2	 , 7	 , 150.0, 
250	 , 61224	 , 2	 , 7	 , 149.99998, 
250	 , 61248	 , 1	 , 7	 , 150.0, 
250	 , 61384	 , 2	 , 7	 , 150.0, 
250	 , 51704	 , 0	 , 6	 , 150.0, 
250	 , 60426	 , 0	 , 7	 , 149.99999, 
250	 , 60258	 , 1	 , 7	 , 150.0, 
250	 , 62112	 , 1	 , 7	 , 150.0, 
250	 , 62304	 , 2	 , 7	 , 149.99998, 
250	 , 62526	 , 1	 , 7	 , 150.0, 
250	 , 61400	 , 1	 , 7	 , 150.0, 
250	 , 61920	 , 2	 , 7	 , 149.99999, 
250	 , 61356	 , 1	 , 7	 , 150.0, 
250	 , 61458	 , 0	 , 7	 , 150.0, 
250	 , 62064	 , 0	 , 7	 , 150.0, 
250	 , 61868	 , 1	 , 7	 , 149.99998, 
250	 , 51952	 , 1	 , 6	 , 150.0, 
250	 , 62312	 , 2	 , 7	 , 149.99998, 
250	 , 51256	 , 1	 , 6	 , 149.9996, 
250	 , 60736	 , 0	 , 7	 , 149.99998, 
250	 , 59810	 , 0	 , 7	 , 150.0, 
250	 , 54136	 , 1	 , 6	 , 50.0, 
250	 , 54136	 , 1	 , 6	 , 50.0, 
250	 , 51920	 , 1	 , 6	 , 150.0, 
250	 , 60862	 , 0	 , 7	 , 149.99999, 
250	 , 61542	 , 1	 , 7	 , 150.0, 
250	 , 61924	 , 1	 , 7	 , 150.0, 
250	 , 60974	 , 2	 , 7	 , 150.0, 
250	 , 61484	 , 0	 , 7	 , 150.0, 
250	 , 61944	 , 1	 , 7	 , 149.99998, 
250	 , 60950	 , 1	 , 7	 , 149.99998, 
250	 , 54136	 , 2	 , 6	 , 50.0, 
250	 , 60774	 , 1	 , 7	 , 149.99998, 
250	 , 62252	 , 0	 , 7	 , 149.99999, 
250	 , 60824	 , 1	 , 7	 , 149.99998, 
250	 , 54130	 , 1	 , 6	 , 50.0, 
250	 , 62022	 , 1	 , 7	 , 149.99999, 
250	 , 51818	 , 0	 , 6	 , 150.0, 
250	 , 51540	 , 1	 , 6	 , 149.99998, 
250	 , 61382	 , 1	 , 7	 , 149.99998, 
250	 , 60852	 , 1	 , 7	 , 149.99998, 
250	 , 60666	 , 1	 , 7	 , 150.0, 
250	 , 51356	 , 2	 , 6	 , 150.0, 
250	 , 60252	 , 1	 , 7	 , 150.0, 
250	 , 51208	 , 0	 , 6	 , 150.0, 
250	 , 51248	 , 1	 , 6	 , 150.0, 
250	 , 59964	 , 0	 , 7	 , 150.0, 
250	 , 60226	 , 0	 , 7	 , 149.99994, 
250	 , 62100	 , 2	 , 7	 , 149.99998, 
250	 , 60722	 , 0	 , 7	 , 150.0, 
300	 , 62090	 , 0	 , 6	 , 149.99998, 
300	 , 59284	 , 1	 , 6	 , 150.0, 
300	 , 61462	 , 0	 , 6	 , 149.99996, 
300	 , 59972	 , 0	 , 6	 , 149.99999, 
300	 , 61182	 , 1	 , 6	 , 150.0, 
300	 , 60462	 , 1	 , 6	 , 149.99999, 
300	 , 61004	 , 1	 , 6	 , 150.0, 
300	 , 59958	 , 1	 , 6	 , 150.0, 
300	 , 61806	 , 0	 , 6	 , 150.0, 
300	 , 60400	 , 0	 , 6	 , 149.99997, 
300	 , 61366	 , 1	 , 6	 , 150.0, 
300	 , 60788	 , 0	 , 6	 , 150.0, 
300	 , 61520	 , 1	 , 6	 , 150.0, 
300	 , 61448	 , 1	 , 6	 , 150.0, 
300	 , 61712	 , 1	 , 6	 , 149.99998, 
300	 , 61312	 , 1	 , 6	 , 149.99998, 
300	 , 62376	 , 2	 , 6	 , 149.99999, 
300	 , 61860	 , 0	 , 6	 , 150.0, 
300	 , 61690	 , 2	 , 6	 , 150.0, 
300	 , 58600	 , 0	 , 6	 , 149.99996, 
300	 , 62164	 , 1	 , 6	 , 150.0, 
300	 , 60484	 , 1	 , 6	 , 150.0, 
300	 , 60250	 , 1	 , 6	 , 149.99999, 
300	 , 59364	 , 0	 , 6	 , 149.99999, 
300	 , 61016	 , 0	 , 6	 , 150.0, 
300	 , 60166	 , 0	 , 6	 , 149.99998, 
300	 , 61546	 , 0	 , 6	 , 149.99999, 
300	 , 60090	 , 0	 , 6	 , 149.99999, 
300	 , 61448	 , 1	 , 6	 , 150.0, 
300	 , 60424	 , 1	 , 6	 , 149.99999, 
300	 , 61572	 , 1	 , 6	 , 150.0, 
300	 , 59532	 , 1	 , 6	 , 149.99998, 
300	 , 59120	 , 0	 , 6	 , 150.0, 
300	 , 61858	 , 1	 , 6	 , 149.99999, 
300	 , 60822	 , 1	 , 6	 , 150.0, 
300	 , 60724	 , 0	 , 6	 , 150.0, 
300	 , 61660	 , 0	 , 6	 , 149.99999, 
300	 , 61538	 , 1	 , 6	 , 150.0, 
300	 , 60590	 , 1	 , 6	 , 149.99998, 
300	 , 60586	 , 0	 , 6	 , 149.99999, 
300	 , 60398	 , 1	 , 6	 , 150.0, 
300	 , 60698	 , 0	 , 6	 , 150.0, 
300	 , 60370	 , 0	 , 6	 , 149.99999, 
300	 , 58972	 , 1	 , 6	 , 149.99998, 
300	 , 60332	 , 1	 , 6	 , 150.0, 
300	 , 59980	 , 0	 , 6	 , 150.0, 
300	 , 60380	 , 0	 , 6	 , 150.0, 
300	 , 60978	 , 0	 , 6	 , 150.0, 
300	 , 60972	 , 1	 , 6	 , 149.99998, 
300	 , 60266	 , 1	 , 6	 , 149.99999, 
300	 , 60636	 , 0	 , 6	 , 149.99997, 
300	 , 60340	 , 1	 , 6	 , 150.0, 
300	 , 59562	 , 1	 , 6	 , 149.99999, 
300	 , 61858	 , 0	 , 6	 , 149.99998, 
300	 , 60824	 , 1	 , 6	 , 149.99998, 
300	 , 59028	 , 2	 , 6	 , 149.99999, 
300	 , 61062	 , 1	 , 6	 , 150.0, 
300	 , 60470	 , 1	 , 6	 , 150.0, 
300	 , 61296	 , 0	 , 6	 , 150.0, 
300	 , 59284	 , 0	 , 6	 , 150.0, 
300	 , 61618	 , 1	 , 6	 , 150.0, 
300	 , 51522	 , 1	 , 5	 , 50.0, 
300	 , 60670	 , 0	 , 6	 , 149.99999, 
300	 , 61112	 , 0	 , 6	 , 149.99998, 
300	 , 60332	 , 0	 , 6	 , 150.0, 
300	 , 59648	 , 0	 , 6	 , 149.99978, 
300	 , 61706	 , 0	 , 6	 , 150.0, 
300	 , 60760	 , 1	 , 6	 , 150.0, 
300	 , 60226	 , 1	 , 6	 , 150.0, 
300	 , 60410	 , 2	 , 6	 , 149.99998, 
300	 , 60842	 , 2	 , 6	 , 150.0, 
300	 , 57954	 , 0	 , 6	 , 150.0, 
300	 , 58294	 , 0	 , 6	 , 149.99992, 
300	 , 58920	 , 0	 , 6	 , 149.99976, 
300	 , 59566	 , 0	 , 6	 , 149.99996, 
300	 , 61346	 , 1	 , 6	 , 149.99998, 
300	 , 59846	 , 0	 , 6	 , 150.0, 
300	 , 61230	 , 1	 , 6	 , 149.99999, 
300	 , 60174	 , 0	 , 6	 , 150.0, 
300	 , 60004	 , 1	 , 6	 , 150.0, 
300	 , 61394	 , 1	 , 6	 , 149.99996, 
300	 , 60886	 , 1	 , 6	 , 150.0, 
300	 , 58900	 , 0	 , 6	 , 149.99975, 
300	 , 61686	 , 1	 , 6	 , 149.99998, 
300	 , 58388	 , 0	 , 6	 , 150.0, 
300	 , 60472	 , 2	 , 6	 , 149.99998, 
300	 , 61606	 , 1	 , 6	 , 150.0, 
300	 , 60926	 , 1	 , 6	 , 149.99968, 
300	 , 61516	 , 0	 , 6	 , 150.0, 
300	 , 59704	 , 1	 , 6	 , 149.99991, 
300	 , 60882	 , 0	 , 6	 , 149.99999, 
300	 , 60768	 , 1	 , 6	 , 150.0, 
300	 , 61036	 , 0	 , 6	 , 149.99999, 
300	 , 51528	 , 0	 , 5	 , 50.0, 
300	 , 60574	 , 0	 , 6	 , 149.99998, 
300	 , 60782	 , 0	 , 6	 , 150.0, 
300	 , 59576	 , 0	 , 6	 , 150.0, 
300	 , 60174	 , 0	 , 6	 , 150.0, 
300	 , 59992	 , 0	 , 6	 , 150.0, 
300	 , 59894	 , 1	 , 6	 , 149.99998, 
300	 , 60630	 , 1	 , 6	 , 149.99998, 
300	 , 61664	 , 1	 , 6	 , 149.99994, 
300	 , 60574	 , 0	 , 6	 , 149.99999, 
300	 , 60210	 , 0	 , 6	 , 149.99994, 
300	 , 60200	 , 0	 , 6	 , 149.99999, 
300	 , 62134	 , 1	 , 6	 , 149.99998, 
300	 , 57852	 , 1	 , 6	 , 150.0, 
300	 , 51528	 , 0	 , 5	 , 50.0, 
300	 , 60726	 , 1	 , 6	 , 149.99998, 
300	 , 60224	 , 0	 , 6	 , 150.0, 
300	 , 62080	 , 0	 , 6	 , 149.99999, 
300	 , 58774	 , 1	 , 6	 , 150.0, 
300	 , 61818	 , 0	 , 6	 , 149.99998, 
300	 , 60410	 , 0	 , 6	 , 149.99998, 
300	 , 62618	 , 0	 , 6	 , 150.0, 
300	 , 59962	 , 0	 , 6	 , 150.0, 
300	 , 61036	 , 2	 , 6	 , 149.99999, 
300	 , 61272	 , 1	 , 6	 , 150.0, 
300	 , 59068	 , 0	 , 6	 , 149.99997, 
300	 , 59510	 , 1	 , 6	 , 150.0, 
300	 , 61608	 , 0	 , 6	 , 149.99999, 
300	 , 62494	 , 0	 , 6	 , 149.99998, 
300	 , 61224	 , 1	 , 6	 , 150.0, 
300	 , 62516	 , 1	 , 6	 , 149.99998, 
300	 , 61142	 , 0	 , 6	 , 149.9999, 
300	 , 62278	 , 1	 , 6	 , 150.0, 
300	 , 60240	 , 1	 , 6	 , 150.0, 
300	 , 61840	 , 1	 , 6	 , 149.99998, 
300	 , 61966	 , 0	 , 6	 , 150.0, 
300	 , 60822	 , 1	 , 6	 , 150.0, 
300	 , 62232	 , 1	 , 6	 , 150.0, 
300	 , 59570	 , 0	 , 6	 , 150.0, 
300	 , 61640	 , 1	 , 6	 , 149.99999, 
300	 , 61346	 , 0	 , 6	 , 150.0, 
300	 , 60384	 , 0	 , 6	 , 149.99998, 
300	 , 61668	 , 0	 , 6	 , 150.0, 
300	 , 60830	 , 1	 , 6	 , 149.99998, 
300	 , 61748	 , 0	 , 6	 , 150.0, 
300	 , 59960	 , 0	 , 6	 , 150.0, 
300	 , 58886	 , 0	 , 6	 , 149.99996, 
300	 , 62326	 , 1	 , 6	 , 150.0, 
300	 , 60974	 , 0	 , 6	 , 149.99999, 
300	 , 61004	 , 0	 , 6	 , 150.0, 
300	 , 60350	 , 0	 , 6	 , 150.0, 
300	 , 59572	 , 0	 , 6	 , 149.99998, 
300	 , 60506	 , 0	 , 6	 , 149.99975, 
300	 , 59776	 , 1	 , 6	 , 150.0, 
300	 , 61166	 , 1	 , 6	 , 150.0, 
300	 , 59814	 , 0	 , 6	 , 149.99996, 
300	 , 58802	 , 0	 , 6	 , 150.0, 
300	 , 61122	 , 1	 , 6	 , 150.0, 
300	 , 59614	 , 0	 , 6	 , 149.99998, 
300	 , 59058	 , 1	 , 6	 , 149.99998, 
300	 , 62084	 , 1	 , 6	 , 150.0, 
300	 , 58838	 , 0	 , 6	 , 149.99998, 
300	 , 60850	 , 0	 , 6	 , 149.99997, 
300	 , 60040	 , 2	 , 6	 , 149.99998, 
300	 , 62422	 , 0	 , 6	 , 150.0, 
300	 , 61286	 , 1	 , 6	 , 150.0, 
300	 , 60380	 , 0	 , 6	 , 150.0, 
300	 , 60618	 , 1	 , 6	 , 150.0, 
300	 , 61946	 , 0	 , 6	 , 150.0, 
300	 , 60216	 , 0	 , 6	 , 149.99999, 
300	 , 57116	 , 0	 , 6	 , 150.0, 
300	 , 60868	 , 0	 , 6	 , 150.0, 
300	 , 60926	 , 0	 , 6	 , 149.99994, 
300	 , 60432	 , 0	 , 6	 , 149.99999, 
300	 , 59064	 , 1	 , 6	 , 150.0, 
300	 , 51522	 , 1	 , 5	 , 50.0, 
300	 , 60682	 , 1	 , 6	 , 149.99998, 
300	 , 60258	 , 0	 , 6	 , 149.99994, 
300	 , 57210	 , 1	 , 6	 , 150.0, 
300	 , 61778	 , 0	 , 6	 , 150.0, 
300	 , 61416	 , 1	 , 6	 , 149.99998, 
300	 , 61290	 , 1	 , 6	 , 149.99998, 
300	 , 59756	 , 0	 , 6	 , 149.99997, 
300	 , 60862	 , 0	 , 6	 , 149.99998, 
300	 , 60070	 , 0	 , 6	 , 149.99997, 
300	 , 51522	 , 1	 , 5	 , 50.0, 
300	 , 57692	 , 0	 , 6	 , 150.0, 
300	 , 60520	 , 1	 , 6	 , 149.99998, 
300	 , 60434	 , 1	 , 6	 , 149.99999, 
300	 , 59874	 , 0	 , 6	 , 149.99999, 
300	 , 59528	 , 1	 , 6	 , 149.99998, 
300	 , 59540	 , 1	 , 6	 , 149.99996, 
300	 , 60850	 , 1	 , 6	 , 149.99999, 
300	 , 60390	 , 0	 , 6	 , 150.0, 
300	 , 61320	 , 1	 , 6	 , 150.0, 
300	 , 62300	 , 1	 , 6	 , 150.0, 
300	 , 62106	 , 0	 , 6	 , 150.0, 
300	 , 61520	 , 0	 , 6	 , 150.0, 
300	 , 61966	 , 0	 , 6	 , 149.99929, 
300	 , 61278	 , 0	 , 6	 , 150.0, 
300	 , 58766	 , 1	 , 6	 , 149.99998, 
300	 , 60742	 , 0	 , 6	 , 150.0, 
300	 , 59636	 , 1	 , 6	 , 150.0, 
300	 , 59396	 , 1	 , 6	 , 150.0, 
300	 , 60804	 , 0	 , 6	 , 149.99998, 
300	 , 60380	 , 1	 , 6	 , 150.0, 
300	 , 62434	 , 1	 , 6	 , 150.0, 
300	 , 60758	 , 1	 , 6	 , 149.99999, 
300	 , 59800	 , 0	 , 6	 , 149.99998, 
300	 , 59816	 , 0	 , 6	 , 150.0, 
300	 , 58574	 , 0	 , 6	 , 149.99999, 
300	 , 61558	 , 1	 , 6	 , 150.0, 
300	 , 51516	 , 1	 , 5	 , 50.0, 
300	 , 61840	 , 0	 , 6	 , 150.0, 
300	 , 59366	 , 1	 , 6	 , 150.0, 
300	 , 60546	 , 0	 , 6	 , 149.99999, 
300	 , 58796	 , 0	 , 6	 , 150.0, 
300	 , 59800	 , 0	 , 6	 , 149.99998, 
300	 , 61106	 , 0	 , 6	 , 150.0, 
300	 , 61800	 , 0	 , 6	 , 149.99999, 
300	 , 60552	 , 0	 , 6	 , 149.99977, 
300	 , 61720	 , 0	 , 6	 , 149.99997, 
300	 , 62360	 , 1	 , 6	 , 149.99998, 
300	 , 60178	 , 1	 , 6	 , 149.99998, 
300	 , 58210	 , 1	 , 6	 , 149.99998, 
300	 , 60514	 , 0	 , 6	 , 150.0, 
300	 , 58848	 , 1	 , 6	 , 150.0, 
300	 , 62134	 , 1	 , 6	 , 150.0, 
300	 , 61844	 , 0	 , 6	 , 149.99999, 
300	 , 61506	 , 1	 , 6	 , 149.99998, 
300	 , 60194	 , 2	 , 6	 , 149.99998, 
300	 , 60766	 , 2	 , 6	 , 149.99999, 
300	 , 60950	 , 1	 , 6	 , 150.0, 
300	 , 60572	 , 1	 , 6	 , 149.99998, 
300	 , 60512	 , 0	 , 6	 , 149.99998, 
300	 , 59546	 , 1	 , 6	 , 150.0, 
300	 , 59464	 , 0	 , 6	 , 149.99994, 
300	 , 61720	 , 1	 , 6	 , 149.99996, 
300	 , 60900	 , 0	 , 6	 , 150.0, 
300	 , 57178	 , 0	 , 6	 , 150.0, 
300	 , 59106	 , 1	 , 6	 , 149.99985, 
300	 , 60482	 , 0	 , 6	 , 149.99988, 
300	 , 60728	 , 0	 , 6	 , 150.0, 
300	 , 59472	 , 0	 , 6	 , 150.0, 
300	 , 58240	 , 1	 , 6	 , 150.0, 
300	 , 60630	 , 1	 , 6	 , 150.0, 
300	 , 61956	 , 0	 , 6	 , 150.0, 
300	 , 60124	 , 0	 , 6	 , 150.0, 
300	 , 60212	 , 0	 , 6	 , 150.0, 
300	 , 59206	 , 0	 , 6	 , 149.99997, 
300	 , 61720	 , 1	 , 6	 , 150.0, 
300	 , 60976	 , 0	 , 6	 , 149.99999, 
300	 , 59874	 , 0	 , 6	 , 149.99997, 
300	 , 59760	 , 0	 , 6	 , 149.99994, 
300	 , 59724	 , 0	 , 6	 , 149.99999, 
300	 , 60868	 , 1	 , 6	 , 150.0, 
300	 , 59968	 , 0	 , 6	 , 150.0, 
350	 , 53140	 , 0	 , 5	 , 149.99985, 
350	 , 55990	 , 0	 , 5	 , 149.99974, 
350	 , 53476	 , 0	 , 5	 , 149.99989, 
350	 , 56630	 , 0	 , 5	 , 149.99998, 
350	 , 55494	 , 0	 , 5	 , 150.0, 
350	 , 55902	 , 0	 , 5	 , 150.0, 
350	 , 56654	 , 0	 , 5	 , 149.99998, 
350	 , 55430	 , 0	 , 5	 , 149.99997, 
350	 , 54800	 , 0	 , 5	 , 149.99978, 
350	 , 57560	 , 0	 , 5	 , 149.99991, 
350	 , 54660	 , 0	 , 5	 , 150.0, 
350	 , 54454	 , 0	 , 5	 , 149.9999, 
350	 , 57194	 , 0	 , 5	 , 150.0, 
350	 , 56462	 , 0	 , 5	 , 149.99991, 
350	 , 57134	 , 0	 , 5	 , 149.99998, 
350	 , 55242	 , 0	 , 5	 , 150.0, 
350	 , 54756	 , 0	 , 5	 , 149.99967, 
350	 , 53318	 , 0	 , 5	 , 149.99999, 
350	 , 56644	 , 0	 , 5	 , 150.0, 
350	 , 57256	 , 0	 , 5	 , 149.99996, 
350	 , 54406	 , 1	 , 5	 , 149.99999, 
350	 , 55544	 , 0	 , 5	 , 149.99985, 
350	 , 55650	 , 0	 , 5	 , 150.0, 
350	 , 55646	 , 0	 , 5	 , 150.0, 
350	 , 53822	 , 0	 , 5	 , 149.99998, 
350	 , 53570	 , 0	 , 5	 , 149.99986, 
350	 , 54834	 , 0	 , 5	 , 149.99957, 
350	 , 55316	 , 0	 , 5	 , 150.0, 
350	 , 56422	 , 0	 , 5	 , 149.99998, 
350	 , 53136	 , 0	 , 5	 , 149.99988, 
350	 , 55848	 , 0	 , 5	 , 149.99998, 
350	 , 53196	 , 0	 , 5	 , 150.0, 
350	 , 52416	 , 0	 , 5	 , 149.99998, 
350	 , 54864	 , 0	 , 5	 , 149.99999, 
350	 , 54660	 , 0	 , 5	 , 149.99985, 
350	 , 55046	 , 0	 , 5	 , 149.99994, 
350	 , 54570	 , 0	 , 5	 , 150.0, 
350	 , 56018	 , 0	 , 5	 , 149.99998, 
350	 , 56244	 , 0	 , 5	 , 150.0, 
350	 , 54648	 , 0	 , 5	 , 149.99981, 
350	 , 53680	 , 0	 , 5	 , 149.99998, 
350	 , 53150	 , 0	 , 5	 , 149.99838, 
350	 , 55652	 , 0	 , 5	 , 149.99999, 
350	 , 56630	 , 0	 , 5	 , 150.0, 
350	 , 53930	 , 0	 , 5	 , 150.0, 
350	 , 54798	 , 0	 , 5	 , 149.99982, 
350	 , 53412	 , 0	 , 5	 , 149.99997, 
350	 , 55896	 , 1	 , 5	 , 149.99988, 
350	 , 56300	 , 0	 , 5	 , 149.99998, 
350	 , 56372	 , 0	 , 5	 , 149.99999, 
350	 , 55858	 , 0	 , 5	 , 149.99999, 
350	 , 60102	 , 0	 , 5	 , 50.0, 
350	 , 52806	 , 0	 , 5	 , 149.99981, 
350	 , 55244	 , 0	 , 5	 , 149.99999, 
350	 , 55816	 , 1	 , 5	 , 149.99996, 
350	 , 56948	 , 1	 , 5	 , 149.99998, 
350	 , 56438	 , 0	 , 5	 , 150.0, 
350	 , 54410	 , 0	 , 5	 , 149.99994, 
350	 , 56024	 , 0	 , 5	 , 149.99996, 
350	 , 54148	 , 0	 , 5	 , 149.99994, 
350	 , 56556	 , 0	 , 5	 , 149.99999, 
350	 , 56250	 , 0	 , 5	 , 149.99994, 
350	 , 54298	 , 0	 , 5	 , 149.99994, 
350	 , 53752	 , 0	 , 5	 , 149.99986, 
350	 , 55070	 , 0	 , 5	 , 149.99999, 
350	 , 54894	 , 0	 , 5	 , 149.99988, 
350	 , 53174	 , 0	 , 5	 , 149.9989, 
350	 , 54322	 , 0	 , 5	 , 149.99986, 
350	 , 54964	 , 0	 , 5	 , 149.99957, 
350	 , 53732	 , 0	 , 5	 , 149.99948, 
350	 , 56624	 , 0	 , 5	 , 149.99999, 
350	 , 54598	 , 0	 , 5	 , 149.99999, 
350	 , 55056	 , 1	 , 5	 , 149.99996, 
350	 , 56530	 , 0	 , 5	 , 149.99998, 
350	 , 56004	 , 0	 , 5	 , 150.0, 
350	 , 55240	 , 0	 , 5	 , 149.99991, 
350	 , 54540	 , 0	 , 5	 , 149.99994, 
350	 , 56364	 , 0	 , 5	 , 149.99994, 
350	 , 56248	 , 0	 , 5	 , 149.99998, 
350	 , 56194	 , 0	 , 5	 , 150.0, 
350	 , 55566	 , 2	 , 5	 , 150.0, 
350	 , 53810	 , 0	 , 5	 , 149.99999, 
350	 , 56144	 , 0	 , 5	 , 150.0, 
350	 , 56688	 , 0	 , 5	 , 150.0, 
350	 , 53400	 , 0	 , 5	 , 149.99998, 
350	 , 55710	 , 0	 , 5	 , 149.99998, 
350	 , 54044	 , 0	 , 5	 , 149.9999, 
350	 , 57254	 , 1	 , 5	 , 150.0, 
350	 , 55544	 , 0	 , 5	 , 150.0, 
350	 , 55784	 , 0	 , 5	 , 149.99984, 
350	 , 55064	 , 0	 , 5	 , 149.99994, 
350	 , 54250	 , 0	 , 5	 , 149.99998, 
350	 , 54718	 , 0	 , 5	 , 150.0, 
350	 , 56190	 , 0	 , 5	 , 150.0, 
350	 , 55524	 , 0	 , 5	 , 149.99994, 
350	 , 55148	 , 0	 , 5	 , 149.99974, 
350	 , 55086	 , 0	 , 5	 , 149.99998, 
350	 , 55636	 , 0	 , 5	 , 149.99959, 
350	 , 55656	 , 0	 , 5	 , 149.99994, 
350	 , 55758	 , 0	 , 5	 , 149.99997, 
350	 , 54434	 , 0	 , 5	 , 149.99999, 
350	 , 56776	 , 1	 , 5	 , 149.99998, 
350	 , 53580	 , 0	 , 5	 , 149.99962, 
350	 , 57326	 , 1	 , 5	 , 149.99998, 
350	 , 55882	 , 0	 , 5	 , 149.99985, 
350	 , 54486	 , 0	 , 5	 , 149.99999, 
350	 , 55586	 , 1	 , 5	 , 149.99998, 
350	 , 56548	 , 0	 , 5	 , 150.0, 
350	 , 54578	 , 1	 , 5	 , 149.99999, 
350	 , 55664	 , 0	 , 5	 , 150.0, 
350	 , 60084	 , 0	 , 5	 , 50.0, 
350	 , 54738	 , 1	 , 5	 , 149.99999, 
350	 , 52694	 , 0	 , 5	 , 150.0, 
350	 , 55964	 , 0	 , 5	 , 150.0, 
350	 , 53234	 , 1	 , 5	 , 149.99998, 
350	 , 54702	 , 1	 , 5	 , 150.0, 
350	 , 54688	 , 1	 , 5	 , 149.99998, 
350	 , 55638	 , 0	 , 5	 , 149.99998, 
350	 , 56270	 , 0	 , 5	 , 150.0, 
350	 , 55798	 , 0	 , 5	 , 149.99998, 
350	 , 55286	 , 1	 , 5	 , 149.99998, 
350	 , 55410	 , 0	 , 5	 , 149.99997, 
350	 , 55182	 , 0	 , 5	 , 149.99981, 
350	 , 54740	 , 0	 , 5	 , 149.99999, 
350	 , 54348	 , 1	 , 5	 , 150.0, 
350	 , 55744	 , 0	 , 5	 , 150.0, 
350	 , 54750	 , 0	 , 5	 , 149.99998, 
350	 , 54584	 , 0	 , 5	 , 149.99994, 
350	 , 57212	 , 0	 , 5	 , 149.99998, 
350	 , 55848	 , 0	 , 5	 , 150.0, 
350	 , 53702	 , 0	 , 5	 , 149.99996, 
350	 , 54270	 , 0	 , 5	 , 149.9999, 
350	 , 56500	 , 0	 , 5	 , 149.99998, 
350	 , 55586	 , 0	 , 5	 , 149.99998, 
350	 , 56176	 , 0	 , 5	 , 149.99996, 
350	 , 53970	 , 0	 , 5	 , 149.99636, 
350	 , 55292	 , 0	 , 5	 , 150.0, 
350	 , 54548	 , 0	 , 5	 , 149.99951, 
350	 , 56658	 , 0	 , 5	 , 150.0, 
350	 , 54454	 , 0	 , 5	 , 149.99951, 
350	 , 55136	 , 0	 , 5	 , 149.9999, 
350	 , 54888	 , 0	 , 5	 , 149.99998, 
350	 , 55728	 , 0	 , 5	 , 150.0, 
350	 , 54156	 , 0	 , 5	 , 149.99974, 
350	 , 54688	 , 0	 , 5	 , 149.99988, 
350	 , 54130	 , 0	 , 5	 , 149.99998, 
350	 , 53132	 , 0	 , 5	 , 149.99032, 
350	 , 56728	 , 0	 , 5	 , 149.99997, 
350	 , 54724	 , 0	 , 5	 , 149.9995, 
350	 , 55346	 , 0	 , 5	 , 149.99999, 
350	 , 54998	 , 1	 , 5	 , 149.99998, 
350	 , 54638	 , 0	 , 5	 , 149.99972, 
350	 , 55136	 , 0	 , 5	 , 149.99999, 
350	 , 52754	 , 0	 , 5	 , 149.99932, 
350	 , 55424	 , 0	 , 5	 , 149.99935, 
350	 , 54286	 , 0	 , 5	 , 149.99968, 
350	 , 57066	 , 1	 , 5	 , 149.9999, 
350	 , 56186	 , 0	 , 5	 , 150.0, 
350	 , 53692	 , 0	 , 5	 , 149.99998, 
350	 , 56378	 , 0	 , 5	 , 149.99998, 
350	 , 56790	 , 0	 , 5	 , 149.99999, 
350	 , 53004	 , 0	 , 5	 , 149.99999, 
350	 , 54116	 , 1	 , 5	 , 149.99998, 
350	 , 56242	 , 0	 , 5	 , 149.99969, 
350	 , 54818	 , 0	 , 5	 , 150.0, 
350	 , 55882	 , 0	 , 5	 , 149.99988, 
350	 , 53864	 , 0	 , 5	 , 149.99957, 
350	 , 54450	 , 0	 , 5	 , 149.99998, 
350	 , 55830	 , 1	 , 5	 , 149.99999, 
350	 , 55492	 , 0	 , 5	 , 150.0, 
350	 , 55268	 , 0	 , 5	 , 149.99921, 
350	 , 54950	 , 0	 , 5	 , 149.99986, 
350	 , 55210	 , 0	 , 5	 , 150.0, 
350	 , 55462	 , 0	 , 5	 , 149.99994, 
350	 , 55198	 , 0	 , 5	 , 149.99999, 
350	 , 54406	 , 0	 , 5	 , 150.0, 
350	 , 54898	 , 0	 , 5	 , 149.99998, 
350	 , 54494	 , 0	 , 5	 , 149.99489, 
350	 , 54230	 , 0	 , 5	 , 149.9999, 
350	 , 55746	 , 1	 , 5	 , 149.99999, 
350	 , 54912	 , 0	 , 5	 , 149.99999, 
350	 , 56950	 , 1	 , 5	 , 149.99998, 
350	 , 55080	 , 1	 , 5	 , 149.99998, 
350	 , 55904	 , 0	 , 5	 , 149.99998, 
350	 , 56010	 , 0	 , 5	 , 149.99999, 
350	 , 56096	 , 0	 , 5	 , 149.99991, 
350	 , 56842	 , 0	 , 5	 , 149.99994, 
350	 , 54450	 , 0	 , 5	 , 149.9999, 
350	 , 54582	 , 0	 , 5	 , 149.99994, 
350	 , 56066	 , 1	 , 5	 , 149.99998, 
350	 , 53064	 , 0	 , 5	 , 149.99994, 
350	 , 55462	 , 0	 , 5	 , 149.99994, 
350	 , 56654	 , 0	 , 5	 , 150.0, 
350	 , 55394	 , 0	 , 5	 , 149.99999, 
350	 , 56700	 , 0	 , 5	 , 150.0, 
350	 , 55186	 , 0	 , 5	 , 149.99998, 
350	 , 56206	 , 0	 , 5	 , 149.99998, 
350	 , 54880	 , 0	 , 5	 , 150.0, 
350	 , 52788	 , 0	 , 5	 , 150.0, 
350	 , 53666	 , 0	 , 5	 , 149.99991, 
350	 , 53578	 , 1	 , 5	 , 149.99999, 
350	 , 56438	 , 0	 , 5	 , 149.99985, 
350	 , 56290	 , 0	 , 5	 , 149.99998, 
350	 , 55856	 , 0	 , 5	 , 149.99994, 
350	 , 54858	 , 1	 , 5	 , 150.0, 
350	 , 55226	 , 0	 , 5	 , 150.0, 
350	 , 56408	 , 0	 , 5	 , 150.0, 
350	 , 56262	 , 0	 , 5	 , 150.0, 
350	 , 55114	 , 0	 , 5	 , 149.99988, 
350	 , 54938	 , 0	 , 5	 , 150.0, 
350	 , 54864	 , 0	 , 5	 , 149.9998, 
350	 , 57142	 , 0	 , 5	 , 149.99998, 
350	 , 53598	 , 0	 , 5	 , 149.99998, 
350	 , 55046	 , 0	 , 5	 , 149.99991, 
350	 , 55030	 , 0	 , 5	 , 149.99999, 
350	 , 54554	 , 1	 , 5	 , 149.99999, 
350	 , 56260	 , 1	 , 5	 , 150.0, 
350	 , 55970	 , 0	 , 5	 , 149.99998, 
350	 , 54510	 , 0	 , 5	 , 149.99994, 
350	 , 56670	 , 0	 , 5	 , 150.0, 
350	 , 54656	 , 0	 , 5	 , 149.99977, 
350	 , 54260	 , 0	 , 5	 , 150.0, 
350	 , 55116	 , 0	 , 5	 , 149.99977, 
350	 , 54476	 , 0	 , 5	 , 149.99999, 
350	 , 54176	 , 0	 , 5	 , 149.99967, 
350	 , 55026	 , 0	 , 5	 , 150.0, 
350	 , 60096	 , 1	 , 5	 , 50.0, 
350	 , 55412	 , 0	 , 5	 , 149.99999, 
350	 , 54366	 , 0	 , 5	 , 149.99991, 
350	 , 54696	 , 0	 , 5	 , 149.99999, 
350	 , 57114	 , 0	 , 5	 , 149.99996, 
350	 , 56090	 , 0	 , 5	 , 150.0, 
350	 , 54344	 , 0	 , 5	 , 149.99999, 
350	 , 60170	 , 1	 , 5	 , 50.0, 
350	 , 54046	 , 0	 , 5	 , 149.99878, 
350	 , 53892	 , 0	 , 5	 , 149.99999, 
350	 , 54288	 , 0	 , 5	 , 149.99986, 
350	 , 55710	 , 1	 , 5	 , 149.99997, 
350	 , 53758	 , 0	 , 5	 , 149.99999, 
350	 , 56288	 , 0	 , 5	 , 149.99998, 
350	 , 55166	 , 0	 , 5	 , 149.99998, 
350	 , 55462	 , 0	 , 5	 , 149.99999, 
350	 , 55370	 , 0	 , 5	 , 149.99986, 
350	 , 55630	 , 0	 , 5	 , 149.99999, 
350	 , 54608	 , 0	 , 5	 , 149.99968, 
350	 , 54478	 , 0	 , 5	 , 149.99957, 
350	 , 56138	 , 0	 , 5	 , 149.99988, 
350	 , 56106	 , 0	 , 5	 , 149.99999, 
350	 , 54260	 , 0	 , 5	 , 149.99941, 
350	 , 55020	 , 0	 , 5	 , 149.99972, 
400	 , 60990	 , 0	 , 5	 , 149.99999, 
400	 , 61640	 , 0	 , 5	 , 149.99994, 
400	 , 62396	 , 0	 , 5	 , 149.99917, 
400	 , 62930	 , 0	 , 5	 , 149.99957, 
400	 , 62988	 , 0	 , 5	 , 149.99957, 
400	 , 64766	 , 1	 , 5	 , 149.99999, 
400	 , 62906	 , 0	 , 5	 , 149.9998, 
400	 , 61424	 , 0	 , 5	 , 149.99996, 
400	 , 64154	 , 0	 , 5	 , 150.0, 
400	 , 64750	 , 0	 , 5	 , 149.99998, 
400	 , 63324	 , 0	 , 5	 , 149.99985, 
400	 , 64490	 , 0	 , 5	 , 149.99997, 
400	 , 62652	 , 0	 , 5	 , 150.0, 
400	 , 62710	 , 0	 , 5	 , 149.99991, 
400	 , 63006	 , 0	 , 5	 , 149.99999, 
400	 , 62180	 , 0	 , 5	 , 149.99999, 
400	 , 61192	 , 0	 , 5	 , 149.99997, 
400	 , 64834	 , 0	 , 5	 , 149.99998, 
400	 , 64440	 , 1	 , 5	 , 150.0, 
400	 , 63076	 , 0	 , 5	 , 150.0, 
400	 , 62710	 , 0	 , 5	 , 149.99999, 
400	 , 62934	 , 0	 , 5	 , 149.99997, 
400	 , 64048	 , 0	 , 5	 , 149.99994, 
400	 , 63402	 , 0	 , 5	 , 149.99996, 
400	 , 63476	 , 0	 , 5	 , 149.99999, 
400	 , 62420	 , 0	 , 5	 , 149.99998, 
400	 , 61552	 , 0	 , 5	 , 149.99975, 
400	 , 62106	 , 0	 , 5	 , 149.99997, 
400	 , 62754	 , 0	 , 5	 , 150.0, 
400	 , 64330	 , 0	 , 5	 , 149.99998, 
400	 , 62756	 , 0	 , 5	 , 149.99999, 
400	 , 63372	 , 0	 , 5	 , 150.0, 
400	 , 61970	 , 0	 , 5	 , 149.99984, 
400	 , 61692	 , 0	 , 5	 , 149.99994, 
400	 , 62506	 , 0	 , 5	 , 149.99999, 
400	 , 64270	 , 0	 , 5	 , 149.99997, 
400	 , 61160	 , 0	 , 5	 , 150.0, 
400	 , 61692	 , 0	 , 5	 , 149.99975, 
400	 , 63748	 , 0	 , 5	 , 150.0, 
400	 , 63986	 , 1	 , 5	 , 149.99998, 
400	 , 64582	 , 0	 , 5	 , 149.99999, 
400	 , 60826	 , 0	 , 5	 , 149.99999, 
400	 , 62904	 , 0	 , 5	 , 149.99991, 
400	 , 63380	 , 1	 , 5	 , 149.99999, 
400	 , 63196	 , 0	 , 5	 , 149.99994, 
400	 , 62564	 , 0	 , 5	 , 149.99997, 
400	 , 64698	 , 0	 , 5	 , 150.0, 
400	 , 65080	 , 0	 , 5	 , 149.99997, 
400	 , 63830	 , 0	 , 5	 , 149.99999, 
400	 , 63736	 , 0	 , 5	 , 150.0, 
400	 , 64538	 , 0	 , 5	 , 149.99999, 
400	 , 63308	 , 0	 , 5	 , 149.99998, 
400	 , 60818	 , 0	 , 5	 , 149.99999, 
400	 , 60846	 , 0	 , 5	 , 149.99999, 
400	 , 64656	 , 0	 , 5	 , 149.99999, 
400	 , 61098	 , 0	 , 5	 , 149.99998, 
400	 , 61786	 , 0	 , 5	 , 149.99998, 
400	 , 60802	 , 0	 , 5	 , 149.99998, 
400	 , 63950	 , 0	 , 5	 , 149.99999, 
400	 , 61508	 , 0	 , 5	 , 149.9998, 
400	 , 62566	 , 1	 , 5	 , 149.99999, 
400	 , 63524	 , 0	 , 5	 , 149.99991, 
400	 , 63852	 , 0	 , 5	 , 150.0, 
400	 , 63002	 , 0	 , 5	 , 149.99965, 
400	 , 62686	 , 0	 , 5	 , 150.0, 
400	 , 61564	 , 0	 , 5	 , 149.99957, 
400	 , 63284	 , 0	 , 5	 , 149.99994, 
400	 , 62838	 , 0	 , 5	 , 149.99994, 
400	 , 61526	 , 0	 , 5	 , 149.9999, 
400	 , 64736	 , 0	 , 5	 , 149.99998, 
400	 , 62844	 , 0	 , 5	 , 149.99982, 
400	 , 64026	 , 0	 , 5	 , 149.99999, 
400	 , 62222	 , 0	 , 5	 , 149.99998, 
400	 , 63134	 , 0	 , 5	 , 149.99997, 
400	 , 64138	 , 0	 , 5	 , 149.99996, 
400	 , 64270	 , 0	 , 5	 , 150.0, 
400	 , 64388	 , 0	 , 5	 , 149.99998, 
400	 , 62620	 , 0	 , 5	 , 149.99996, 
400	 , 61356	 , 1	 , 5	 , 149.99998, 
400	 , 63834	 , 0	 , 5	 , 150.0, 
400	 , 62562	 , 0	 , 5	 , 150.0, 
400	 , 65634	 , 0	 , 5	 , 149.99998, 
400	 , 61852	 , 0	 , 5	 , 149.99996, 
400	 , 63382	 , 0	 , 5	 , 149.99998, 
400	 , 62478	 , 1	 , 5	 , 150.0, 
400	 , 68760	 , 1	 , 5	 , 50.0, 
400	 , 63666	 , 0	 , 5	 , 149.99999, 
400	 , 65102	 , 0	 , 5	 , 150.0, 
400	 , 61474	 , 0	 , 5	 , 149.99998, 
400	 , 62950	 , 0	 , 5	 , 149.99999, 
400	 , 62588	 , 1	 , 5	 , 150.0, 
400	 , 62702	 , 0	 , 5	 , 150.0, 
400	 , 63144	 , 0	 , 5	 , 150.0, 
400	 , 63564	 , 0	 , 5	 , 149.99988, 
400	 , 63078	 , 0	 , 5	 , 149.99969, 
400	 , 64668	 , 0	 , 5	 , 150.0, 
400	 , 61738	 , 1	 , 5	 , 149.99999, 
400	 , 60876	 , 0	 , 5	 , 149.99881, 
400	 , 61416	 , 1	 , 5	 , 149.99999, 
400	 , 63042	 , 0	 , 5	 , 149.99999, 
400	 , 62522	 , 0	 , 5	 , 149.99951, 
400	 , 64542	 , 0	 , 5	 , 149.99999, 
400	 , 62898	 , 0	 , 5	 , 150.0, 
400	 , 63458	 , 0	 , 5	 , 149.9998, 
400	 , 61288	 , 0	 , 5	 , 149.99994, 
400	 , 63474	 , 0	 , 5	 , 149.99999, 
400	 , 68772	 , 1	 , 5	 , 50.0, 
400	 , 64228	 , 0	 , 5	 , 150.0, 
400	 , 62716	 , 0	 , 5	 , 149.99948, 
400	 , 62270	 , 0	 , 5	 , 150.0, 
400	 , 64548	 , 0	 , 5	 , 149.99998, 
400	 , 63304	 , 0	 , 5	 , 149.99999, 
400	 , 63956	 , 0	 , 5	 , 150.0, 
400	 , 62714	 , 0	 , 5	 , 149.99998, 
400	 , 63914	 , 0	 , 5	 , 149.99998, 
400	 , 64278	 , 0	 , 5	 , 149.99981, 
400	 , 63010	 , 0	 , 5	 , 149.99998, 
400	 , 60344	 , 0	 , 5	 , 149.99991, 
400	 , 63938	 , 0	 , 5	 , 149.99998, 
400	 , 61234	 , 0	 , 5	 , 149.99992, 
400	 , 62570	 , 0	 , 5	 , 149.99991, 
400	 , 64900	 , 0	 , 5	 , 149.99968, 
400	 , 63980	 , 1	 , 5	 , 149.99999, 
400	 , 62428	 , 0	 , 5	 , 149.99877, 
400	 , 63250	 , 0	 , 5	 , 149.99998, 
400	 , 62640	 , 1	 , 5	 , 149.99998, 
400	 , 60818	 , 0	 , 5	 , 149.99999, 
400	 , 63082	 , 0	 , 5	 , 149.99999, 
400	 , 63132	 , 0	 , 5	 , 150.0, 
400	 , 63860	 , 0	 , 5	 , 150.0, 
400	 , 62534	 , 0	 , 5	 , 149.99999, 
400	 , 60668	 , 0	 , 5	 , 149.99997, 
400	 , 63506	 , 0	 , 5	 , 149.99998, 
400	 , 64664	 , 0	 , 5	 , 149.99998, 
400	 , 65022	 , 0	 , 5	 , 150.0, 
400	 , 61338	 , 0	 , 5	 , 149.99988, 
400	 , 64208	 , 0	 , 5	 , 150.0, 
400	 , 63128	 , 0	 , 5	 , 149.99999, 
400	 , 63346	 , 0	 , 5	 , 150.0, 
400	 , 63068	 , 0	 , 5	 , 149.99999, 
400	 , 62914	 , 0	 , 5	 , 149.99999, 
400	 , 63590	 , 0	 , 5	 , 149.99999, 
400	 , 63404	 , 0	 , 5	 , 150.0, 
400	 , 64370	 , 0	 , 5	 , 149.99999, 
400	 , 62874	 , 0	 , 5	 , 150.0, 
400	 , 62912	 , 0	 , 5	 , 149.99991, 
400	 , 62298	 , 1	 , 5	 , 150.0, 
400	 , 64944	 , 0	 , 5	 , 149.99994, 
400	 , 63586	 , 0	 , 5	 , 150.0, 
400	 , 60684	 , 0	 , 5	 , 150.0, 
400	 , 63002	 , 0	 , 5	 , 149.99905, 
400	 , 62100	 , 0	 , 5	 , 149.99999, 
400	 , 60346	 , 0	 , 5	 , 149.99972, 
400	 , 61016	 , 0	 , 5	 , 149.99999, 
400	 , 63982	 , 0	 , 5	 , 149.9999, 
400	 , 64684	 , 0	 , 5	 , 149.99998, 
400	 , 63054	 , 0	 , 5	 , 149.99998, 
400	 , 63218	 , 0	 , 5	 , 150.0, 
400	 , 64856	 , 0	 , 5	 , 149.99994, 
400	 , 62474	 , 0	 , 5	 , 149.99911, 
400	 , 60376	 , 0	 , 5	 , 149.99999, 
400	 , 64386	 , 0	 , 5	 , 150.0, 
400	 , 64428	 , 0	 , 5	 , 150.0, 
400	 , 63188	 , 0	 , 5	 , 150.0, 
400	 , 62464	 , 0	 , 5	 , 150.0, 
400	 , 63298	 , 0	 , 5	 , 150.0, 
400	 , 62628	 , 0	 , 5	 , 149.99999, 
400	 , 63610	 , 0	 , 5	 , 150.0, 
400	 , 62928	 , 0	 , 5	 , 149.99999, 
400	 , 64520	 , 0	 , 5	 , 149.99998, 
400	 , 63786	 , 0	 , 5	 , 149.99996, 
400	 , 62846	 , 0	 , 5	 , 149.99999, 
400	 , 62770	 , 0	 , 5	 , 149.99998, 
400	 , 62882	 , 0	 , 5	 , 149.9998, 
400	 , 64036	 , 0	 , 5	 , 149.99998, 
400	 , 63308	 , 1	 , 5	 , 150.0, 
400	 , 64208	 , 0	 , 5	 , 150.0, 
400	 , 61534	 , 0	 , 5	 , 149.99996, 
400	 , 63036	 , 0	 , 5	 , 150.0, 
400	 , 61862	 , 0	 , 5	 , 149.9999, 
400	 , 63066	 , 0	 , 5	 , 150.0, 
400	 , 62250	 , 0	 , 5	 , 149.99998, 
400	 , 62620	 , 0	 , 5	 , 149.99999, 
400	 , 62816	 , 0	 , 5	 , 149.99997, 
400	 , 61294	 , 0	 , 5	 , 149.99999, 
400	 , 62878	 , 0	 , 5	 , 150.0, 
400	 , 64098	 , 0	 , 5	 , 150.0, 
400	 , 62806	 , 0	 , 5	 , 149.99994, 
400	 , 63168	 , 1	 , 5	 , 149.99998, 
400	 , 63264	 , 0	 , 5	 , 149.99989, 
400	 , 63122	 , 0	 , 5	 , 149.99996, 
400	 , 63434	 , 0	 , 5	 , 149.99999, 
400	 , 63676	 , 0	 , 5	 , 150.0, 
400	 , 63768	 , 1	 , 5	 , 149.99996, 
400	 , 64588	 , 0	 , 5	 , 149.99999, 
400	 , 64482	 , 0	 , 5	 , 150.0, 
400	 , 63902	 , 0	 , 5	 , 149.99994, 
400	 , 62096	 , 0	 , 5	 , 149.99972, 
400	 , 62120	 , 1	 , 5	 , 150.0, 
400	 , 63096	 , 0	 , 5	 , 149.99999, 
400	 , 64174	 , 0	 , 5	 , 150.0, 
400	 , 64886	 , 0	 , 5	 , 150.0, 
400	 , 62212	 , 0	 , 5	 , 149.99985, 
400	 , 61448	 , 0	 , 5	 , 149.99996, 
400	 , 63290	 , 0	 , 5	 , 149.99998, 
400	 , 64174	 , 0	 , 5	 , 150.0, 
400	 , 62648	 , 0	 , 5	 , 149.99998, 
400	 , 62996	 , 1	 , 5	 , 150.0, 
400	 , 61926	 , 0	 , 5	 , 149.99989, 
400	 , 63696	 , 0	 , 5	 , 150.0, 
400	 , 63940	 , 0	 , 5	 , 150.0, 
400	 , 63792	 , 0	 , 5	 , 150.0, 
400	 , 65212	 , 0	 , 5	 , 150.0, 
400	 , 62530	 , 0	 , 5	 , 149.99998, 
400	 , 61596	 , 0	 , 5	 , 149.99975, 
400	 , 61780	 , 0	 , 5	 , 149.99999, 
400	 , 63810	 , 0	 , 5	 , 149.99999, 
400	 , 62710	 , 0	 , 5	 , 149.99999, 
400	 , 62808	 , 0	 , 5	 , 149.99997, 
400	 , 62708	 , 0	 , 5	 , 150.0, 
400	 , 62708	 , 0	 , 5	 , 150.0, 
400	 , 65020	 , 0	 , 5	 , 149.99999, 
400	 , 63882	 , 0	 , 5	 , 149.99999, 
400	 , 65622	 , 1	 , 5	 , 149.99998, 
400	 , 63686	 , 0	 , 5	 , 150.0, 
400	 , 63778	 , 0	 , 5	 , 150.0, 
400	 , 64462	 , 0	 , 5	 , 149.99999, 
400	 , 62900	 , 0	 , 5	 , 149.99847, 
400	 , 63020	 , 0	 , 5	 , 150.0, 
400	 , 63828	 , 0	 , 5	 , 150.0, 
400	 , 63988	 , 0	 , 5	 , 149.99999, 
400	 , 62262	 , 0	 , 5	 , 149.99999, 
400	 , 61322	 , 0	 , 5	 , 149.99992, 
400	 , 63856	 , 0	 , 5	 , 150.0, 
400	 , 68766	 , 0	 , 5	 , 50.0, 
400	 , 64996	 , 1	 , 5	 , 149.99994, 
400	 , 64432	 , 0	 , 5	 , 149.99999, 
400	 , 63850	 , 1	 , 5	 , 149.99999, 
400	 , 61428	 , 0	 , 5	 , 149.99994, 
400	 , 62730	 , 0	 , 5	 , 149.99998, 
400	 , 63004	 , 0	 , 5	 , 149.99992, 
400	 , 68760	 , 0	 , 5	 , 50.0, 
400	 , 62304	 , 0	 , 5	 , 149.99994, 
400	 , 63416	 , 0	 , 5	 , 149.99991, 
400	 , 65228	 , 0	 , 5	 , 150.0, 
400	 , 62864	 , 0	 , 5	 , 149.9995, 
400	 , 64380	 , 0	 , 5	 , 150.0, 
400	 , 60774	 , 0	 , 5	 , 149.99998, 
400	 , 62988	 , 0	 , 5	 , 150.0, 
400	 , 63368	 , 0	 , 5	 , 149.99998]