[
50	 , 52746	 , 15	 , 25	 , 149.99999, 
50	 , 52708	 , 14	 , 26	 , 50.0, 
50	 , 52792	 , 15	 , 25	 , 50.0, 
50	 , 51624	 , 10	 , 25	 , 150.0, 
50	 , 52716	 , 18	 , 26	 , 149.99999, 
50	 , 53508	 , 14	 , 23	 , 50.0, 
50	 , 52324	 , 16	 , 26	 , 150.0, 
50	 , 52946	 , 0	 , 26	 , 149.99996, 
50	 , 52632	 , 18	 , 25	 , 50.0, 
50	 , 52140	 , 14	 , 25	 , 149.99998, 
50	 , 52612	 , 1	 , 26	 , 50.0, 
50	 , 51532	 , 13	 , 25	 , 149.99996, 
50	 , 52246	 , 14	 , 26	 , 149.99999, 
50	 , 53006	 , 10	 , 26	 , 50.0, 
50	 , 51750	 , 5	 , 24	 , 50.0, 
50	 , 52460	 , 12	 , 25	 , 50.0, 
50	 , 53082	 , 9	 , 26	 , 149.99996, 
50	 , 51400	 , 12	 , 25	 , 50.0, 
50	 , 52564	 , 16	 , 27	 , 149.99992, 
50	 , 51240	 , 15	 , 25	 , 50.0, 
50	 , 51430	 , 16	 , 24	 , 149.99996, 
50	 , 52820	 , 11	 , 25	 , 50.0, 
50	 , 52928	 , 14	 , 26	 , 149.99996, 
50	 , 53140	 , 19	 , 25	 , 50.0, 
50	 , 52218	 , 15	 , 26	 , 149.99996, 
50	 , 51560	 , 14	 , 25	 , 150.0, 
50	 , 51740	 , 15	 , 25	 , 149.99994, 
50	 , 51868	 , 11	 , 24	 , 149.99996, 
50	 , 52146	 , 16	 , 24	 , 50.0, 
50	 , 53342	 , 9	 , 25	 , 150.0, 
50	 , 53348	 , 5	 , 26	 , 50.0, 
50	 , 52154	 , 16	 , 25	 , 50.0, 
50	 , 52982	 , 16	 , 26	 , 149.99996, 
50	 , 52136	 , 16	 , 25	 , 50.0, 
50	 , 53368	 , 15	 , 26	 , 150.0, 
50	 , 53042	 , 17	 , 26	 , 50.0, 
50	 , 51418	 , 16	 , 26	 , 50.0, 
50	 , 51314	 , 18	 , 24	 , 50.0, 
50	 , 53114	 , 17	 , 25	 , 150.0, 
50	 , 53300	 , 10	 , 27	 , 149.99998, 
50	 , 51468	 , 14	 , 24	 , 50.0, 
50	 , 52602	 , 15	 , 26	 , 50.0, 
50	 , 52186	 , 14	 , 25	 , 50.0, 
50	 , 52514	 , 16	 , 25	 , 50.0, 
50	 , 53072	 , 14	 , 25	 , 150.0, 
50	 , 53308	 , 17	 , 26	 , 149.99996, 
50	 , 51588	 , 15	 , 24	 , 50.0, 
50	 , 51934	 , 12	 , 25	 , 50.0, 
50	 , 52842	 , 17	 , 25	 , 149.99996, 
50	 , 52310	 , 17	 , 25	 , 50.0, 
50	 , 52768	 , 15	 , 25	 , 50.0, 
50	 , 53024	 , 14	 , 26	 , 50.0, 
50	 , 52554	 , 9	 , 26	 , 50.0, 
50	 , 51710	 , 6	 , 24	 , 50.0, 
50	 , 52574	 , 9	 , 26	 , 50.0, 
50	 , 51368	 , 11	 , 25	 , 149.99996, 
50	 , 52756	 , 13	 , 26	 , 150.0, 
50	 , 53144	 , 18	 , 25	 , 50.0, 
50	 , 53432	 , 12	 , 24	 , 50.0, 
50	 , 51326	 , 12	 , 24	 , 50.0, 
50	 , 51464	 , 13	 , 25	 , 149.99996, 
50	 , 51642	 , 13	 , 24	 , 50.0, 
50	 , 53148	 , 12	 , 26	 , 149.99996, 
50	 , 51702	 , 13	 , 25	 , 50.0, 
50	 , 52738	 , 16	 , 25	 , 50.0, 
50	 , 52802	 , 15	 , 26	 , 150.0, 
50	 , 52562	 , 18	 , 24	 , 150.0, 
50	 , 51534	 , 14	 , 25	 , 50.0, 
50	 , 53188	 , 16	 , 26	 , 149.99989, 
50	 , 53360	 , 16	 , 26	 , 150.0, 
50	 , 51870	 , 13	 , 25	 , 149.99996, 
50	 , 52994	 , 14	 , 26	 , 50.0, 
50	 , 51672	 , 18	 , 25	 , 150.0, 
50	 , 51434	 , 15	 , 25	 , 50.0, 
50	 , 53022	 , 16	 , 25	 , 150.0, 
50	 , 52972	 , 9	 , 26	 , 149.99994, 
50	 , 51404	 , 15	 , 25	 , 149.99996, 
50	 , 51510	 , 14	 , 25	 , 150.0, 
50	 , 52318	 , 17	 , 25	 , 50.0, 
50	 , 52288	 , 16	 , 26	 , 50.0, 
50	 , 52146	 , 15	 , 25	 , 150.0, 
50	 , 53066	 , 13	 , 26	 , 50.0, 
50	 , 52448	 , 1	 , 26	 , 50.0, 
50	 , 51558	 , 17	 , 25	 , 50.0, 
50	 , 53144	 , 14	 , 26	 , 50.0, 
50	 , 51498	 , 15	 , 25	 , 149.99996, 
50	 , 53116	 , 18	 , 25	 , 50.0, 
50	 , 51396	 , 18	 , 24	 , 50.0, 
50	 , 52776	 , 17	 , 26	 , 50.0, 
50	 , 52112	 , 15	 , 25	 , 50.0, 
50	 , 51760	 , 11	 , 25	 , 150.0, 
50	 , 53020	 , 3	 , 25	 , 149.99998, 
50	 , 51506	 , 5	 , 25	 , 50.0, 
50	 , 51694	 , 17	 , 25	 , 150.0, 
50	 , 53358	 , 12	 , 27	 , 50.0, 
50	 , 53748	 , 8	 , 26	 , 50.0, 
50	 , 53496	 , 11	 , 26	 , 150.0, 
50	 , 51908	 , 13	 , 26	 , 150.0, 
50	 , 52630	 , 11	 , 25	 , 149.99996, 
50	 , 52748	 , 18	 , 25	 , 50.0, 
50	 , 52674	 , 14	 , 26	 , 50.0, 
50	 , 52726	 , 15	 , 26	 , 50.0, 
50	 , 51468	 , 5	 , 26	 , 149.99996, 
50	 , 53312	 , 15	 , 25	 , 50.0, 
50	 , 52748	 , 18	 , 25	 , 50.0, 
50	 , 52040	 , 12	 , 25	 , 50.0, 
50	 , 51446	 , 16	 , 25	 , 50.0, 
50	 , 51744	 , 2	 , 25	 , 50.0, 
50	 , 51956	 , 2	 , 25	 , 50.0, 
50	 , 51432	 , 14	 , 24	 , 50.0, 
50	 , 52738	 , 16	 , 25	 , 150.0, 
50	 , 52822	 , 17	 , 26	 , 50.0, 
50	 , 51578	 , 11	 , 26	 , 150.0, 
50	 , 53010	 , 8	 , 26	 , 50.0, 
50	 , 52536	 , 13	 , 26	 , 50.0, 
50	 , 52284	 , 15	 , 25	 , 149.99999, 
50	 , 51890	 , 12	 , 26	 , 50.0, 
50	 , 51804	 , 16	 , 26	 , 50.0, 
50	 , 51696	 , 5	 , 26	 , 150.0, 
50	 , 51544	 , 0	 , 26	 , 50.0, 
50	 , 52700	 , 7	 , 26	 , 50.0, 
50	 , 52498	 , 17	 , 25	 , 50.0, 
50	 , 51682	 , 6	 , 25	 , 149.99996, 
50	 , 51404	 , 17	 , 25	 , 50.0, 
50	 , 52080	 , 18	 , 25	 , 50.0, 
50	 , 52402	 , 15	 , 25	 , 50.0, 
50	 , 52272	 , 11	 , 25	 , 50.0, 
50	 , 51628	 , 5	 , 25	 , 150.0, 
50	 , 53394	 , 14	 , 26	 , 50.0, 
50	 , 52948	 , 17	 , 25	 , 150.0, 
50	 , 52632	 , 1	 , 26	 , 150.0, 
50	 , 52048	 , 18	 , 25	 , 149.99996, 
50	 , 51800	 , 15	 , 25	 , 50.0, 
50	 , 52748	 , 16	 , 25	 , 50.0, 
50	 , 52724	 , 19	 , 25	 , 50.0, 
50	 , 52756	 , 11	 , 26	 , 150.0, 
50	 , 51466	 , 15	 , 24	 , 50.0, 
50	 , 52238	 , 16	 , 25	 , 50.0, 
50	 , 53522	 , 7	 , 25	 , 149.99999, 
50	 , 51538	 , 4	 , 24	 , 50.0, 
50	 , 51892	 , 14	 , 25	 , 50.0, 
50	 , 51756	 , 16	 , 27	 , 149.99998, 
50	 , 53314	 , 15	 , 26	 , 149.99996, 
50	 , 52776	 , 14	 , 26	 , 50.0, 
50	 , 51632	 , 14	 , 24	 , 150.0, 
50	 , 51942	 , 17	 , 25	 , 50.0, 
50	 , 52522	 , 15	 , 26	 , 150.0, 
50	 , 51756	 , 14	 , 25	 , 50.0, 
50	 , 51716	 , 19	 , 25	 , 50.0, 
50	 , 51744	 , 9	 , 24	 , 150.0, 
50	 , 51488	 , 18	 , 25	 , 50.0, 
50	 , 52058	 , 17	 , 26	 , 150.0, 
50	 , 51440	 , 12	 , 25	 , 50.0, 
50	 , 51886	 , 16	 , 25	 , 50.0, 
50	 , 52708	 , 14	 , 25	 , 149.99999, 
50	 , 51958	 , 14	 , 24	 , 50.0, 
50	 , 53204	 , 11	 , 24	 , 50.0, 
50	 , 52816	 , 19	 , 25	 , 50.0, 
50	 , 51318	 , 17	 , 24	 , 50.0, 
50	 , 52592	 , 16	 , 26	 , 150.0, 
50	 , 52316	 , 18	 , 27	 , 149.99998, 
50	 , 51860	 , 14	 , 24	 , 149.99996, 
50	 , 52106	 , 11	 , 25	 , 50.0, 
50	 , 51438	 , 14	 , 24	 , 50.0, 
50	 , 52562	 , 14	 , 24	 , 149.99989, 
50	 , 52268	 , 17	 , 24	 , 50.0, 
50	 , 53198	 , 6	 , 26	 , 149.99996, 
50	 , 52400	 , 14	 , 24	 , 50.0, 
50	 , 51704	 , 16	 , 25	 , 150.0, 
50	 , 52228	 , 9	 , 25	 , 50.0, 
50	 , 52612	 , 20	 , 27	 , 149.99998, 
50	 , 53360	 , 19	 , 26	 , 50.0, 
50	 , 51842	 , 17	 , 25	 , 149.99978, 
50	 , 52422	 , 16	 , 26	 , 150.0, 
50	 , 52812	 , 14	 , 26	 , 50.0, 
50	 , 52996	 , 16	 , 25	 , 150.0, 
50	 , 52642	 , 15	 , 24	 , 50.0, 
50	 , 51316	 , 18	 , 25	 , 50.0, 
50	 , 52420	 , 16	 , 26	 , 150.0, 
50	 , 53066	 , 17	 , 25	 , 50.0, 
50	 , 53166	 , 12	 , 26	 , 150.0, 
50	 , 52370	 , 6	 , 27	 , 150.0, 
50	 , 51800	 , 14	 , 24	 , 149.99996, 
50	 , 53182	 , 9	 , 26	 , 150.0, 
50	 , 53028	 , 7	 , 26	 , 50.0, 
50	 , 51388	 , 13	 , 25	 , 149.99999, 
50	 , 53150	 , 18	 , 25	 , 50.0, 
50	 , 52126	 , 12	 , 26	 , 150.0, 
50	 , 52168	 , 12	 , 25	 , 50.0, 
50	 , 53514	 , 13	 , 26	 , 50.0, 
50	 , 51458	 , 3	 , 25	 , 50.0, 
50	 , 51794	 , 11	 , 25	 , 50.0, 
50	 , 53442	 , 8	 , 26	 , 50.0, 
50	 , 51882	 , 15	 , 26	 , 149.99998, 
50	 , 52806	 , 12	 , 25	 , 50.0, 
50	 , 52790	 , 16	 , 25	 , 50.0, 
50	 , 52944	 , 12	 , 26	 , 149.99996, 
50	 , 51908	 , 16	 , 25	 , 50.0, 
50	 , 51524	 , 17	 , 25	 , 149.99996, 
50	 , 53182	 , 5	 , 26	 , 149.99988, 
50	 , 52738	 , 16	 , 26	 , 50.0, 
50	 , 52166	 , 12	 , 26	 , 50.0, 
50	 , 53436	 , 16	 , 26	 , 50.0, 
50	 , 52002	 , 15	 , 23	 , 149.99996, 
50	 , 53400	 , 13	 , 26	 , 150.0, 
50	 , 51682	 , 15	 , 25	 , 50.0, 
50	 , 53348	 , 5	 , 26	 , 150.0, 
50	 , 51396	 , 7	 , 25	 , 150.0, 
50	 , 53450	 , 5	 , 26	 , 149.99996, 
50	 , 52024	 , 14	 , 26	 , 50.0, 
50	 , 52772	 , 15	 , 25	 , 150.0, 
50	 , 52470	 , 16	 , 25	 , 50.0, 
50	 , 51274	 , 16	 , 25	 , 50.0, 
50	 , 51732	 , 2	 , 25	 , 50.0, 
50	 , 51452	 , 15	 , 25	 , 50.0, 
50	 , 52602	 , 15	 , 26	 , 50.0, 
50	 , 52604	 , 14	 , 25	 , 149.99978, 
50	 , 52614	 , 8	 , 26	 , 149.99996, 
50	 , 52858	 , 5	 , 27	 , 149.99996, 
50	 , 51738	 , 10	 , 26	 , 50.0, 
50	 , 52916	 , 10	 , 26	 , 150.0, 
50	 , 51790	 , 15	 , 25	 , 50.0, 
50	 , 51762	 , 13	 , 26	 , 150.0, 
50	 , 52276	 , 11	 , 25	 , 150.0, 
50	 , 52366	 , 15	 , 25	 , 50.0, 
50	 , 51218	 , 15	 , 25	 , 50.0, 
50	 , 52788	 , 14	 , 26	 , 149.99996, 
50	 , 53354	 , 9	 , 26	 , 149.99978, 
50	 , 53436	 , 16	 , 26	 , 50.0, 
50	 , 52564	 , 12	 , 25	 , 50.0, 
50	 , 51446	 , 16	 , 25	 , 150.0, 
50	 , 53264	 , 15	 , 26	 , 50.0, 
50	 , 53042	 , 5	 , 26	 , 150.0, 
50	 , 51452	 , 18	 , 25	 , 50.0, 
50	 , 52724	 , 0	 , 25	 , 50.0, 
50	 , 52226	 , 8	 , 26	 , 150.0, 
50	 , 53494	 , 15	 , 25	 , 50.0, 
50	 , 51294	 , 19	 , 25	 , 50.0, 
50	 , 51656	 , 14	 , 25	 , 50.0, 
50	 , 51708	 , 1	 , 26	 , 50.0, 
50	 , 51210	 , 15	 , 25	 , 150.0, 
50	 , 51798	 , 18	 , 25	 , 50.0, 
50	 , 51622	 , 18	 , 25	 , 50.0, 
50	 , 51470	 , 13	 , 25	 , 50.0, 
50	 , 53298	 , 10	 , 25	 , 150.0, 
50	 , 52426	 , 15	 , 26	 , 149.99996, 
50	 , 52292	 , 3	 , 26	 , 149.99989, 
50	 , 53052	 , 16	 , 24	 , 50.0, 
50	 , 51422	 , 15	 , 25	 , 50.0, 
50	 , 52622	 , 12	 , 26	 , 149.99976, 
100	 , 51618	 , 7	 , 13	 , 50.0, 
100	 , 55050	 , 5	 , 14	 , 150.0, 
100	 , 53724	 , 4	 , 14	 , 150.0, 
100	 , 52366	 , 1	 , 14	 , 150.0, 
100	 , 52534	 , 7	 , 14	 , 149.99967, 
100	 , 54676	 , 6	 , 14	 , 50.0, 
100	 , 53994	 , 4	 , 13	 , 50.0, 
100	 , 51994	 , 5	 , 14	 , 149.99998, 
100	 , 53422	 , 6	 , 14	 , 149.99999, 
100	 , 51464	 , 1	 , 14	 , 149.99989, 
100	 , 52890	 , 5	 , 14	 , 150.0, 
100	 , 55478	 , 5	 , 14	 , 150.0, 
100	 , 52250	 , 7	 , 14	 , 149.99998, 
100	 , 52202	 , 4	 , 14	 , 150.0, 
100	 , 52108	 , 7	 , 13	 , 50.0, 
100	 , 54816	 , 7	 , 14	 , 149.99996, 
100	 , 51268	 , 6	 , 13	 , 50.0, 
100	 , 51210	 , 2	 , 14	 , 150.0, 
100	 , 53962	 , 5	 , 14	 , 150.0, 
100	 , 52808	 , 4	 , 14	 , 149.99998, 
100	 , 54898	 , 5	 , 14	 , 149.99976, 
100	 , 55500	 , 6	 , 14	 , 150.0, 
100	 , 52770	 , 7	 , 13	 , 50.0, 
100	 , 51306	 , 3	 , 13	 , 150.0, 
100	 , 53576	 , 6	 , 14	 , 50.0, 
100	 , 52416	 , 3	 , 14	 , 149.99996, 
100	 , 51920	 , 3	 , 13	 , 50.0, 
100	 , 55632	 , 6	 , 14	 , 150.0, 
100	 , 54916	 , 6	 , 14	 , 50.0, 
100	 , 54086	 , 0	 , 14	 , 150.0, 
100	 , 53238	 , 5	 , 14	 , 150.0, 
100	 , 52264	 , 4	 , 14	 , 150.0, 
100	 , 52936	 , 5	 , 14	 , 150.0, 
100	 , 55410	 , 7	 , 13	 , 50.0, 
100	 , 52820	 , 5	 , 14	 , 149.99999, 
100	 , 54968	 , 5	 , 15	 , 50.0, 
100	 , 55376	 , 5	 , 14	 , 50.0, 
100	 , 52580	 , 2	 , 14	 , 150.0, 
100	 , 53702	 , 5	 , 14	 , 50.0, 
100	 , 53338	 , 7	 , 14	 , 149.99996, 
100	 , 52486	 , 7	 , 14	 , 149.99998, 
100	 , 54488	 , 4	 , 14	 , 150.0, 
100	 , 54094	 , 7	 , 14	 , 150.0, 
100	 , 54432	 , 5	 , 14	 , 150.0, 
100	 , 53112	 , 8	 , 13	 , 50.0, 
100	 , 56056	 , 4	 , 14	 , 150.0, 
100	 , 53150	 , 7	 , 14	 , 149.99998, 
100	 , 51828	 , 4	 , 13	 , 150.0, 
100	 , 55088	 , 2	 , 14	 , 150.0, 
100	 , 54486	 , 4	 , 14	 , 149.99996, 
100	 , 55376	 , 4	 , 14	 , 150.0, 
100	 , 55706	 , 8	 , 14	 , 50.0, 
100	 , 54028	 , 5	 , 13	 , 50.0, 
100	 , 52836	 , 7	 , 13	 , 149.99978, 
100	 , 54054	 , 8	 , 13	 , 50.0, 
100	 , 52820	 , 5	 , 14	 , 149.99999, 
100	 , 51782	 , 5	 , 13	 , 149.99996, 
100	 , 53916	 , 6	 , 14	 , 150.0, 
100	 , 51482	 , 6	 , 13	 , 50.0, 
100	 , 52068	 , 1	 , 14	 , 150.0, 
100	 , 52892	 , 5	 , 14	 , 149.99998, 
100	 , 54466	 , 7	 , 14	 , 149.99999, 
100	 , 56106	 , 7	 , 14	 , 150.0, 
100	 , 53814	 , 7	 , 14	 , 149.99999, 
100	 , 52562	 , 0	 , 14	 , 149.99988, 
100	 , 55298	 , 7	 , 14	 , 149.99996, 
100	 , 54050	 , 6	 , 14	 , 150.0, 
100	 , 55176	 , 8	 , 14	 , 50.0, 
100	 , 52526	 , 2	 , 14	 , 150.0, 
100	 , 52218	 , 3	 , 14	 , 149.99998, 
100	 , 55522	 , 8	 , 14	 , 50.0, 
100	 , 54074	 , 1	 , 14	 , 149.99999, 
100	 , 54310	 , 5	 , 14	 , 150.0, 
100	 , 53864	 , 6	 , 14	 , 150.0, 
100	 , 54896	 , 7	 , 14	 , 150.0, 
100	 , 51388	 , 6	 , 13	 , 149.99998, 
100	 , 54534	 , 7	 , 14	 , 50.0, 
100	 , 54992	 , 5	 , 14	 , 149.99996, 
100	 , 52834	 , 3	 , 14	 , 150.0, 
100	 , 55344	 , 7	 , 14	 , 50.0, 
100	 , 52046	 , 6	 , 14	 , 149.99999, 
100	 , 53376	 , 4	 , 14	 , 50.0, 
100	 , 53810	 , 4	 , 13	 , 150.0, 
100	 , 52428	 , 7	 , 13	 , 149.99996, 
100	 , 54012	 , 7	 , 14	 , 150.0, 
100	 , 53782	 , 8	 , 13	 , 150.0, 
100	 , 52186	 , 5	 , 14	 , 149.99996, 
100	 , 54940	 , 3	 , 14	 , 50.0, 
100	 , 51426	 , 6	 , 13	 , 50.0, 
100	 , 55062	 , 8	 , 14	 , 50.0, 
100	 , 54644	 , 0	 , 14	 , 50.0, 
100	 , 53528	 , 7	 , 14	 , 50.0, 
100	 , 52616	 , 5	 , 14	 , 149.99992, 
100	 , 56608	 , 5	 , 14	 , 149.99999, 
100	 , 54782	 , 5	 , 14	 , 50.0, 
100	 , 54248	 , 3	 , 14	 , 150.0, 
100	 , 51316	 , 7	 , 13	 , 50.0, 
100	 , 54994	 , 1	 , 14	 , 50.0, 
100	 , 53050	 , 4	 , 14	 , 150.0, 
100	 , 53056	 , 4	 , 14	 , 150.0, 
100	 , 55384	 , 8	 , 14	 , 150.0, 
100	 , 53142	 , 2	 , 14	 , 150.0, 
100	 , 55764	 , 6	 , 14	 , 50.0, 
100	 , 51774	 , 1	 , 13	 , 149.99996, 
100	 , 52112	 , 7	 , 14	 , 149.99998, 
100	 , 55042	 , 6	 , 14	 , 50.0, 
100	 , 54328	 , 2	 , 14	 , 149.99996, 
100	 , 55040	 , 5	 , 14	 , 150.0, 
100	 , 54760	 , 5	 , 14	 , 150.0, 
100	 , 55964	 , 6	 , 14	 , 149.99996, 
100	 , 53314	 , 5	 , 14	 , 149.99989, 
100	 , 51386	 , 7	 , 13	 , 149.99999, 
100	 , 54240	 , 3	 , 13	 , 50.0, 
100	 , 52886	 , 3	 , 14	 , 150.0, 
100	 , 51958	 , 5	 , 13	 , 150.0, 
100	 , 51214	 , 4	 , 13	 , 149.99998, 
100	 , 54824	 , 2	 , 14	 , 150.0, 
100	 , 52528	 , 8	 , 13	 , 50.0, 
100	 , 56018	 , 8	 , 14	 , 150.0, 
100	 , 55530	 , 5	 , 14	 , 50.0, 
100	 , 55348	 , 6	 , 14	 , 149.99996, 
100	 , 55584	 , 2	 , 15	 , 150.0, 
100	 , 53136	 , 4	 , 14	 , 150.0, 
100	 , 53856	 , 4	 , 14	 , 149.99999, 
100	 , 54832	 , 7	 , 14	 , 150.0, 
100	 , 54970	 , 8	 , 14	 , 149.99988, 
100	 , 52656	 , 5	 , 14	 , 149.99998, 
100	 , 51696	 , 6	 , 14	 , 149.99998, 
100	 , 52922	 , 7	 , 13	 , 149.99999, 
100	 , 51246	 , 6	 , 13	 , 150.0, 
100	 , 54748	 , 6	 , 14	 , 150.0, 
100	 , 53010	 , 6	 , 14	 , 149.99999, 
100	 , 52486	 , 2	 , 14	 , 150.0, 
100	 , 53962	 , 5	 , 14	 , 150.0, 
100	 , 55218	 , 7	 , 14	 , 50.0, 
100	 , 55408	 , 5	 , 14	 , 149.99998, 
100	 , 51512	 , 4	 , 13	 , 150.0, 
100	 , 55162	 , 0	 , 15	 , 150.0, 
100	 , 52680	 , 3	 , 14	 , 50.0, 
100	 , 53832	 , 8	 , 14	 , 149.99998, 
100	 , 53246	 , 7	 , 13	 , 50.0, 
100	 , 51460	 , 5	 , 13	 , 50.0, 
100	 , 52440	 , 6	 , 13	 , 150.0, 
100	 , 52058	 , 5	 , 13	 , 150.0, 
100	 , 53726	 , 5	 , 14	 , 150.0, 
100	 , 51788	 , 1	 , 14	 , 149.99999, 
100	 , 52330	 , 4	 , 14	 , 150.0, 
100	 , 54094	 , 9	 , 14	 , 50.0, 
100	 , 52364	 , 3	 , 14	 , 150.0, 
100	 , 55686	 , 8	 , 14	 , 149.99999, 
100	 , 52998	 , 7	 , 14	 , 149.99999, 
100	 , 54986	 , 6	 , 14	 , 149.99987, 
100	 , 51376	 , 2	 , 14	 , 149.99999, 
100	 , 51886	 , 6	 , 13	 , 50.0, 
100	 , 53426	 , 3	 , 14	 , 150.0, 
100	 , 52822	 , 5	 , 14	 , 150.0, 
100	 , 51288	 , 7	 , 13	 , 50.0, 
100	 , 54144	 , 5	 , 14	 , 50.0, 
100	 , 56004	 , 3	 , 14	 , 150.0, 
100	 , 54848	 , 5	 , 14	 , 150.0, 
100	 , 51368	 , 5	 , 13	 , 150.0, 
100	 , 54932	 , 8	 , 14	 , 50.0, 
100	 , 53814	 , 6	 , 14	 , 50.0, 
100	 , 52716	 , 5	 , 14	 , 149.99998, 
100	 , 51892	 , 7	 , 13	 , 150.0, 
100	 , 55700	 , 7	 , 14	 , 149.99999, 
100	 , 52942	 , 2	 , 14	 , 150.0, 
100	 , 52074	 , 4	 , 14	 , 149.99999, 
100	 , 52490	 , 7	 , 13	 , 50.0, 
100	 , 51958	 , 5	 , 14	 , 150.0, 
100	 , 53858	 , 5	 , 14	 , 149.99996, 
100	 , 54206	 , 7	 , 14	 , 149.99998, 
100	 , 51464	 , 3	 , 14	 , 150.0, 
100	 , 53644	 , 6	 , 14	 , 149.99998, 
100	 , 52604	 , 5	 , 14	 , 150.0, 
100	 , 53972	 , 7	 , 14	 , 50.0, 
100	 , 54190	 , 7	 , 14	 , 149.99996, 
100	 , 53402	 , 8	 , 13	 , 50.0, 
100	 , 52702	 , 4	 , 14	 , 149.95062, 
100	 , 51890	 , 7	 , 13	 , 50.0, 
100	 , 53000	 , 8	 , 14	 , 150.0, 
100	 , 55456	 , 6	 , 14	 , 50.0, 
100	 , 55384	 , 6	 , 14	 , 149.99962, 
100	 , 52512	 , 4	 , 13	 , 150.0, 
100	 , 55710	 , 7	 , 14	 , 50.0, 
100	 , 54758	 , 4	 , 14	 , 50.0, 
100	 , 52552	 , 6	 , 14	 , 150.0, 
100	 , 53288	 , 7	 , 14	 , 50.0, 
100	 , 53246	 , 4	 , 14	 , 50.0, 
100	 , 54312	 , 4	 , 14	 , 150.0, 
100	 , 54770	 , 3	 , 14	 , 150.0, 
100	 , 55964	 , 5	 , 14	 , 149.99999, 
100	 , 53564	 , 1	 , 14	 , 50.0, 
100	 , 54986	 , 8	 , 14	 , 149.99996, 
100	 , 52634	 , 6	 , 14	 , 149.99999, 
100	 , 53054	 , 8	 , 13	 , 150.0, 
100	 , 53110	 , 4	 , 14	 , 50.0, 
100	 , 55096	 , 4	 , 14	 , 149.99978, 
100	 , 54782	 , 7	 , 14	 , 50.0, 
100	 , 54582	 , 2	 , 15	 , 149.99989, 
100	 , 55018	 , 6	 , 14	 , 149.99987, 
100	 , 55510	 , 5	 , 14	 , 150.0, 
100	 , 53692	 , 4	 , 14	 , 149.99996, 
100	 , 55056	 , 8	 , 14	 , 50.0, 
100	 , 54798	 , 6	 , 14	 , 150.0, 
100	 , 55616	 , 7	 , 14	 , 149.99996, 
100	 , 55404	 , 6	 , 14	 , 149.99999, 
100	 , 54448	 , 4	 , 13	 , 50.0, 
100	 , 54482	 , 5	 , 14	 , 150.0, 
100	 , 51404	 , 6	 , 13	 , 50.0, 
100	 , 52864	 , 4	 , 14	 , 150.0, 
100	 , 54920	 , 0	 , 14	 , 50.0, 
100	 , 54172	 , 6	 , 14	 , 150.0, 
100	 , 54708	 , 4	 , 13	 , 50.0, 
100	 , 54584	 , 4	 , 14	 , 149.99999, 
100	 , 54136	 , 6	 , 14	 , 149.99996, 
100	 , 55934	 , 8	 , 14	 , 150.0, 
100	 , 55208	 , 5	 , 14	 , 149.99998, 
100	 , 52650	 , 2	 , 14	 , 149.99999, 
100	 , 54368	 , 7	 , 14	 , 149.99998, 
100	 , 51320	 , 4	 , 13	 , 150.0, 
100	 , 52514	 , 0	 , 12	 , 149.99992, 
100	 , 55696	 , 6	 , 14	 , 50.0, 
100	 , 51388	 , 5	 , 13	 , 149.99998, 
100	 , 53998	 , 4	 , 14	 , 50.0, 
100	 , 51844	 , 4	 , 14	 , 149.99999, 
100	 , 55578	 , 8	 , 14	 , 149.99996, 
100	 , 52498	 , 6	 , 14	 , 150.0, 
100	 , 53360	 , 6	 , 14	 , 149.99999, 
100	 , 54490	 , 2	 , 14	 , 150.0, 
100	 , 56098	 , 8	 , 14	 , 50.0, 
100	 , 52342	 , 7	 , 13	 , 50.0, 
100	 , 52950	 , 5	 , 14	 , 149.99996, 
100	 , 54882	 , 2	 , 14	 , 150.0, 
100	 , 54946	 , 9	 , 14	 , 50.0, 
100	 , 56394	 , 8	 , 14	 , 50.0, 
100	 , 54658	 , 4	 , 14	 , 150.0, 
100	 , 51864	 , 7	 , 13	 , 150.0, 
100	 , 52342	 , 3	 , 14	 , 150.0, 
100	 , 53778	 , 6	 , 14	 , 149.99999, 
100	 , 51932	 , 6	 , 13	 , 50.0, 
100	 , 53142	 , 5	 , 14	 , 149.99996, 
100	 , 52906	 , 8	 , 13	 , 50.0, 
100	 , 55454	 , 5	 , 15	 , 150.0, 
100	 , 54482	 , 3	 , 14	 , 150.0, 
100	 , 53026	 , 7	 , 13	 , 150.0, 
100	 , 52234	 , 5	 , 13	 , 50.0, 
100	 , 54312	 , 8	 , 14	 , 50.0, 
100	 , 54684	 , 7	 , 14	 , 50.0, 
100	 , 51486	 , 6	 , 13	 , 50.0, 
150	 , 52662	 , 1	 , 10	 , 150.0, 
150	 , 54848	 , 2	 , 10	 , 150.0, 
150	 , 54512	 , 3	 , 10	 , 50.0, 
150	 , 55574	 , 4	 , 10	 , 150.0, 
150	 , 53706	 , 3	 , 10	 , 149.99998, 
150	 , 53490	 , 2	 , 10	 , 150.0, 
150	 , 54050	 , 2	 , 10	 , 150.0, 
150	 , 55660	 , 3	 , 10	 , 50.0, 
150	 , 53358	 , 2	 , 10	 , 150.0, 
150	 , 55838	 , 3	 , 10	 , 149.99996, 
150	 , 56588	 , 4	 , 10	 , 149.99978, 
150	 , 55278	 , 4	 , 10	 , 150.0, 
150	 , 52532	 , 0	 , 10	 , 150.0, 
150	 , 55778	 , 3	 , 10	 , 150.0, 
150	 , 53644	 , 0	 , 10	 , 150.0, 
150	 , 57196	 , 6	 , 10	 , 149.99996, 
150	 , 56838	 , 4	 , 10	 , 150.0, 
150	 , 56906	 , 1	 , 10	 , 150.0, 
150	 , 56290	 , 2	 , 10	 , 150.0, 
150	 , 51860	 , 2	 , 10	 , 50.0, 
150	 , 52746	 , 1	 , 10	 , 150.0, 
150	 , 55650	 , 1	 , 10	 , 50.0, 
150	 , 52144	 , 0	 , 10	 , 149.99992, 
150	 , 54222	 , 4	 , 10	 , 149.99989, 
150	 , 54400	 , 2	 , 10	 , 50.0, 
150	 , 58064	 , 5	 , 10	 , 50.0, 
150	 , 56174	 , 3	 , 10	 , 149.99996, 
150	 , 52122	 , 1	 , 10	 , 149.99999, 
150	 , 53688	 , 4	 , 10	 , 50.0, 
150	 , 55352	 , 4	 , 10	 , 149.99996, 
150	 , 54100	 , 4	 , 10	 , 150.0, 
150	 , 56056	 , 2	 , 10	 , 150.0, 
150	 , 53000	 , 3	 , 10	 , 150.0, 
150	 , 53548	 , 2	 , 10	 , 150.0, 
150	 , 54574	 , 3	 , 10	 , 149.99996, 
150	 , 56096	 , 1	 , 10	 , 50.0, 
150	 , 53198	 , 1	 , 10	 , 150.0, 
150	 , 55172	 , 2	 , 10	 , 149.99996, 
150	 , 52520	 , 1	 , 10	 , 149.99989, 
150	 , 54372	 , 2	 , 10	 , 150.0, 
150	 , 56420	 , 4	 , 10	 , 149.99996, 
150	 , 54904	 , 1	 , 10	 , 150.0, 
150	 , 54536	 , 0	 , 10	 , 150.0, 
150	 , 55104	 , 3	 , 10	 , 149.99996, 
150	 , 56770	 , 4	 , 10	 , 149.99996, 
150	 , 56216	 , 2	 , 10	 , 150.0, 
150	 , 53962	 , 3	 , 10	 , 149.99998, 
150	 , 53680	 , 3	 , 10	 , 149.99999, 
150	 , 52502	 , 1	 , 10	 , 150.0, 
150	 , 55840	 , 3	 , 10	 , 50.0, 
150	 , 55208	 , 2	 , 10	 , 149.99996, 
150	 , 52536	 , 3	 , 10	 , 150.0, 
150	 , 52254	 , 2	 , 9	 , 150.0, 
150	 , 53150	 , 0	 , 10	 , 50.0, 
150	 , 54454	 , 2	 , 10	 , 50.0, 
150	 , 52898	 , 2	 , 10	 , 50.0, 
150	 , 54036	 , 1	 , 10	 , 150.0, 
150	 , 53450	 , 3	 , 10	 , 149.99992, 
150	 , 53944	 , 4	 , 10	 , 149.99999, 
150	 , 53448	 , 2	 , 10	 , 150.0, 
150	 , 54598	 , 4	 , 10	 , 149.99996, 
150	 , 53096	 , 2	 , 10	 , 149.99999, 
150	 , 56110	 , 4	 , 10	 , 50.0, 
150	 , 54256	 , 2	 , 10	 , 50.0, 
150	 , 55140	 , 3	 , 10	 , 149.99996, 
150	 , 52916	 , 2	 , 10	 , 149.99999, 
150	 , 56444	 , 4	 , 10	 , 50.0, 
150	 , 54002	 , 0	 , 10	 , 150.0, 
150	 , 53098	 , 3	 , 10	 , 149.99998, 
150	 , 54018	 , 3	 , 10	 , 50.0, 
150	 , 53494	 , 0	 , 10	 , 150.0, 
150	 , 56228	 , 4	 , 10	 , 149.99996, 
150	 , 53650	 , 3	 , 9	 , 50.0, 
150	 , 51394	 , 5	 , 9	 , 50.0, 
150	 , 58262	 , 3	 , 10	 , 149.99999, 
150	 , 56140	 , 3	 , 10	 , 149.99996, 
150	 , 53648	 , 2	 , 10	 , 150.0, 
150	 , 53242	 , 0	 , 10	 , 150.0, 
150	 , 56286	 , 5	 , 10	 , 149.99996, 
150	 , 58678	 , 6	 , 10	 , 50.0, 
150	 , 51990	 , 0	 , 10	 , 149.99999, 
150	 , 56320	 , 4	 , 10	 , 150.0, 
150	 , 53244	 , 3	 , 10	 , 149.99996, 
150	 , 54390	 , 0	 , 10	 , 150.0, 
150	 , 59024	 , 0	 , 10	 , 50.0, 
150	 , 54584	 , 1	 , 10	 , 150.0, 
150	 , 53656	 , 4	 , 10	 , 150.0, 
150	 , 53550	 , 4	 , 10	 , 149.99996, 
150	 , 55066	 , 3	 , 10	 , 150.0, 
150	 , 56180	 , 4	 , 10	 , 149.99996, 
150	 , 54478	 , 1	 , 10	 , 150.0, 
150	 , 54760	 , 1	 , 10	 , 149.99998, 
150	 , 52436	 , 1	 , 10	 , 150.0, 
150	 , 52760	 , 0	 , 10	 , 150.0, 
150	 , 56908	 , 2	 , 10	 , 150.0, 
150	 , 53678	 , 0	 , 10	 , 149.99996, 
150	 , 53366	 , 2	 , 10	 , 150.0, 
150	 , 54916	 , 2	 , 10	 , 150.0, 
150	 , 52512	 , 3	 , 9	 , 150.0, 
150	 , 53948	 , 1	 , 10	 , 149.99992, 
150	 , 57274	 , 4	 , 10	 , 149.99996, 
150	 , 53156	 , 1	 , 10	 , 149.99996, 
150	 , 53796	 , 1	 , 10	 , 150.0, 
150	 , 57666	 , 0	 , 10	 , 149.99983, 
150	 , 56210	 , 3	 , 10	 , 150.0, 
150	 , 53212	 , 3	 , 10	 , 149.99998, 
150	 , 57608	 , 5	 , 10	 , 50.0, 
150	 , 55896	 , 5	 , 10	 , 50.0, 
150	 , 53718	 , 2	 , 10	 , 149.99996, 
150	 , 53660	 , 0	 , 10	 , 150.0, 
150	 , 53386	 , 1	 , 10	 , 150.0, 
150	 , 51502	 , 3	 , 10	 , 149.99999, 
150	 , 53454	 , 2	 , 10	 , 149.99992, 
150	 , 52632	 , 2	 , 10	 , 149.99996, 
150	 , 52754	 , 1	 , 10	 , 150.0, 
150	 , 53210	 , 0	 , 10	 , 50.0, 
150	 , 55326	 , 5	 , 10	 , 149.99996, 
150	 , 56278	 , 5	 , 10	 , 150.0, 
150	 , 53564	 , 3	 , 10	 , 149.99996, 
150	 , 54320	 , 3	 , 10	 , 149.99999, 
150	 , 58030	 , 2	 , 10	 , 50.0, 
150	 , 53318	 , 2	 , 10	 , 149.99999, 
150	 , 52456	 , 0	 , 10	 , 149.99999, 
150	 , 53976	 , 0	 , 10	 , 149.99999, 
150	 , 52560	 , 0	 , 10	 , 149.99999, 
150	 , 58022	 , 4	 , 10	 , 149.99996, 
150	 , 55306	 , 4	 , 10	 , 150.0, 
150	 , 54988	 , 1	 , 10	 , 149.99999, 
150	 , 56320	 , 3	 , 10	 , 149.99996, 
150	 , 57510	 , 5	 , 10	 , 149.99996, 
150	 , 53854	 , 0	 , 10	 , 150.0, 
150	 , 54226	 , 2	 , 10	 , 150.0, 
150	 , 53182	 , 3	 , 10	 , 149.99999, 
150	 , 53034	 , 1	 , 10	 , 150.0, 
150	 , 54230	 , 3	 , 10	 , 50.0, 
150	 , 57092	 , 2	 , 10	 , 149.99999, 
150	 , 55468	 , 5	 , 10	 , 149.99999, 
150	 , 56532	 , 5	 , 10	 , 149.99999, 
150	 , 58752	 , 2	 , 10	 , 50.0, 
150	 , 54644	 , 1	 , 10	 , 150.0, 
150	 , 55634	 , 3	 , 10	 , 150.0, 
150	 , 54728	 , 1	 , 10	 , 150.0, 
150	 , 53570	 , 1	 , 10	 , 149.99996, 
150	 , 54046	 , 4	 , 10	 , 150.0, 
150	 , 53810	 , 1	 , 10	 , 150.0, 
150	 , 56246	 , 2	 , 10	 , 150.0, 
150	 , 56616	 , 2	 , 10	 , 150.0, 
150	 , 55062	 , 1	 , 10	 , 149.99989, 
150	 , 54682	 , 3	 , 10	 , 150.0, 
150	 , 54894	 , 1	 , 10	 , 150.0, 
150	 , 54298	 , 1	 , 10	 , 149.99996, 
150	 , 54268	 , 3	 , 10	 , 50.0, 
150	 , 54662	 , 0	 , 10	 , 150.0, 
150	 , 56242	 , 2	 , 10	 , 149.99996, 
150	 , 55148	 , 2	 , 10	 , 150.0, 
150	 , 55396	 , 3	 , 10	 , 150.0, 
150	 , 54882	 , 3	 , 10	 , 50.0, 
150	 , 55690	 , 0	 , 10	 , 50.0, 
150	 , 53918	 , 0	 , 10	 , 149.99999, 
150	 , 53430	 , 1	 , 10	 , 150.0, 
150	 , 54542	 , 3	 , 10	 , 149.99998, 
150	 , 56916	 , 2	 , 10	 , 150.0, 
150	 , 56486	 , 2	 , 10	 , 150.0, 
150	 , 55418	 , 4	 , 10	 , 150.0, 
150	 , 55146	 , 2	 , 10	 , 149.99996, 
150	 , 58062	 , 4	 , 10	 , 149.99996, 
150	 , 55178	 , 4	 , 10	 , 149.99996, 
150	 , 54350	 , 1	 , 10	 , 150.0, 
150	 , 55382	 , 4	 , 10	 , 149.99998, 
150	 , 57144	 , 3	 , 10	 , 50.0, 
150	 , 52524	 , 2	 , 10	 , 150.0, 
150	 , 52914	 , 0	 , 10	 , 150.0, 
150	 , 56440	 , 4	 , 10	 , 149.99996, 
150	 , 55100	 , 3	 , 10	 , 150.0, 
150	 , 57398	 , 3	 , 10	 , 50.0, 
150	 , 53086	 , 0	 , 10	 , 149.99999, 
150	 , 53656	 , 2	 , 10	 , 50.0, 
150	 , 56544	 , 4	 , 10	 , 50.0, 
150	 , 52844	 , 1	 , 10	 , 150.0, 
150	 , 53546	 , 1	 , 10	 , 149.99989, 
150	 , 54584	 , 3	 , 10	 , 149.99999, 
150	 , 54900	 , 3	 , 10	 , 149.99996, 
150	 , 52946	 , 0	 , 10	 , 149.99998, 
150	 , 57294	 , 4	 , 10	 , 149.99989, 
150	 , 52836	 , 1	 , 10	 , 149.99999, 
150	 , 52936	 , 2	 , 10	 , 150.0, 
150	 , 51940	 , 1	 , 10	 , 149.99999, 
150	 , 54070	 , 2	 , 10	 , 150.0, 
150	 , 57100	 , 3	 , 10	 , 149.99999, 
150	 , 52468	 , 1	 , 10	 , 149.99996, 
150	 , 55774	 , 0	 , 10	 , 150.0, 
150	 , 55074	 , 4	 , 10	 , 50.0, 
150	 , 56468	 , 3	 , 10	 , 149.99998, 
150	 , 54108	 , 0	 , 10	 , 150.0, 
150	 , 55844	 , 2	 , 10	 , 150.0, 
150	 , 53296	 , 1	 , 10	 , 150.0, 
150	 , 54996	 , 3	 , 10	 , 50.0, 
150	 , 52910	 , 0	 , 10	 , 150.0, 
150	 , 51924	 , 0	 , 10	 , 149.99999, 
150	 , 52484	 , 3	 , 10	 , 150.0, 
150	 , 56016	 , 2	 , 10	 , 150.0, 
150	 , 52572	 , 1	 , 10	 , 149.99999, 
150	 , 56080	 , 2	 , 10	 , 150.0, 
150	 , 55518	 , 4	 , 10	 , 50.0, 
150	 , 55930	 , 0	 , 10	 , 149.99999, 
150	 , 53308	 , 2	 , 10	 , 149.99996, 
150	 , 53416	 , 2	 , 10	 , 150.0, 
150	 , 53778	 , 2	 , 10	 , 50.0, 
150	 , 52750	 , 2	 , 10	 , 149.99992, 
150	 , 52966	 , 2	 , 10	 , 149.99999, 
150	 , 56500	 , 4	 , 10	 , 150.0, 
150	 , 53278	 , 2	 , 10	 , 149.99998, 
150	 , 56430	 , 2	 , 10	 , 149.99996, 
150	 , 53908	 , 1	 , 10	 , 150.0, 
150	 , 56350	 , 3	 , 10	 , 149.99996, 
150	 , 56548	 , 3	 , 10	 , 50.0, 
150	 , 54178	 , 3	 , 10	 , 150.0, 
150	 , 53300	 , 2	 , 10	 , 149.99999, 
150	 , 56772	 , 4	 , 10	 , 149.99996, 
150	 , 54602	 , 3	 , 10	 , 149.99996, 
150	 , 54634	 , 2	 , 10	 , 50.0, 
150	 , 53146	 , 0	 , 10	 , 149.99996, 
150	 , 54290	 , 3	 , 10	 , 150.0, 
150	 , 54296	 , 1	 , 10	 , 149.99999, 
150	 , 56446	 , 4	 , 10	 , 149.99996, 
150	 , 53824	 , 3	 , 10	 , 149.99999, 
150	 , 53050	 , 0	 , 10	 , 150.0, 
150	 , 57082	 , 3	 , 10	 , 50.0, 
150	 , 54444	 , 4	 , 10	 , 50.0, 
150	 , 53772	 , 0	 , 10	 , 149.99999, 
150	 , 51762	 , 4	 , 9	 , 50.0, 
150	 , 53760	 , 3	 , 10	 , 150.0, 
150	 , 55502	 , 1	 , 10	 , 150.0, 
150	 , 59684	 , 4	 , 10	 , 50.0, 
150	 , 53092	 , 1	 , 10	 , 150.0, 
150	 , 54542	 , 2	 , 10	 , 150.0, 
150	 , 53286	 , 1	 , 10	 , 149.99996, 
150	 , 55730	 , 2	 , 10	 , 150.0, 
150	 , 54514	 , 3	 , 10	 , 50.0, 
150	 , 57930	 , 5	 , 10	 , 149.99996, 
150	 , 56228	 , 1	 , 10	 , 150.0, 
150	 , 54930	 , 0	 , 10	 , 150.0, 
150	 , 58170	 , 3	 , 10	 , 150.0, 
150	 , 53762	 , 1	 , 10	 , 149.99999, 
150	 , 53080	 , 0	 , 10	 , 149.99996, 
150	 , 54478	 , 1	 , 10	 , 149.99996, 
150	 , 53776	 , 1	 , 10	 , 50.0, 
150	 , 54986	 , 4	 , 10	 , 150.0, 
150	 , 52216	 , 0	 , 10	 , 149.99996, 
150	 , 55674	 , 4	 , 10	 , 150.0, 
200	 , 54066	 , 1	 , 8	 , 150.0, 
200	 , 54698	 , 2	 , 8	 , 149.99998, 
200	 , 58112	 , 3	 , 8	 , 149.99996, 
200	 , 56396	 , 1	 , 8	 , 50.0, 
200	 , 58056	 , 3	 , 8	 , 50.0, 
200	 , 58310	 , 2	 , 8	 , 150.0, 
200	 , 56550	 , 2	 , 8	 , 150.0, 
200	 , 54828	 , 0	 , 8	 , 150.0, 
200	 , 54256	 , 0	 , 8	 , 149.9998, 
200	 , 54864	 , 2	 , 8	 , 150.0, 
200	 , 54518	 , 1	 , 8	 , 149.99999, 
200	 , 55800	 , 2	 , 8	 , 150.0, 
200	 , 54802	 , 2	 , 8	 , 149.99992, 
200	 , 54214	 , 0	 , 8	 , 50.0, 
200	 , 54220	 , 0	 , 8	 , 150.0, 
200	 , 57324	 , 3	 , 8	 , 150.0, 
200	 , 58888	 , 2	 , 8	 , 50.0, 
200	 , 54186	 , 1	 , 8	 , 149.99999, 
200	 , 54644	 , 0	 , 8	 , 149.9998, 
200	 , 55218	 , 0	 , 8	 , 149.99998, 
200	 , 54908	 , 0	 , 8	 , 150.0, 
200	 , 53632	 , 2	 , 8	 , 149.99999, 
200	 , 57460	 , 2	 , 8	 , 50.0, 
200	 , 54628	 , 2	 , 8	 , 149.99999, 
200	 , 55608	 , 1	 , 8	 , 150.0, 
200	 , 54286	 , 0	 , 8	 , 149.99999, 
200	 , 53860	 , 0	 , 8	 , 150.0, 
200	 , 55458	 , 0	 , 8	 , 149.99998, 
200	 , 56120	 , 0	 , 8	 , 150.0, 
200	 , 56080	 , 1	 , 8	 , 149.99996, 
200	 , 55972	 , 2	 , 8	 , 149.99998, 
200	 , 56430	 , 1	 , 8	 , 149.99996, 
200	 , 57356	 , 3	 , 8	 , 149.99996, 
200	 , 54066	 , 2	 , 8	 , 150.0, 
200	 , 53630	 , 0	 , 8	 , 149.99992, 
200	 , 57458	 , 2	 , 8	 , 50.0, 
200	 , 53778	 , 0	 , 8	 , 149.99999, 
200	 , 54888	 , 2	 , 8	 , 149.99998, 
200	 , 54458	 , 0	 , 8	 , 149.99944, 
200	 , 55376	 , 2	 , 8	 , 149.99998, 
200	 , 54598	 , 0	 , 8	 , 149.99989, 
200	 , 56568	 , 1	 , 8	 , 150.0, 
200	 , 55852	 , 0	 , 8	 , 149.99998, 
200	 , 55054	 , 2	 , 8	 , 149.99999, 
200	 , 55104	 , 0	 , 8	 , 150.0, 
200	 , 55502	 , 1	 , 8	 , 149.99999, 
200	 , 54812	 , 0	 , 8	 , 150.0, 
200	 , 53714	 , 2	 , 8	 , 149.99999, 
200	 , 54880	 , 0	 , 8	 , 50.0, 
200	 , 54364	 , 2	 , 8	 , 149.99999, 
200	 , 54324	 , 0	 , 8	 , 149.99999, 
200	 , 55530	 , 0	 , 8	 , 150.0, 
200	 , 59552	 , 2	 , 8	 , 50.0, 
200	 , 54370	 , 2	 , 8	 , 150.0, 
200	 , 54570	 , 2	 , 8	 , 149.99999, 
200	 , 58904	 , 3	 , 8	 , 150.0, 
200	 , 55042	 , 0	 , 8	 , 150.0, 
200	 , 54808	 , 3	 , 8	 , 149.99996, 
200	 , 53502	 , 0	 , 8	 , 149.99996, 
200	 , 58108	 , 3	 , 8	 , 149.99996, 
200	 , 53932	 , 0	 , 8	 , 149.99999, 
200	 , 54248	 , 1	 , 8	 , 150.0, 
200	 , 53432	 , 1	 , 8	 , 149.99999, 
200	 , 53420	 , 1	 , 8	 , 149.99998, 
200	 , 53444	 , 0	 , 8	 , 150.0, 
200	 , 57154	 , 3	 , 8	 , 149.99996, 
200	 , 54646	 , 1	 , 8	 , 150.0, 
200	 , 56002	 , 2	 , 8	 , 149.99999, 
200	 , 54792	 , 0	 , 8	 , 150.0, 
200	 , 54746	 , 0	 , 8	 , 149.99992, 
200	 , 54640	 , 0	 , 8	 , 150.0, 
200	 , 56824	 , 3	 , 8	 , 149.99996, 
200	 , 55570	 , 1	 , 8	 , 150.0, 
200	 , 54308	 , 1	 , 8	 , 50.0, 
200	 , 53710	 , 0	 , 8	 , 149.99992, 
200	 , 54592	 , 0	 , 8	 , 150.0, 
200	 , 54138	 , 1	 , 8	 , 149.99998, 
200	 , 56468	 , 3	 , 8	 , 150.0, 
200	 , 53630	 , 0	 , 8	 , 149.99999, 
200	 , 53902	 , 1	 , 8	 , 150.0, 
200	 , 54334	 , 0	 , 8	 , 149.99999, 
200	 , 54036	 , 2	 , 8	 , 149.99999, 
200	 , 54808	 , 0	 , 8	 , 150.0, 
200	 , 54154	 , 0	 , 8	 , 149.99976, 
200	 , 54536	 , 2	 , 8	 , 50.0, 
200	 , 54244	 , 2	 , 8	 , 58.23242, 
200	 , 55326	 , 2	 , 8	 , 149.99998, 
200	 , 55662	 , 2	 , 8	 , 149.99999, 
200	 , 56932	 , 2	 , 8	 , 150.0, 
200	 , 54738	 , 2	 , 8	 , 149.99996, 
200	 , 54542	 , 2	 , 8	 , 149.99998, 
200	 , 54424	 , 0	 , 8	 , 149.99988, 
200	 , 55910	 , 1	 , 8	 , 150.0, 
200	 , 55976	 , 2	 , 8	 , 149.99992, 
200	 , 55094	 , 1	 , 8	 , 50.0, 
200	 , 54580	 , 2	 , 8	 , 149.99998, 
200	 , 55444	 , 1	 , 8	 , 150.0, 
200	 , 54926	 , 2	 , 8	 , 149.99999, 
200	 , 56646	 , 2	 , 8	 , 50.0, 
200	 , 57960	 , 2	 , 8	 , 150.0, 
200	 , 54196	 , 0	 , 8	 , 149.99999, 
200	 , 54594	 , 2	 , 8	 , 50.0, 
200	 , 53840	 , 1	 , 8	 , 149.99996, 
200	 , 56152	 , 3	 , 8	 , 149.99999, 
200	 , 54176	 , 1	 , 8	 , 149.99999, 
200	 , 55308	 , 3	 , 8	 , 149.99999, 
200	 , 54432	 , 0	 , 8	 , 150.0, 
200	 , 55634	 , 0	 , 8	 , 149.99971, 
200	 , 55718	 , 0	 , 8	 , 50.0, 
200	 , 56510	 , 3	 , 8	 , 150.0, 
200	 , 56554	 , 4	 , 8	 , 149.99992, 
200	 , 53830	 , 1	 , 8	 , 149.99989, 
200	 , 56804	 , 1	 , 8	 , 150.0, 
200	 , 53784	 , 1	 , 8	 , 107.96043, 
200	 , 56614	 , 1	 , 8	 , 150.0, 
200	 , 54688	 , 3	 , 8	 , 50.0, 
200	 , 53950	 , 0	 , 8	 , 150.0, 
200	 , 56234	 , 0	 , 8	 , 150.0, 
200	 , 54304	 , 0	 , 8	 , 148.87912, 
200	 , 58604	 , 2	 , 8	 , 149.99996, 
200	 , 53512	 , 1	 , 8	 , 150.0, 
200	 , 56204	 , 1	 , 8	 , 149.99974, 
200	 , 55480	 , 1	 , 8	 , 149.99996, 
200	 , 53406	 , 0	 , 8	 , 149.99989, 
200	 , 57966	 , 1	 , 8	 , 150.0, 
200	 , 56368	 , 1	 , 8	 , 150.0, 
200	 , 53972	 , 0	 , 8	 , 150.0, 
200	 , 55350	 , 1	 , 8	 , 149.99999, 
200	 , 54402	 , 0	 , 8	 , 149.99998, 
200	 , 55102	 , 0	 , 8	 , 50.0, 
200	 , 55490	 , 0	 , 8	 , 149.99999, 
200	 , 54602	 , 0	 , 8	 , 149.99976, 
200	 , 54934	 , 1	 , 8	 , 149.99901, 
200	 , 54590	 , 0	 , 8	 , 150.0, 
200	 , 54040	 , 0	 , 8	 , 149.99996, 
200	 , 57302	 , 2	 , 8	 , 150.0, 
200	 , 53652	 , 0	 , 8	 , 149.99996, 
200	 , 55220	 , 0	 , 8	 , 150.0, 
200	 , 54728	 , 0	 , 8	 , 149.99985, 
200	 , 54150	 , 1	 , 8	 , 150.0, 
200	 , 58086	 , 4	 , 8	 , 149.99996, 
200	 , 57774	 , 1	 , 8	 , 149.99996, 
200	 , 54650	 , 0	 , 8	 , 149.99999, 
200	 , 55246	 , 0	 , 8	 , 150.0, 
200	 , 54806	 , 0	 , 8	 , 149.99917, 
200	 , 54244	 , 0	 , 8	 , 149.99999, 
200	 , 56808	 , 3	 , 8	 , 149.99996, 
200	 , 55072	 , 0	 , 8	 , 149.99974, 
200	 , 54374	 , 2	 , 8	 , 149.99999, 
200	 , 54542	 , 0	 , 8	 , 150.0, 
200	 , 55850	 , 2	 , 8	 , 149.99999, 
200	 , 54534	 , 1	 , 8	 , 149.99998, 
200	 , 56144	 , 1	 , 8	 , 150.0, 
200	 , 54354	 , 2	 , 8	 , 150.0, 
200	 , 53916	 , 2	 , 8	 , 150.0, 
200	 , 57138	 , 3	 , 8	 , 50.0, 
200	 , 53836	 , 0	 , 8	 , 149.99989, 
200	 , 57744	 , 3	 , 8	 , 50.0, 
200	 , 55498	 , 0	 , 8	 , 150.0, 
200	 , 56972	 , 1	 , 8	 , 150.0, 
200	 , 53726	 , 0	 , 8	 , 149.99999, 
200	 , 55598	 , 1	 , 8	 , 50.0, 
200	 , 57734	 , 1	 , 8	 , 149.99996, 
200	 , 53770	 , 0	 , 8	 , 150.0, 
200	 , 54032	 , 1	 , 8	 , 149.99998, 
200	 , 57206	 , 2	 , 8	 , 149.99988, 
200	 , 53804	 , 0	 , 8	 , 149.99999, 
200	 , 56074	 , 2	 , 8	 , 150.0, 
200	 , 55040	 , 1	 , 8	 , 150.0, 
200	 , 55642	 , 2	 , 8	 , 149.99996, 
200	 , 55562	 , 2	 , 8	 , 150.0, 
200	 , 53610	 , 0	 , 8	 , 149.99996, 
200	 , 61182	 , 3	 , 8	 , 50.0, 
200	 , 56278	 , 1	 , 8	 , 150.0, 
200	 , 53838	 , 0	 , 8	 , 149.99999, 
200	 , 54644	 , 0	 , 8	 , 149.99999, 
200	 , 59472	 , 2	 , 8	 , 50.0, 
200	 , 54086	 , 0	 , 8	 , 149.99982, 
200	 , 54746	 , 1	 , 8	 , 149.99999, 
200	 , 59006	 , 0	 , 8	 , 149.99996, 
200	 , 57654	 , 2	 , 8	 , 149.99996, 
200	 , 55354	 , 1	 , 8	 , 150.0, 
200	 , 54264	 , 0	 , 8	 , 149.99999, 
200	 , 57866	 , 2	 , 8	 , 149.99883, 
200	 , 55194	 , 2	 , 8	 , 150.0, 
200	 , 54674	 , 2	 , 8	 , 150.0, 
200	 , 55594	 , 1	 , 8	 , 149.99999, 
200	 , 55420	 , 2	 , 8	 , 149.99999, 
200	 , 55190	 , 1	 , 8	 , 150.0, 
200	 , 57156	 , 3	 , 8	 , 149.99999, 
200	 , 56732	 , 2	 , 8	 , 50.0, 
200	 , 54058	 , 1	 , 8	 , 149.99989, 
200	 , 53634	 , 1	 , 8	 , 149.99999, 
200	 , 55796	 , 0	 , 8	 , 150.0, 
200	 , 53922	 , 1	 , 8	 , 149.99999, 
200	 , 57402	 , 4	 , 8	 , 149.99996, 
200	 , 54616	 , 0	 , 8	 , 150.0, 
200	 , 57846	 , 2	 , 8	 , 150.0, 
200	 , 54076	 , 0	 , 8	 , 149.99996, 
200	 , 54350	 , 2	 , 8	 , 150.0, 
200	 , 54110	 , 0	 , 8	 , 149.99999, 
200	 , 54828	 , 0	 , 8	 , 50.0, 
200	 , 58050	 , 3	 , 8	 , 150.0, 
200	 , 54104	 , 0	 , 8	 , 150.0, 
200	 , 54464	 , 2	 , 8	 , 150.0, 
200	 , 55030	 , 1	 , 8	 , 50.0, 
200	 , 55052	 , 3	 , 8	 , 150.0, 
200	 , 55748	 , 3	 , 8	 , 150.0, 
200	 , 56086	 , 1	 , 8	 , 149.99999, 
200	 , 56566	 , 1	 , 8	 , 150.0, 
200	 , 56542	 , 3	 , 8	 , 149.99996, 
200	 , 54162	 , 0	 , 8	 , 149.91482, 
200	 , 54738	 , 0	 , 8	 , 149.99996, 
200	 , 54566	 , 0	 , 8	 , 149.99999, 
200	 , 53576	 , 1	 , 8	 , 149.99999, 
200	 , 55942	 , 1	 , 8	 , 150.0, 
200	 , 54410	 , 1	 , 8	 , 149.99996, 
200	 , 53606	 , 1	 , 8	 , 149.99999, 
200	 , 54848	 , 1	 , 8	 , 149.99996, 
200	 , 57620	 , 1	 , 8	 , 150.0, 
200	 , 55280	 , 1	 , 8	 , 150.0, 
200	 , 56484	 , 3	 , 8	 , 149.99999, 
200	 , 57596	 , 1	 , 8	 , 150.0, 
200	 , 54904	 , 0	 , 8	 , 150.0, 
200	 , 57650	 , 1	 , 8	 , 149.99992, 
200	 , 53698	 , 1	 , 8	 , 149.99999, 
200	 , 54664	 , 0	 , 8	 , 150.0, 
200	 , 54134	 , 1	 , 8	 , 149.99999, 
200	 , 56480	 , 2	 , 8	 , 149.99996, 
200	 , 54348	 , 0	 , 8	 , 149.99949, 
200	 , 54542	 , 0	 , 8	 , 149.99999, 
200	 , 53980	 , 1	 , 8	 , 149.99999, 
200	 , 53712	 , 0	 , 8	 , 149.99998, 
200	 , 54136	 , 0	 , 8	 , 149.99999, 
200	 , 56508	 , 1	 , 8	 , 150.0, 
200	 , 53446	 , 1	 , 8	 , 149.99999, 
200	 , 54172	 , 1	 , 8	 , 149.99999, 
200	 , 54340	 , 0	 , 8	 , 150.0, 
200	 , 54924	 , 3	 , 8	 , 149.99999, 
200	 , 58094	 , 2	 , 8	 , 150.0, 
200	 , 56478	 , 2	 , 8	 , 150.0, 
200	 , 57304	 , 4	 , 8	 , 149.99996, 
200	 , 55332	 , 1	 , 8	 , 149.99989, 
200	 , 53846	 , 0	 , 8	 , 149.99999, 
200	 , 54908	 , 0	 , 8	 , 149.99992, 
200	 , 55260	 , 0	 , 8	 , 150.0, 
200	 , 55096	 , 1	 , 8	 , 149.99992, 
200	 , 55462	 , 2	 , 8	 , 149.99996, 
200	 , 53804	 , 1	 , 8	 , 149.99967, 
200	 , 53954	 , 0	 , 8	 , 150.0, 
250	 , 57736	 , 1	 , 7	 , 149.99999, 
250	 , 57212	 , 1	 , 7	 , 150.0, 
250	 , 58194	 , 1	 , 7	 , 149.99999, 
250	 , 57784	 , 0	 , 7	 , 149.99999, 
250	 , 57482	 , 0	 , 7	 , 149.9989, 
250	 , 59726	 , 2	 , 7	 , 149.99999, 
250	 , 57632	 , 0	 , 7	 , 149.99998, 
250	 , 58380	 , 0	 , 7	 , 149.99998, 
250	 , 58068	 , 0	 , 7	 , 149.99999, 
250	 , 57414	 , 1	 , 7	 , 149.99999, 
250	 , 58784	 , 2	 , 7	 , 150.0, 
250	 , 61412	 , 3	 , 7	 , 149.99996, 
250	 , 57786	 , 0	 , 7	 , 149.99999, 
250	 , 60776	 , 3	 , 7	 , 149.99996, 
250	 , 60254	 , 1	 , 7	 , 150.0, 
250	 , 57568	 , 0	 , 7	 , 149.99999, 
250	 , 57524	 , 1	 , 7	 , 149.99999, 
250	 , 57788	 , 1	 , 7	 , 149.99999, 
250	 , 57888	 , 1	 , 7	 , 149.99999, 
250	 , 57650	 , 2	 , 7	 , 149.99999, 
250	 , 59298	 , 1	 , 7	 , 150.0, 
250	 , 59170	 , 2	 , 7	 , 149.99996, 
250	 , 58444	 , 0	 , 7	 , 149.99999, 
250	 , 58694	 , 0	 , 7	 , 150.0, 
250	 , 58884	 , 1	 , 7	 , 149.99999, 
250	 , 57966	 , 0	 , 7	 , 150.0, 
250	 , 58486	 , 1	 , 7	 , 150.0, 
250	 , 58166	 , 0	 , 7	 , 149.99992, 
250	 , 60978	 , 1	 , 7	 , 150.0, 
250	 , 58094	 , 0	 , 7	 , 149.99279, 
250	 , 59270	 , 2	 , 7	 , 50.0, 
250	 , 59136	 , 1	 , 7	 , 149.99999, 
250	 , 58180	 , 1	 , 7	 , 149.99998, 
250	 , 58424	 , 0	 , 7	 , 149.99999, 
250	 , 57824	 , 0	 , 7	 , 149.99996, 
250	 , 51658	 , 2	 , 6	 , 50.0, 
250	 , 57794	 , 1	 , 7	 , 149.99999, 
250	 , 60448	 , 1	 , 7	 , 150.0, 
250	 , 60304	 , 1	 , 7	 , 149.99999, 
250	 , 58726	 , 0	 , 7	 , 150.0, 
250	 , 57672	 , 1	 , 7	 , 149.99999, 
250	 , 57984	 , 2	 , 7	 , 149.99999, 
250	 , 57460	 , 1	 , 7	 , 149.99999, 
250	 , 57840	 , 3	 , 7	 , 150.0, 
250	 , 57338	 , 2	 , 7	 , 149.99999, 
250	 , 59112	 , 1	 , 7	 , 149.99996, 
250	 , 59136	 , 2	 , 7	 , 150.0, 
250	 , 58944	 , 1	 , 7	 , 149.99999, 
250	 , 58382	 , 2	 , 7	 , 149.99996, 
250	 , 57942	 , 0	 , 7	 , 149.99998, 
250	 , 58148	 , 0	 , 7	 , 149.99999, 
250	 , 57732	 , 0	 , 7	 , 149.99996, 
250	 , 59668	 , 1	 , 7	 , 50.0, 
250	 , 58898	 , 0	 , 7	 , 149.99999, 
250	 , 60376	 , 1	 , 7	 , 149.99999, 
250	 , 57778	 , 0	 , 7	 , 149.99989, 
250	 , 57630	 , 0	 , 7	 , 149.99999, 
250	 , 57966	 , 0	 , 7	 , 149.99996, 
250	 , 61746	 , 1	 , 7	 , 149.99996, 
250	 , 61540	 , 2	 , 7	 , 149.99996, 
250	 , 59182	 , 1	 , 7	 , 150.0, 
250	 , 59164	 , 1	 , 7	 , 149.99999, 
250	 , 58184	 , 1	 , 7	 , 149.99999, 
250	 , 58900	 , 1	 , 7	 , 149.99999, 
250	 , 57974	 , 0	 , 7	 , 149.99999, 
250	 , 58070	 , 1	 , 7	 , 149.99992, 
250	 , 61308	 , 1	 , 7	 , 149.99996, 
250	 , 57666	 , 0	 , 7	 , 149.99999, 
250	 , 57678	 , 0	 , 7	 , 149.99996, 
250	 , 58410	 , 0	 , 7	 , 149.99992, 
250	 , 57664	 , 0	 , 7	 , 149.99999, 
250	 , 58472	 , 0	 , 7	 , 149.99999, 
250	 , 57304	 , 0	 , 7	 , 149.99999, 
250	 , 57858	 , 1	 , 7	 , 149.99999, 
250	 , 57850	 , 1	 , 7	 , 149.99999, 
250	 , 57458	 , 0	 , 7	 , 149.99999, 
250	 , 58074	 , 0	 , 7	 , 149.99998, 
250	 , 59148	 , 2	 , 7	 , 149.99999, 
250	 , 59316	 , 0	 , 7	 , 149.99976, 
250	 , 58150	 , 1	 , 7	 , 150.0, 
250	 , 57582	 , 2	 , 7	 , 149.99999, 
250	 , 57726	 , 1	 , 7	 , 149.99999, 
250	 , 57850	 , 0	 , 7	 , 149.99998, 
250	 , 58310	 , 0	 , 7	 , 149.99999, 
250	 , 58148	 , 0	 , 7	 , 149.99985, 
250	 , 60496	 , 0	 , 7	 , 150.0, 
250	 , 60470	 , 2	 , 7	 , 149.99996, 
250	 , 59500	 , 2	 , 7	 , 149.99996, 
250	 , 58308	 , 1	 , 7	 , 150.0, 
250	 , 58392	 , 0	 , 7	 , 150.0, 
250	 , 59048	 , 0	 , 7	 , 149.99999, 
250	 , 59216	 , 1	 , 7	 , 50.0, 
250	 , 57448	 , 1	 , 7	 , 149.99999, 
250	 , 57668	 , 0	 , 7	 , 149.99999, 
250	 , 59154	 , 2	 , 7	 , 149.99999, 
250	 , 57510	 , 0	 , 7	 , 149.99944, 
250	 , 57714	 , 2	 , 7	 , 149.99999, 
250	 , 61958	 , 2	 , 7	 , 149.99999, 
250	 , 57862	 , 0	 , 7	 , 149.99999, 
250	 , 57604	 , 0	 , 7	 , 150.0, 
250	 , 57858	 , 1	 , 7	 , 150.0, 
250	 , 57762	 , 1	 , 7	 , 149.99999, 
250	 , 57460	 , 0	 , 7	 , 149.99998, 
250	 , 59792	 , 1	 , 7	 , 149.99914, 
250	 , 61756	 , 2	 , 7	 , 150.0, 
250	 , 57648	 , 1	 , 7	 , 149.99999, 
250	 , 59066	 , 0	 , 7	 , 150.0, 
250	 , 58768	 , 1	 , 7	 , 150.0, 
250	 , 57686	 , 0	 , 7	 , 149.99999, 
250	 , 57960	 , 1	 , 7	 , 149.99999, 
250	 , 60168	 , 2	 , 7	 , 149.99996, 
250	 , 57580	 , 0	 , 7	 , 149.99996, 
250	 , 58212	 , 0	 , 7	 , 149.99998, 
250	 , 60530	 , 2	 , 7	 , 50.0, 
250	 , 58530	 , 3	 , 7	 , 149.99999, 
250	 , 58954	 , 0	 , 7	 , 150.0, 
250	 , 59786	 , 3	 , 7	 , 150.0, 
250	 , 60144	 , 1	 , 7	 , 150.0, 
250	 , 58224	 , 0	 , 7	 , 149.99999, 
250	 , 57412	 , 1	 , 7	 , 149.99999, 
250	 , 58316	 , 1	 , 7	 , 150.0, 
250	 , 58004	 , 0	 , 7	 , 150.0, 
250	 , 58554	 , 0	 , 7	 , 149.99964, 
250	 , 58168	 , 0	 , 7	 , 150.0, 
250	 , 57572	 , 1	 , 7	 , 149.99996, 
250	 , 57582	 , 0	 , 7	 , 149.99999, 
250	 , 58838	 , 2	 , 7	 , 50.0, 
250	 , 57872	 , 0	 , 7	 , 149.99987, 
250	 , 57934	 , 0	 , 7	 , 149.99999, 
250	 , 57750	 , 0	 , 7	 , 149.99957, 
250	 , 58784	 , 0	 , 7	 , 150.0, 
250	 , 57976	 , 1	 , 7	 , 149.99999, 
250	 , 58176	 , 2	 , 7	 , 149.99998, 
250	 , 59050	 , 1	 , 7	 , 149.99999, 
250	 , 59794	 , 2	 , 7	 , 150.0, 
250	 , 60972	 , 1	 , 7	 , 149.99998, 
250	 , 57714	 , 1	 , 7	 , 149.99999, 
250	 , 57720	 , 0	 , 7	 , 150.0, 
250	 , 57780	 , 0	 , 7	 , 149.99942, 
250	 , 57824	 , 0	 , 7	 , 149.99999, 
250	 , 58178	 , 2	 , 7	 , 150.0, 
250	 , 58386	 , 0	 , 7	 , 149.99999, 
250	 , 59446	 , 0	 , 7	 , 150.0, 
250	 , 59294	 , 0	 , 7	 , 150.0, 
250	 , 59922	 , 2	 , 7	 , 149.99999, 
250	 , 58046	 , 0	 , 7	 , 149.99999, 
250	 , 58134	 , 0	 , 7	 , 150.0, 
250	 , 58312	 , 1	 , 7	 , 149.99999, 
250	 , 59922	 , 0	 , 7	 , 150.0, 
250	 , 58414	 , 1	 , 7	 , 150.0, 
250	 , 58596	 , 3	 , 7	 , 150.0, 
250	 , 58988	 , 1	 , 7	 , 149.99989, 
250	 , 58776	 , 0	 , 7	 , 149.99992, 
250	 , 59008	 , 2	 , 7	 , 149.99999, 
250	 , 59658	 , 1	 , 7	 , 149.99996, 
250	 , 60646	 , 0	 , 7	 , 150.0, 
250	 , 58210	 , 0	 , 7	 , 149.99999, 
250	 , 57900	 , 1	 , 7	 , 150.0, 
250	 , 57750	 , 1	 , 7	 , 149.99999, 
250	 , 57210	 , 2	 , 7	 , 149.99999, 
250	 , 57724	 , 0	 , 7	 , 149.99999, 
250	 , 57536	 , 1	 , 7	 , 149.99999, 
250	 , 62010	 , 1	 , 7	 , 149.99996, 
250	 , 57618	 , 1	 , 7	 , 149.99999, 
250	 , 59976	 , 0	 , 7	 , 149.99996, 
250	 , 57840	 , 1	 , 7	 , 149.99999, 
250	 , 57424	 , 0	 , 7	 , 149.99999, 
250	 , 58274	 , 0	 , 7	 , 149.99999, 
250	 , 60038	 , 0	 , 7	 , 150.0, 
250	 , 57598	 , 2	 , 7	 , 149.99999, 
250	 , 58994	 , 2	 , 7	 , 149.99999, 
250	 , 57784	 , 1	 , 7	 , 149.99999, 
250	 , 58204	 , 0	 , 7	 , 149.99998, 
250	 , 58256	 , 0	 , 7	 , 149.99996, 
250	 , 58258	 , 0	 , 7	 , 149.9962, 
250	 , 58600	 , 0	 , 7	 , 149.99999, 
250	 , 59296	 , 0	 , 7	 , 150.0, 
250	 , 60694	 , 1	 , 7	 , 150.0, 
250	 , 58768	 , 0	 , 7	 , 149.99992, 
250	 , 58398	 , 0	 , 7	 , 149.99998, 
250	 , 57906	 , 0	 , 7	 , 150.0, 
250	 , 61820	 , 2	 , 7	 , 150.0, 
250	 , 60008	 , 1	 , 7	 , 149.99988, 
250	 , 58868	 , 1	 , 7	 , 150.0, 
250	 , 57794	 , 0	 , 7	 , 149.99999, 
250	 , 58576	 , 1	 , 7	 , 150.0, 
250	 , 58468	 , 1	 , 7	 , 149.99999, 
250	 , 58304	 , 2	 , 7	 , 150.0, 
250	 , 57790	 , 0	 , 7	 , 149.99999, 
250	 , 58612	 , 0	 , 7	 , 149.99999, 
250	 , 59244	 , 0	 , 7	 , 149.99992, 
250	 , 61266	 , 3	 , 7	 , 50.0, 
250	 , 58076	 , 0	 , 7	 , 149.99988, 
250	 , 57722	 , 0	 , 7	 , 149.99996, 
250	 , 57748	 , 0	 , 7	 , 149.99996, 
250	 , 57416	 , 1	 , 7	 , 149.99999, 
250	 , 59646	 , 1	 , 7	 , 149.99999, 
250	 , 58232	 , 1	 , 7	 , 149.99996, 
250	 , 57676	 , 0	 , 7	 , 149.99999, 
250	 , 57804	 , 0	 , 7	 , 149.99998, 
250	 , 57722	 , 0	 , 7	 , 149.99901, 
250	 , 57658	 , 0	 , 7	 , 149.99999, 
250	 , 59512	 , 2	 , 7	 , 149.99999, 
250	 , 58266	 , 2	 , 7	 , 149.99999, 
250	 , 57582	 , 1	 , 7	 , 150.0, 
250	 , 60906	 , 1	 , 7	 , 150.0, 
250	 , 59000	 , 0	 , 7	 , 149.99996, 
250	 , 58904	 , 2	 , 7	 , 149.99999, 
250	 , 57842	 , 1	 , 7	 , 150.0, 
250	 , 57184	 , 0	 , 7	 , 149.99999, 
250	 , 58214	 , 0	 , 7	 , 149.99998, 
250	 , 57792	 , 1	 , 7	 , 149.99999, 
250	 , 58054	 , 1	 , 7	 , 149.99992, 
250	 , 61600	 , 2	 , 7	 , 149.99999, 
250	 , 60560	 , 2	 , 7	 , 149.99996, 
250	 , 57934	 , 0	 , 7	 , 150.0, 
250	 , 57736	 , 0	 , 7	 , 149.99999, 
250	 , 57388	 , 0	 , 7	 , 149.99999, 
250	 , 58276	 , 0	 , 7	 , 149.99974, 
250	 , 62080	 , 1	 , 7	 , 50.0, 
250	 , 57538	 , 0	 , 7	 , 149.99999, 
250	 , 58168	 , 0	 , 7	 , 150.0, 
250	 , 61038	 , 1	 , 7	 , 150.0, 
250	 , 57786	 , 1	 , 7	 , 150.0, 
250	 , 57960	 , 0	 , 7	 , 149.99999, 
250	 , 57700	 , 1	 , 7	 , 149.99999, 
250	 , 57542	 , 1	 , 7	 , 149.99999, 
250	 , 58788	 , 1	 , 7	 , 149.99996, 
250	 , 58648	 , 0	 , 7	 , 149.99999, 
250	 , 59148	 , 1	 , 7	 , 50.0, 
250	 , 58362	 , 0	 , 7	 , 150.0, 
250	 , 60960	 , 2	 , 7	 , 149.99996, 
250	 , 58052	 , 0	 , 7	 , 149.99999, 
250	 , 61284	 , 1	 , 7	 , 150.0, 
250	 , 57834	 , 0	 , 7	 , 150.0, 
250	 , 59706	 , 1	 , 7	 , 150.0, 
250	 , 57464	 , 0	 , 7	 , 149.99999, 
250	 , 60978	 , 2	 , 7	 , 150.0, 
250	 , 57670	 , 1	 , 7	 , 149.99999, 
250	 , 57608	 , 1	 , 7	 , 149.99999, 
250	 , 57690	 , 1	 , 7	 , 149.99999, 
250	 , 57768	 , 0	 , 7	 , 149.99999, 
250	 , 60478	 , 0	 , 7	 , 150.0, 
250	 , 58174	 , 0	 , 7	 , 149.99892, 
250	 , 57772	 , 0	 , 7	 , 149.99999, 
250	 , 61606	 , 2	 , 7	 , 149.99996, 
250	 , 58414	 , 2	 , 7	 , 149.99999, 
250	 , 57554	 , 0	 , 7	 , 149.99999, 
250	 , 58114	 , 1	 , 7	 , 149.99999, 
250	 , 60072	 , 2	 , 7	 , 50.0, 
300	 , 57744	 , 0	 , 6	 , 149.99985, 
300	 , 57806	 , 0	 , 6	 , 149.99996, 
300	 , 59700	 , 0	 , 6	 , 149.99996, 
300	 , 57386	 , 1	 , 6	 , 149.99996, 
300	 , 57538	 , 0	 , 6	 , 149.99999, 
300	 , 58292	 , 1	 , 6	 , 149.99999, 
300	 , 57648	 , 0	 , 6	 , 149.99992, 
300	 , 57568	 , 0	 , 6	 , 150.0, 
300	 , 57534	 , 0	 , 6	 , 149.99998, 
300	 , 59002	 , 1	 , 6	 , 149.99996, 
300	 , 57436	 , 0	 , 6	 , 50.0, 
300	 , 57444	 , 1	 , 6	 , 149.99999, 
300	 , 57734	 , 0	 , 6	 , 149.99999, 
300	 , 57890	 , 0	 , 6	 , 149.99989, 
300	 , 57626	 , 0	 , 6	 , 149.99978, 
300	 , 57368	 , 0	 , 6	 , 149.99992, 
300	 , 58144	 , 0	 , 6	 , 149.99998, 
300	 , 57324	 , 0	 , 6	 , 149.99989, 
300	 , 57758	 , 0	 , 6	 , 149.99999, 
300	 , 57782	 , 0	 , 6	 , 150.0, 
300	 , 58712	 , 0	 , 6	 , 149.99988, 
300	 , 58190	 , 0	 , 6	 , 150.0, 
300	 , 57788	 , 1	 , 6	 , 149.99999, 
300	 , 57320	 , 0	 , 6	 , 148.34141, 
300	 , 57716	 , 0	 , 6	 , 149.99992, 
300	 , 58246	 , 2	 , 6	 , 50.0, 
300	 , 57548	 , 1	 , 6	 , 149.99996, 
300	 , 57872	 , 0	 , 6	 , 149.99996, 
300	 , 61534	 , 1	 , 6	 , 150.0, 
300	 , 58440	 , 0	 , 6	 , 149.99996, 
300	 , 58026	 , 0	 , 6	 , 149.99999, 
300	 , 57416	 , 0	 , 6	 , 149.99988, 
300	 , 57414	 , 0	 , 6	 , 150.0, 
300	 , 57372	 , 0	 , 6	 , 149.99999, 
300	 , 57576	 , 1	 , 6	 , 149.99998, 
300	 , 60454	 , 0	 , 6	 , 149.99996, 
300	 , 57418	 , 0	 , 6	 , 149.99999, 
300	 , 57540	 , 0	 , 6	 , 150.0, 
300	 , 57836	 , 0	 , 6	 , 140.71676, 
300	 , 57688	 , 0	 , 6	 , 149.99939, 
300	 , 57522	 , 0	 , 6	 , 149.99999, 
300	 , 57714	 , 0	 , 6	 , 150.0, 
300	 , 57784	 , 0	 , 6	 , 149.99989, 
300	 , 57476	 , 0	 , 6	 , 149.99998, 
300	 , 57454	 , 0	 , 6	 , 149.99999, 
300	 , 57824	 , 0	 , 6	 , 149.99989, 
300	 , 57474	 , 0	 , 6	 , 149.99974, 
300	 , 60136	 , 1	 , 6	 , 149.99996, 
300	 , 58172	 , 0	 , 6	 , 149.99987, 
300	 , 57526	 , 0	 , 6	 , 149.99999, 
300	 , 57318	 , 0	 , 6	 , 149.99999, 
300	 , 57974	 , 1	 , 6	 , 149.99999, 
300	 , 57826	 , 1	 , 6	 , 149.99999, 
300	 , 59024	 , 0	 , 6	 , 149.99967, 
300	 , 57672	 , 1	 , 6	 , 149.99999, 
300	 , 60334	 , 1	 , 6	 , 150.0, 
300	 , 58048	 , 0	 , 6	 , 149.99955, 
300	 , 57954	 , 0	 , 6	 , 149.99999, 
300	 , 57964	 , 0	 , 6	 , 149.99998, 
300	 , 57220	 , 0	 , 6	 , 149.99992, 
300	 , 57916	 , 0	 , 6	 , 149.99998, 
300	 , 57658	 , 0	 , 6	 , 149.99988, 
300	 , 57640	 , 0	 , 6	 , 149.99942, 
300	 , 58786	 , 0	 , 6	 , 149.99996, 
300	 , 57768	 , 0	 , 6	 , 149.99998, 
300	 , 57816	 , 0	 , 6	 , 149.99973, 
300	 , 58924	 , 0	 , 6	 , 149.99988, 
300	 , 57764	 , 0	 , 6	 , 149.99985, 
300	 , 57738	 , 0	 , 6	 , 149.99999, 
300	 , 58016	 , 0	 , 6	 , 149.9996, 
300	 , 57626	 , 0	 , 6	 , 149.99896, 
300	 , 57688	 , 0	 , 6	 , 149.99998, 
300	 , 57612	 , 0	 , 6	 , 149.99999, 
300	 , 57968	 , 0	 , 6	 , 149.99996, 
300	 , 58064	 , 1	 , 6	 , 50.0, 
300	 , 58152	 , 0	 , 6	 , 149.99996, 
300	 , 58664	 , 0	 , 6	 , 50.0, 
300	 , 57422	 , 0	 , 6	 , 150.0, 
300	 , 57644	 , 0	 , 6	 , 149.99994, 
300	 , 57714	 , 0	 , 6	 , 149.99998, 
300	 , 57682	 , 1	 , 6	 , 149.99999, 
300	 , 57150	 , 0	 , 6	 , 150.0, 
300	 , 57700	 , 0	 , 6	 , 149.99996, 
300	 , 57432	 , 0	 , 6	 , 149.99992, 
300	 , 57640	 , 0	 , 6	 , 149.99935, 
300	 , 57636	 , 0	 , 6	 , 149.99989, 
300	 , 57796	 , 0	 , 6	 , 149.99999, 
300	 , 59538	 , 1	 , 6	 , 149.99996, 
300	 , 58110	 , 0	 , 6	 , 150.0, 
300	 , 58336	 , 0	 , 6	 , 149.99996, 
300	 , 58130	 , 0	 , 6	 , 149.99998, 
300	 , 57778	 , 0	 , 6	 , 149.99999, 
300	 , 57782	 , 1	 , 6	 , 50.0, 
300	 , 57826	 , 1	 , 6	 , 149.99998, 
300	 , 59050	 , 0	 , 6	 , 149.99998, 
300	 , 57980	 , 0	 , 6	 , 142.93044, 
300	 , 57410	 , 0	 , 6	 , 149.99985, 
300	 , 58902	 , 0	 , 6	 , 149.99963, 
300	 , 57226	 , 1	 , 6	 , 149.99998, 
300	 , 57236	 , 0	 , 6	 , 149.99998, 
300	 , 57706	 , 0	 , 6	 , 149.99999, 
300	 , 58584	 , 0	 , 6	 , 150.0, 
300	 , 58272	 , 1	 , 6	 , 50.0, 
300	 , 57942	 , 0	 , 6	 , 149.99998, 
300	 , 58012	 , 0	 , 6	 , 149.99967, 
300	 , 57682	 , 0	 , 6	 , 149.9996, 
300	 , 59130	 , 0	 , 6	 , 149.99988, 
300	 , 57338	 , 0	 , 6	 , 149.99998, 
300	 , 59104	 , 0	 , 6	 , 149.99996, 
300	 , 57786	 , 0	 , 6	 , 149.99992, 
300	 , 57480	 , 0	 , 6	 , 149.99999, 
300	 , 57728	 , 0	 , 6	 , 149.99999, 
300	 , 57340	 , 0	 , 6	 , 149.99994, 
300	 , 59012	 , 0	 , 6	 , 150.0, 
300	 , 57930	 , 0	 , 6	 , 150.0, 
300	 , 58182	 , 0	 , 6	 , 149.99849, 
300	 , 57562	 , 0	 , 6	 , 149.99999, 
300	 , 58030	 , 0	 , 6	 , 149.99998, 
300	 , 57584	 , 0	 , 6	 , 149.99903, 
300	 , 57642	 , 0	 , 6	 , 149.99988, 
300	 , 57788	 , 0	 , 6	 , 149.99999, 
300	 , 57810	 , 0	 , 6	 , 149.94778, 
300	 , 57708	 , 0	 , 6	 , 149.99987, 
300	 , 57560	 , 0	 , 6	 , 149.99855, 
300	 , 57494	 , 1	 , 6	 , 50.0, 
300	 , 57592	 , 0	 , 6	 , 149.99999, 
300	 , 57530	 , 0	 , 6	 , 149.99983, 
300	 , 59720	 , 1	 , 6	 , 150.0, 
300	 , 59812	 , 1	 , 6	 , 149.99996, 
300	 , 57412	 , 0	 , 6	 , 149.99998, 
300	 , 60252	 , 2	 , 6	 , 149.99996, 
300	 , 60954	 , 0	 , 6	 , 149.99996, 
300	 , 57586	 , 0	 , 6	 , 149.99996, 
300	 , 57690	 , 0	 , 6	 , 149.99999, 
300	 , 57694	 , 1	 , 6	 , 149.99998, 
300	 , 58118	 , 0	 , 6	 , 149.99989, 
300	 , 57828	 , 0	 , 6	 , 149.99996, 
300	 , 58246	 , 1	 , 6	 , 149.99989, 
300	 , 58132	 , 1	 , 6	 , 150.0, 
300	 , 57474	 , 0	 , 6	 , 149.99998, 
300	 , 57666	 , 0	 , 6	 , 149.99998, 
300	 , 57962	 , 0	 , 6	 , 149.99989, 
300	 , 57418	 , 0	 , 6	 , 149.99998, 
300	 , 57578	 , 0	 , 6	 , 149.99999, 
300	 , 57612	 , 2	 , 6	 , 149.99999, 
300	 , 57664	 , 0	 , 6	 , 149.99999, 
300	 , 58090	 , 1	 , 6	 , 150.0, 
300	 , 58876	 , 0	 , 6	 , 149.99974, 
300	 , 57596	 , 0	 , 6	 , 149.99978, 
300	 , 57588	 , 0	 , 6	 , 149.99998, 
300	 , 57768	 , 0	 , 6	 , 149.99994, 
300	 , 57938	 , 0	 , 6	 , 149.99989, 
300	 , 57388	 , 0	 , 6	 , 149.99999, 
300	 , 58948	 , 0	 , 6	 , 149.99996, 
300	 , 57272	 , 0	 , 6	 , 149.99988, 
300	 , 57544	 , 0	 , 6	 , 150.0, 
300	 , 59186	 , 0	 , 6	 , 149.99945, 
300	 , 57688	 , 0	 , 6	 , 149.99978, 
300	 , 57538	 , 0	 , 6	 , 149.99996, 
300	 , 58130	 , 0	 , 6	 , 149.99992, 
300	 , 58778	 , 1	 , 6	 , 149.99996, 
300	 , 57576	 , 0	 , 6	 , 149.99999, 
300	 , 59586	 , 0	 , 6	 , 150.0, 
300	 , 57696	 , 0	 , 6	 , 149.99999, 
300	 , 57704	 , 0	 , 6	 , 149.99994, 
300	 , 57670	 , 0	 , 6	 , 149.99999, 
300	 , 58006	 , 0	 , 6	 , 149.99989, 
300	 , 57694	 , 1	 , 6	 , 149.99999, 
300	 , 60956	 , 1	 , 6	 , 150.0, 
300	 , 57818	 , 0	 , 6	 , 149.99999, 
300	 , 59528	 , 1	 , 6	 , 149.99988, 
300	 , 57696	 , 0	 , 6	 , 149.99999, 
300	 , 57822	 , 0	 , 6	 , 149.99999, 
300	 , 57478	 , 1	 , 6	 , 149.99992, 
300	 , 57808	 , 0	 , 6	 , 149.99903, 
300	 , 57688	 , 0	 , 6	 , 149.99989, 
300	 , 58200	 , 0	 , 6	 , 149.99996, 
300	 , 58200	 , 0	 , 6	 , 149.99992, 
300	 , 57498	 , 0	 , 6	 , 149.99992, 
300	 , 57528	 , 0	 , 6	 , 149.99999, 
300	 , 58130	 , 0	 , 6	 , 149.99996, 
300	 , 58946	 , 0	 , 6	 , 149.99996, 
300	 , 57532	 , 0	 , 6	 , 149.99999, 
300	 , 57874	 , 0	 , 6	 , 150.0, 
300	 , 57848	 , 0	 , 6	 , 149.99989, 
300	 , 58892	 , 0	 , 6	 , 149.99996, 
300	 , 57674	 , 0	 , 6	 , 149.99999, 
300	 , 59758	 , 1	 , 6	 , 149.99999, 
300	 , 57594	 , 0	 , 6	 , 149.99999, 
300	 , 58940	 , 1	 , 6	 , 149.99996, 
300	 , 57564	 , 0	 , 6	 , 149.99999, 
300	 , 57960	 , 0	 , 6	 , 149.99992, 
300	 , 57330	 , 0	 , 6	 , 149.99999, 
300	 , 57536	 , 0	 , 6	 , 150.0, 
300	 , 58952	 , 0	 , 6	 , 150.0, 
300	 , 57238	 , 0	 , 6	 , 149.99999, 
300	 , 57436	 , 0	 , 6	 , 149.99996, 
300	 , 57450	 , 0	 , 6	 , 149.99999, 
300	 , 57842	 , 1	 , 6	 , 149.99999, 
300	 , 57648	 , 1	 , 6	 , 50.0, 
300	 , 57358	 , 0	 , 6	 , 149.99999, 
300	 , 57616	 , 0	 , 6	 , 149.99987, 
300	 , 57208	 , 1	 , 6	 , 149.99999, 
300	 , 58454	 , 0	 , 6	 , 149.99992, 
300	 , 57394	 , 0	 , 6	 , 149.99992, 
300	 , 57576	 , 0	 , 6	 , 149.99999, 
300	 , 58940	 , 0	 , 6	 , 149.99999, 
300	 , 59002	 , 0	 , 6	 , 150.0, 
300	 , 57830	 , 0	 , 6	 , 149.99996, 
300	 , 57560	 , 1	 , 6	 , 149.99999, 
300	 , 57256	 , 0	 , 6	 , 149.99999, 
300	 , 59454	 , 1	 , 6	 , 150.0, 
300	 , 57640	 , 0	 , 6	 , 149.99996, 
300	 , 57702	 , 0	 , 6	 , 149.99924, 
300	 , 57380	 , 0	 , 6	 , 149.99999, 
300	 , 57718	 , 0	 , 6	 , 149.99998, 
300	 , 59410	 , 0	 , 6	 , 150.0, 
300	 , 58264	 , 0	 , 6	 , 149.99999, 
300	 , 57996	 , 0	 , 6	 , 149.99996, 
300	 , 58506	 , 0	 , 6	 , 149.99996, 
300	 , 58290	 , 0	 , 6	 , 149.98637, 
300	 , 57594	 , 0	 , 6	 , 149.99999, 
300	 , 57532	 , 0	 , 6	 , 149.99999, 
300	 , 59062	 , 1	 , 6	 , 149.99996, 
300	 , 57618	 , 0	 , 6	 , 149.99999, 
300	 , 58424	 , 0	 , 6	 , 150.0, 
300	 , 57584	 , 1	 , 6	 , 149.99999, 
300	 , 57982	 , 0	 , 6	 , 149.99999, 
300	 , 60704	 , 0	 , 6	 , 149.99996, 
300	 , 57342	 , 0	 , 6	 , 149.99998, 
300	 , 57398	 , 1	 , 6	 , 149.99999, 
300	 , 57682	 , 0	 , 6	 , 149.99999, 
300	 , 57826	 , 0	 , 6	 , 150.0, 
300	 , 60390	 , 1	 , 6	 , 50.0, 
300	 , 57844	 , 0	 , 6	 , 149.99988, 
300	 , 57636	 , 0	 , 6	 , 149.99999, 
300	 , 58630	 , 1	 , 6	 , 149.99987, 
300	 , 57660	 , 0	 , 6	 , 149.99989, 
300	 , 57824	 , 0	 , 6	 , 149.99999, 
300	 , 57582	 , 0	 , 6	 , 149.99999, 
300	 , 57438	 , 0	 , 6	 , 149.99989, 
300	 , 58456	 , 0	 , 6	 , 149.99999, 
300	 , 57990	 , 0	 , 6	 , 149.99999, 
300	 , 58700	 , 1	 , 6	 , 150.0, 
300	 , 57530	 , 0	 , 6	 , 149.99945, 
300	 , 57900	 , 0	 , 6	 , 149.99998, 
300	 , 57296	 , 0	 , 6	 , 150.0, 
300	 , 57766	 , 0	 , 6	 , 149.99999, 
300	 , 57524	 , 0	 , 6	 , 149.99999, 
300	 , 57700	 , 0	 , 6	 , 149.99992, 
350	 , 53768	 , 0	 , 5	 , 149.99988, 
350	 , 53642	 , 0	 , 5	 , 149.99987, 
350	 , 53730	 , 0	 , 5	 , 149.99996, 
350	 , 53904	 , 0	 , 5	 , 149.99996, 
350	 , 53560	 , 0	 , 5	 , 149.99974, 
350	 , 53462	 , 0	 , 5	 , 149.99992, 
350	 , 53808	 , 0	 , 5	 , 149.99688, 
350	 , 53878	 , 0	 , 5	 , 149.99992, 
350	 , 53710	 , 0	 , 5	 , 149.99996, 
350	 , 53488	 , 0	 , 5	 , 149.99996, 
350	 , 53984	 , 0	 , 5	 , 149.99978, 
350	 , 53582	 , 0	 , 5	 , 149.99999, 
350	 , 54156	 , 0	 , 5	 , 149.99999, 
350	 , 53966	 , 0	 , 5	 , 149.99988, 
350	 , 54036	 , 0	 , 5	 , 149.99992, 
350	 , 53826	 , 0	 , 5	 , 149.99942, 
350	 , 53356	 , 1	 , 5	 , 150.0, 
350	 , 53878	 , 0	 , 5	 , 150.0, 
350	 , 54114	 , 0	 , 5	 , 149.99987, 
350	 , 53408	 , 0	 , 5	 , 149.99996, 
350	 , 53834	 , 1	 , 5	 , 149.99992, 
350	 , 53692	 , 0	 , 5	 , 149.99953, 
350	 , 54356	 , 0	 , 5	 , 149.9996, 
350	 , 53784	 , 0	 , 5	 , 149.99888, 
350	 , 53900	 , 0	 , 5	 , 149.99134, 
350	 , 54014	 , 0	 , 5	 , 149.99992, 
350	 , 53670	 , 0	 , 5	 , 149.99992, 
350	 , 53824	 , 0	 , 5	 , 149.99992, 
350	 , 53750	 , 0	 , 5	 , 149.99956, 
350	 , 53616	 , 0	 , 5	 , 149.99999, 
350	 , 53698	 , 0	 , 5	 , 149.99992, 
350	 , 53804	 , 0	 , 5	 , 149.99924, 
350	 , 53836	 , 0	 , 5	 , 149.99999, 
350	 , 54100	 , 0	 , 5	 , 149.99974, 
350	 , 54130	 , 0	 , 5	 , 149.99999, 
350	 , 53824	 , 0	 , 5	 , 150.0, 
350	 , 53878	 , 0	 , 5	 , 149.99932, 
350	 , 54262	 , 0	 , 5	 , 149.99756, 
350	 , 53644	 , 0	 , 5	 , 149.99996, 
350	 , 53740	 , 0	 , 5	 , 149.99996, 
350	 , 53532	 , 0	 , 5	 , 149.99999, 
350	 , 53676	 , 0	 , 5	 , 149.99992, 
350	 , 53948	 , 0	 , 5	 , 149.9978, 
350	 , 53608	 , 0	 , 5	 , 149.99988, 
350	 , 53644	 , 0	 , 5	 , 149.99989, 
350	 , 53240	 , 0	 , 5	 , 149.99996, 
350	 , 53624	 , 0	 , 5	 , 149.9998, 
350	 , 53766	 , 0	 , 5	 , 119.84423, 
350	 , 54064	 , 0	 , 5	 , 149.99608, 
350	 , 54228	 , 0	 , 5	 , 149.99996, 
350	 , 53508	 , 0	 , 5	 , 150.0, 
350	 , 53770	 , 0	 , 5	 , 149.99912, 
350	 , 53446	 , 0	 , 5	 , 149.9998, 
350	 , 54774	 , 0	 , 5	 , 149.99992, 
350	 , 53768	 , 0	 , 5	 , 149.99914, 
350	 , 54110	 , 0	 , 5	 , 149.99998, 
350	 , 53850	 , 0	 , 5	 , 149.99956, 
350	 , 54184	 , 0	 , 5	 , 149.99955, 
350	 , 53832	 , 0	 , 5	 , 150.0, 
350	 , 53516	 , 0	 , 5	 , 149.99978, 
350	 , 53822	 , 0	 , 5	 , 149.99996, 
350	 , 53974	 , 0	 , 5	 , 149.99399, 
350	 , 53542	 , 0	 , 5	 , 149.99998, 
350	 , 54008	 , 0	 , 5	 , 149.99992, 
350	 , 53664	 , 0	 , 5	 , 150.0, 
350	 , 53868	 , 0	 , 5	 , 149.99988, 
350	 , 53988	 , 0	 , 5	 , 149.99992, 
350	 , 53878	 , 0	 , 5	 , 149.99956, 
350	 , 53856	 , 1	 , 5	 , 149.99996, 
350	 , 53694	 , 0	 , 5	 , 149.99999, 
350	 , 53934	 , 0	 , 5	 , 149.99835, 
350	 , 53998	 , 0	 , 5	 , 149.99989, 
350	 , 53832	 , 0	 , 5	 , 149.99899, 
350	 , 53606	 , 0	 , 5	 , 50.0, 
350	 , 53450	 , 0	 , 5	 , 149.99996, 
350	 , 53696	 , 0	 , 5	 , 149.99989, 
350	 , 53838	 , 0	 , 5	 , 149.99999, 
350	 , 53878	 , 0	 , 5	 , 149.99974, 
350	 , 53440	 , 1	 , 5	 , 50.0, 
350	 , 53924	 , 0	 , 5	 , 149.99992, 
350	 , 53764	 , 0	 , 5	 , 149.99448, 
350	 , 53794	 , 0	 , 5	 , 149.99901, 
350	 , 54028	 , 0	 , 5	 , 149.99855, 
350	 , 53940	 , 0	 , 5	 , 149.99812, 
350	 , 53816	 , 0	 , 5	 , 149.99999, 
350	 , 53500	 , 0	 , 5	 , 149.99992, 
350	 , 53610	 , 0	 , 5	 , 149.99996, 
350	 , 53512	 , 0	 , 5	 , 149.99999, 
350	 , 54296	 , 0	 , 5	 , 149.99996, 
350	 , 53966	 , 0	 , 5	 , 149.99962, 
350	 , 53814	 , 0	 , 5	 , 149.99985, 
350	 , 53728	 , 0	 , 5	 , 149.99999, 
350	 , 54400	 , 0	 , 5	 , 149.99998, 
350	 , 53758	 , 0	 , 5	 , 149.99998, 
350	 , 53600	 , 1	 , 5	 , 149.99999, 
350	 , 53992	 , 0	 , 5	 , 149.99917, 
350	 , 54014	 , 0	 , 5	 , 149.99989, 
350	 , 53534	 , 0	 , 5	 , 149.9973, 
350	 , 53998	 , 0	 , 5	 , 149.99978, 
350	 , 54004	 , 0	 , 5	 , 149.99898, 
350	 , 53724	 , 0	 , 5	 , 149.99998, 
350	 , 53826	 , 0	 , 5	 , 149.99994, 
350	 , 54512	 , 0	 , 5	 , 149.99998, 
350	 , 53504	 , 0	 , 5	 , 149.99988, 
350	 , 53666	 , 0	 , 5	 , 149.99992, 
350	 , 53628	 , 0	 , 5	 , 149.99999, 
350	 , 53744	 , 0	 , 5	 , 149.99983, 
350	 , 53982	 , 0	 , 5	 , 149.99999, 
350	 , 54050	 , 0	 , 5	 , 149.9996, 
350	 , 53674	 , 0	 , 5	 , 149.99999, 
350	 , 53984	 , 1	 , 5	 , 149.99802, 
350	 , 53994	 , 0	 , 5	 , 149.99996, 
350	 , 53704	 , 1	 , 5	 , 149.99999, 
350	 , 53690	 , 1	 , 5	 , 50.0, 
350	 , 53722	 , 0	 , 5	 , 149.99999, 
350	 , 54044	 , 0	 , 5	 , 149.99999, 
350	 , 53372	 , 0	 , 5	 , 149.99996, 
350	 , 55448	 , 1	 , 5	 , 150.0, 
350	 , 53274	 , 0	 , 5	 , 149.99996, 
350	 , 53774	 , 0	 , 5	 , 149.99994, 
350	 , 54114	 , 1	 , 5	 , 149.99999, 
350	 , 53824	 , 0	 , 5	 , 149.99933, 
350	 , 53972	 , 0	 , 5	 , 149.9996, 
350	 , 54418	 , 0	 , 5	 , 149.99971, 
350	 , 53690	 , 0	 , 5	 , 60.47623, 
350	 , 54380	 , 0	 , 5	 , 149.99988, 
350	 , 53516	 , 0	 , 5	 , 149.99988, 
350	 , 55048	 , 0	 , 5	 , 150.0, 
350	 , 54172	 , 0	 , 5	 , 149.99988, 
350	 , 53892	 , 0	 , 5	 , 149.9996, 
350	 , 53906	 , 0	 , 5	 , 149.99395, 
350	 , 53768	 , 0	 , 5	 , 150.0, 
350	 , 53900	 , 0	 , 5	 , 149.99967, 
350	 , 53718	 , 1	 , 5	 , 149.99987, 
350	 , 53550	 , 0	 , 5	 , 149.99971, 
350	 , 53934	 , 0	 , 5	 , 149.99989, 
350	 , 53930	 , 0	 , 5	 , 149.99996, 
350	 , 54410	 , 0	 , 5	 , 149.99939, 
350	 , 53766	 , 0	 , 5	 , 149.99912, 
350	 , 54990	 , 1	 , 5	 , 149.99996, 
350	 , 53932	 , 0	 , 5	 , 149.99982, 
350	 , 53608	 , 0	 , 5	 , 149.99996, 
350	 , 53900	 , 0	 , 5	 , 149.99985, 
350	 , 53790	 , 0	 , 5	 , 150.0, 
350	 , 53686	 , 0	 , 5	 , 149.99967, 
350	 , 54038	 , 0	 , 5	 , 149.99994, 
350	 , 53020	 , 0	 , 5	 , 149.99985, 
350	 , 53672	 , 0	 , 5	 , 149.99998, 
350	 , 53800	 , 0	 , 5	 , 149.84567, 
350	 , 53486	 , 1	 , 5	 , 149.99933, 
350	 , 55590	 , 1	 , 5	 , 149.99996, 
350	 , 53386	 , 0	 , 5	 , 149.99976, 
350	 , 53430	 , 0	 , 5	 , 149.99996, 
350	 , 53756	 , 0	 , 5	 , 149.99999, 
350	 , 53492	 , 0	 , 5	 , 149.99989, 
350	 , 54172	 , 0	 , 5	 , 149.9998, 
350	 , 54138	 , 0	 , 5	 , 149.99976, 
350	 , 53950	 , 0	 , 5	 , 149.99838, 
350	 , 53556	 , 0	 , 5	 , 149.9992, 
350	 , 53428	 , 0	 , 5	 , 149.99867, 
350	 , 53762	 , 0	 , 5	 , 149.99992, 
350	 , 53958	 , 0	 , 5	 , 149.99955, 
350	 , 53834	 , 0	 , 5	 , 149.99951, 
350	 , 53542	 , 0	 , 5	 , 149.99996, 
350	 , 53394	 , 0	 , 5	 , 149.99999, 
350	 , 54070	 , 0	 , 5	 , 149.99999, 
350	 , 53618	 , 0	 , 5	 , 149.99801, 
350	 , 54156	 , 0	 , 5	 , 149.99441, 
350	 , 53490	 , 0	 , 5	 , 149.99998, 
350	 , 53992	 , 0	 , 5	 , 149.99963, 
350	 , 53758	 , 0	 , 5	 , 149.99996, 
350	 , 53730	 , 0	 , 5	 , 149.99955, 
350	 , 54114	 , 0	 , 5	 , 150.0, 
350	 , 54038	 , 0	 , 5	 , 149.9998, 
350	 , 54026	 , 0	 , 5	 , 149.99992, 
350	 , 53890	 , 0	 , 5	 , 149.99992, 
350	 , 54036	 , 0	 , 5	 , 149.99731, 
350	 , 53854	 , 0	 , 5	 , 149.99758, 
350	 , 54080	 , 0	 , 5	 , 149.99951, 
350	 , 53512	 , 0	 , 5	 , 150.0, 
350	 , 53462	 , 0	 , 5	 , 149.99976, 
350	 , 53410	 , 0	 , 5	 , 149.99999, 
350	 , 54796	 , 0	 , 5	 , 149.99988, 
350	 , 53634	 , 0	 , 5	 , 149.99677, 
350	 , 53606	 , 0	 , 5	 , 149.99978, 
350	 , 53970	 , 0	 , 5	 , 150.0, 
350	 , 53954	 , 0	 , 5	 , 149.99785, 
350	 , 54008	 , 0	 , 5	 , 149.99944, 
350	 , 53572	 , 0	 , 5	 , 149.99935, 
350	 , 53698	 , 0	 , 5	 , 149.99878, 
350	 , 54350	 , 0	 , 5	 , 149.9998, 
350	 , 53292	 , 0	 , 5	 , 149.99914, 
350	 , 53972	 , 0	 , 5	 , 149.99953, 
350	 , 53960	 , 0	 , 5	 , 149.99999, 
350	 , 53940	 , 0	 , 5	 , 149.99989, 
350	 , 53752	 , 0	 , 5	 , 149.99996, 
350	 , 53868	 , 0	 , 5	 , 149.99985, 
350	 , 53884	 , 0	 , 5	 , 149.99942, 
350	 , 53500	 , 1	 , 5	 , 50.0, 
350	 , 54062	 , 0	 , 5	 , 149.99989, 
350	 , 53456	 , 0	 , 5	 , 150.0, 
350	 , 53784	 , 0	 , 5	 , 149.99913, 
350	 , 53654	 , 0	 , 5	 , 149.99996, 
350	 , 53158	 , 0	 , 5	 , 149.99999, 
350	 , 53708	 , 0	 , 5	 , 149.99928, 
350	 , 53972	 , 0	 , 5	 , 149.9987, 
350	 , 53854	 , 0	 , 5	 , 149.99817, 
350	 , 54224	 , 0	 , 5	 , 149.99688, 
350	 , 53644	 , 0	 , 5	 , 149.99976, 
350	 , 54528	 , 0	 , 5	 , 149.99992, 
350	 , 53894	 , 0	 , 5	 , 149.99996, 
350	 , 54016	 , 0	 , 5	 , 149.99994, 
350	 , 53818	 , 0	 , 5	 , 149.99992, 
350	 , 53490	 , 0	 , 5	 , 149.99998, 
350	 , 53694	 , 0	 , 5	 , 149.99994, 
350	 , 53508	 , 0	 , 5	 , 149.99996, 
350	 , 53984	 , 0	 , 5	 , 149.99971, 
350	 , 54616	 , 0	 , 5	 , 150.0, 
350	 , 53542	 , 0	 , 5	 , 149.99924, 
350	 , 53576	 , 0	 , 5	 , 149.9996, 
350	 , 54112	 , 0	 , 5	 , 149.99413, 
350	 , 54086	 , 0	 , 5	 , 149.7647, 
350	 , 54070	 , 0	 , 5	 , 149.99953, 
350	 , 53796	 , 0	 , 5	 , 149.99559, 
350	 , 53970	 , 0	 , 5	 , 149.99989, 
350	 , 53904	 , 0	 , 5	 , 149.99989, 
350	 , 53834	 , 0	 , 5	 , 149.99985, 
350	 , 53922	 , 0	 , 5	 , 149.99976, 
350	 , 53584	 , 0	 , 5	 , 149.99996, 
350	 , 53520	 , 0	 , 5	 , 149.99988, 
350	 , 53950	 , 0	 , 5	 , 149.99987, 
350	 , 53728	 , 0	 , 5	 , 149.99998, 
350	 , 53722	 , 1	 , 5	 , 149.99992, 
350	 , 53738	 , 0	 , 5	 , 149.99974, 
350	 , 54020	 , 0	 , 5	 , 149.99978, 
350	 , 53766	 , 0	 , 5	 , 149.99971, 
350	 , 53696	 , 0	 , 5	 , 149.99998, 
350	 , 54136	 , 0	 , 5	 , 149.99996, 
350	 , 53962	 , 0	 , 5	 , 149.99999, 
350	 , 54334	 , 0	 , 5	 , 149.9991, 
350	 , 54154	 , 0	 , 5	 , 149.99967, 
350	 , 54090	 , 0	 , 5	 , 149.98508, 
350	 , 53642	 , 0	 , 5	 , 150.0, 
350	 , 53788	 , 0	 , 5	 , 149.9996, 
350	 , 53302	 , 0	 , 5	 , 149.99996, 
350	 , 53494	 , 0	 , 5	 , 149.99996, 
350	 , 53648	 , 0	 , 5	 , 149.99908, 
350	 , 53774	 , 0	 , 5	 , 149.99978, 
350	 , 53688	 , 0	 , 5	 , 149.9987, 
350	 , 53748	 , 0	 , 5	 , 149.99985, 
400	 , 62932	 , 0	 , 5	 , 149.99996, 
400	 , 61560	 , 0	 , 5	 , 149.99999, 
400	 , 61420	 , 0	 , 5	 , 149.99999, 
400	 , 61418	 , 0	 , 5	 , 149.99999, 
400	 , 61192	 , 0	 , 5	 , 149.99987, 
400	 , 63136	 , 0	 , 5	 , 149.99996, 
400	 , 61356	 , 0	 , 5	 , 149.99935, 
400	 , 61532	 , 0	 , 5	 , 149.99992, 
400	 , 62378	 , 0	 , 5	 , 149.99998, 
400	 , 60760	 , 0	 , 5	 , 50.0, 
400	 , 61494	 , 0	 , 5	 , 149.99863, 
400	 , 62782	 , 0	 , 5	 , 149.99996, 
400	 , 61250	 , 0	 , 5	 , 149.99985, 
400	 , 61632	 , 0	 , 5	 , 149.99976, 
400	 , 61826	 , 0	 , 5	 , 149.99964, 
400	 , 61526	 , 0	 , 5	 , 149.9996, 
400	 , 61660	 , 0	 , 5	 , 149.99999, 
400	 , 61524	 , 0	 , 5	 , 149.99999, 
400	 , 61384	 , 0	 , 5	 , 150.0, 
400	 , 61668	 , 1	 , 5	 , 149.99999, 
400	 , 61704	 , 0	 , 5	 , 149.99974, 
400	 , 61492	 , 0	 , 5	 , 149.99998, 
400	 , 61610	 , 0	 , 5	 , 149.99956, 
400	 , 61628	 , 0	 , 5	 , 149.99999, 
400	 , 61302	 , 0	 , 5	 , 149.99996, 
400	 , 61716	 , 0	 , 5	 , 149.99985, 
400	 , 61816	 , 0	 , 5	 , 149.99901, 
400	 , 61836	 , 0	 , 5	 , 149.99944, 
400	 , 61452	 , 0	 , 5	 , 149.99978, 
400	 , 61498	 , 0	 , 5	 , 149.99996, 
400	 , 61606	 , 0	 , 5	 , 149.99999, 
400	 , 62028	 , 0	 , 5	 , 149.9986, 
400	 , 61636	 , 0	 , 5	 , 149.98451, 
400	 , 61218	 , 1	 , 5	 , 149.99999, 
400	 , 61674	 , 0	 , 5	 , 149.99996, 
400	 , 61678	 , 0	 , 5	 , 149.9998, 
400	 , 61240	 , 0	 , 5	 , 149.99953, 
400	 , 61654	 , 0	 , 5	 , 149.99985, 
400	 , 61654	 , 0	 , 5	 , 149.99992, 
400	 , 62798	 , 0	 , 5	 , 149.99996, 
400	 , 61726	 , 0	 , 5	 , 149.99978, 
400	 , 61606	 , 0	 , 5	 , 149.99999, 
400	 , 61458	 , 0	 , 5	 , 149.99801, 
400	 , 61356	 , 0	 , 5	 , 149.99876, 
400	 , 62192	 , 1	 , 5	 , 149.99999, 
400	 , 61662	 , 0	 , 5	 , 149.99992, 
400	 , 61794	 , 0	 , 5	 , 149.99996, 
400	 , 62062	 , 0	 , 5	 , 50.0, 
400	 , 61392	 , 0	 , 5	 , 149.99963, 
400	 , 61692	 , 0	 , 5	 , 149.99996, 
400	 , 61980	 , 0	 , 5	 , 149.99914, 
400	 , 61684	 , 0	 , 5	 , 149.99298, 
400	 , 61826	 , 0	 , 5	 , 149.99949, 
400	 , 61652	 , 0	 , 5	 , 149.99998, 
400	 , 61572	 , 0	 , 5	 , 149.99999, 
400	 , 61668	 , 0	 , 5	 , 150.0, 
400	 , 61366	 , 0	 , 5	 , 149.99978, 
400	 , 61270	 , 0	 , 5	 , 149.99996, 
400	 , 61904	 , 0	 , 5	 , 149.99933, 
400	 , 61068	 , 0	 , 5	 , 149.99992, 
400	 , 61136	 , 0	 , 5	 , 149.99998, 
400	 , 62888	 , 0	 , 5	 , 149.99992, 
400	 , 61386	 , 0	 , 5	 , 149.99998, 
400	 , 61810	 , 0	 , 5	 , 149.99988, 
400	 , 62266	 , 0	 , 5	 , 150.0, 
400	 , 61554	 , 0	 , 5	 , 149.99942, 
400	 , 61802	 , 0	 , 5	 , 149.99996, 
400	 , 61578	 , 0	 , 5	 , 149.99999, 
400	 , 61612	 , 0	 , 5	 , 149.99992, 
400	 , 61712	 , 0	 , 5	 , 149.99987, 
400	 , 61422	 , 0	 , 5	 , 149.99957, 
400	 , 60934	 , 0	 , 5	 , 149.99935, 
400	 , 61844	 , 0	 , 5	 , 149.99999, 
400	 , 61594	 , 0	 , 5	 , 149.99987, 
400	 , 61458	 , 0	 , 5	 , 149.99953, 
400	 , 60918	 , 0	 , 5	 , 149.99999, 
400	 , 60938	 , 0	 , 5	 , 149.99996, 
400	 , 61396	 , 0	 , 5	 , 149.99988, 
400	 , 61200	 , 0	 , 5	 , 149.99994, 
400	 , 61348	 , 0	 , 5	 , 150.0, 
400	 , 61506	 , 0	 , 5	 , 149.99999, 
400	 , 61270	 , 0	 , 5	 , 149.99999, 
400	 , 61752	 , 0	 , 5	 , 149.99998, 
400	 , 61632	 , 0	 , 5	 , 149.99983, 
400	 , 61886	 , 0	 , 5	 , 149.9996, 
400	 , 61474	 , 0	 , 5	 , 149.99998, 
400	 , 61712	 , 0	 , 5	 , 149.99998, 
400	 , 61052	 , 0	 , 5	 , 149.99967, 
400	 , 61288	 , 0	 , 5	 , 149.99998, 
400	 , 61540	 , 0	 , 5	 , 149.99983, 
400	 , 61662	 , 0	 , 5	 , 149.99985, 
400	 , 61210	 , 0	 , 5	 , 149.99994, 
400	 , 61428	 , 0	 , 5	 , 149.99913, 
400	 , 61572	 , 0	 , 5	 , 149.9996, 
400	 , 61624	 , 0	 , 5	 , 149.99996, 
400	 , 60950	 , 0	 , 5	 , 149.99996, 
400	 , 62700	 , 0	 , 5	 , 149.99974, 
400	 , 62544	 , 0	 , 5	 , 149.99988, 
400	 , 61398	 , 0	 , 5	 , 149.9987, 
400	 , 63718	 , 1	 , 5	 , 150.0, 
400	 , 61580	 , 0	 , 5	 , 149.99914, 
400	 , 61760	 , 0	 , 5	 , 149.99999, 
400	 , 61888	 , 0	 , 5	 , 149.27522, 
400	 , 61748	 , 0	 , 5	 , 149.9998, 
400	 , 61376	 , 0	 , 5	 , 149.99978, 
400	 , 63358	 , 0	 , 5	 , 149.99864, 
400	 , 61454	 , 0	 , 5	 , 149.99774, 
400	 , 61212	 , 0	 , 5	 , 149.99996, 
400	 , 61678	 , 0	 , 5	 , 149.99802, 
400	 , 61174	 , 0	 , 5	 , 149.99999, 
400	 , 61494	 , 0	 , 5	 , 149.99983, 
400	 , 61554	 , 0	 , 5	 , 149.99992, 
400	 , 61466	 , 0	 , 5	 , 149.99727, 
400	 , 61434	 , 0	 , 5	 , 149.99994, 
400	 , 61108	 , 0	 , 5	 , 149.99998, 
400	 , 62354	 , 0	 , 5	 , 149.99996, 
400	 , 61420	 , 0	 , 5	 , 149.9996, 
400	 , 61366	 , 1	 , 5	 , 149.99992, 
400	 , 61404	 , 0	 , 5	 , 149.9998, 
400	 , 61174	 , 0	 , 5	 , 149.99996, 
400	 , 61552	 , 1	 , 5	 , 150.0, 
400	 , 62398	 , 0	 , 5	 , 149.99996, 
400	 , 61264	 , 0	 , 5	 , 149.99996, 
400	 , 61646	 , 0	 , 5	 , 149.99874, 
400	 , 61850	 , 0	 , 5	 , 149.99989, 
400	 , 61342	 , 0	 , 5	 , 150.0, 
400	 , 61582	 , 0	 , 5	 , 149.99999, 
400	 , 61342	 , 0	 , 5	 , 149.99987, 
400	 , 61958	 , 0	 , 5	 , 149.99999, 
400	 , 61552	 , 0	 , 5	 , 149.99654, 
400	 , 62368	 , 1	 , 5	 , 150.0, 
400	 , 61298	 , 0	 , 5	 , 149.99985, 
400	 , 61354	 , 0	 , 5	 , 149.99924, 
400	 , 61424	 , 0	 , 5	 , 150.0, 
400	 , 61440	 , 0	 , 5	 , 149.99955, 
400	 , 61416	 , 0	 , 5	 , 149.99999, 
400	 , 61120	 , 0	 , 5	 , 149.99996, 
400	 , 61612	 , 0	 , 5	 , 149.99999, 
400	 , 61476	 , 0	 , 5	 , 149.99996, 
400	 , 62564	 , 0	 , 5	 , 149.99888, 
400	 , 61250	 , 1	 , 5	 , 149.9996, 
400	 , 61202	 , 0	 , 5	 , 149.99988, 
400	 , 61636	 , 0	 , 5	 , 149.99976, 
400	 , 61588	 , 0	 , 5	 , 149.99974, 
400	 , 61660	 , 0	 , 5	 , 149.99962, 
400	 , 61558	 , 0	 , 5	 , 149.99998, 
400	 , 62092	 , 0	 , 5	 , 150.0, 
400	 , 61272	 , 0	 , 5	 , 149.99999, 
400	 , 61908	 , 0	 , 5	 , 149.99988, 
400	 , 61196	 , 0	 , 5	 , 149.99999, 
400	 , 61592	 , 0	 , 5	 , 149.99987, 
400	 , 61544	 , 0	 , 5	 , 149.99955, 
400	 , 61198	 , 0	 , 5	 , 149.99996, 
400	 , 61612	 , 0	 , 5	 , 149.9996, 
400	 , 61726	 , 0	 , 5	 , 149.99999, 
400	 , 61822	 , 0	 , 5	 , 149.99953, 
400	 , 61260	 , 0	 , 5	 , 149.99978, 
400	 , 61098	 , 0	 , 5	 , 149.99999, 
400	 , 61744	 , 0	 , 5	 , 149.99964, 
400	 , 61528	 , 0	 , 5	 , 149.9998, 
400	 , 62020	 , 0	 , 5	 , 149.99992, 
400	 , 63466	 , 0	 , 5	 , 150.0, 
400	 , 61542	 , 0	 , 5	 , 149.99967, 
400	 , 61900	 , 0	 , 5	 , 149.99999, 
400	 , 61892	 , 0	 , 5	 , 126.69889, 
400	 , 61860	 , 0	 , 5	 , 149.99987, 
400	 , 61332	 , 0	 , 5	 , 149.99817, 
400	 , 61766	 , 0	 , 5	 , 149.99998, 
400	 , 61102	 , 0	 , 5	 , 149.99996, 
400	 , 61492	 , 0	 , 5	 , 149.99999, 
400	 , 61220	 , 0	 , 5	 , 149.99988, 
400	 , 61480	 , 0	 , 5	 , 149.99962, 
400	 , 61606	 , 0	 , 5	 , 149.99957, 
400	 , 61086	 , 0	 , 5	 , 149.99978, 
400	 , 61800	 , 0	 , 5	 , 149.99932, 
400	 , 61590	 , 0	 , 5	 , 149.9996, 
400	 , 61348	 , 0	 , 5	 , 149.99989, 
400	 , 61152	 , 0	 , 5	 , 149.99996, 
400	 , 62160	 , 0	 , 5	 , 150.0, 
400	 , 61290	 , 0	 , 5	 , 149.99999, 
400	 , 61534	 , 0	 , 5	 , 149.99992, 
400	 , 61950	 , 0	 , 5	 , 149.99849, 
400	 , 61378	 , 0	 , 5	 , 149.99999, 
400	 , 61782	 , 0	 , 5	 , 149.99988, 
400	 , 61724	 , 0	 , 5	 , 149.99973, 
400	 , 61882	 , 0	 , 5	 , 149.97939, 
400	 , 61802	 , 0	 , 5	 , 149.99992, 
400	 , 61168	 , 0	 , 5	 , 149.99999, 
400	 , 61546	 , 0	 , 5	 , 149.99992, 
400	 , 61120	 , 0	 , 5	 , 149.99992, 
400	 , 61712	 , 0	 , 5	 , 149.99999, 
400	 , 61232	 , 0	 , 5	 , 149.99999, 
400	 , 61792	 , 0	 , 5	 , 149.99999, 
400	 , 61264	 , 0	 , 5	 , 149.99988, 
400	 , 61334	 , 0	 , 5	 , 149.99992, 
400	 , 61418	 , 0	 , 5	 , 149.99998, 
400	 , 61534	 , 0	 , 5	 , 149.99903, 
400	 , 61674	 , 0	 , 5	 , 149.99914, 
400	 , 61448	 , 1	 , 5	 , 149.99999, 
400	 , 61456	 , 0	 , 5	 , 149.99998, 
400	 , 61808	 , 0	 , 5	 , 149.9996, 
400	 , 61258	 , 1	 , 5	 , 149.99999, 
400	 , 61774	 , 0	 , 5	 , 149.99717, 
400	 , 61548	 , 0	 , 5	 , 149.99932, 
400	 , 61242	 , 0	 , 5	 , 149.99998, 
400	 , 61618	 , 0	 , 5	 , 149.99996, 
400	 , 61212	 , 0	 , 5	 , 149.99999, 
400	 , 61354	 , 0	 , 5	 , 149.99913, 
400	 , 61194	 , 0	 , 5	 , 149.99988, 
400	 , 61626	 , 0	 , 5	 , 149.99878, 
400	 , 61536	 , 0	 , 5	 , 149.99999, 
400	 , 61394	 , 0	 , 5	 , 149.99978, 
400	 , 61304	 , 1	 , 5	 , 149.99684, 
400	 , 62432	 , 0	 , 5	 , 149.99978, 
400	 , 61308	 , 0	 , 5	 , 149.99996, 
400	 , 61262	 , 0	 , 5	 , 149.9981, 
400	 , 61182	 , 0	 , 5	 , 149.99992, 
400	 , 61294	 , 0	 , 5	 , 149.99999, 
400	 , 61974	 , 0	 , 5	 , 150.0, 
400	 , 62206	 , 0	 , 5	 , 119.18154, 
400	 , 61648	 , 1	 , 5	 , 149.99971, 
400	 , 61648	 , 0	 , 5	 , 149.99999, 
400	 , 61540	 , 0	 , 5	 , 149.99998, 
400	 , 61604	 , 0	 , 5	 , 149.99996, 
400	 , 61792	 , 0	 , 5	 , 149.99963, 
400	 , 61940	 , 0	 , 5	 , 50.0, 
400	 , 61580	 , 0	 , 5	 , 149.99999, 
400	 , 61416	 , 0	 , 5	 , 149.99999, 
400	 , 61320	 , 0	 , 5	 , 149.99992, 
400	 , 61228	 , 0	 , 5	 , 149.99998, 
400	 , 63048	 , 0	 , 5	 , 150.0, 
400	 , 62042	 , 0	 , 5	 , 149.99998, 
400	 , 61642	 , 0	 , 5	 , 149.9998, 
400	 , 61800	 , 1	 , 5	 , 149.99999, 
400	 , 61690	 , 0	 , 5	 , 149.98898, 
400	 , 61626	 , 0	 , 5	 , 149.99903, 
400	 , 61204	 , 0	 , 5	 , 149.99998, 
400	 , 61372	 , 0	 , 5	 , 149.99996, 
400	 , 61660	 , 0	 , 5	 , 149.99998, 
400	 , 61540	 , 0	 , 5	 , 149.99996, 
400	 , 61886	 , 0	 , 5	 , 149.99963, 
400	 , 61356	 , 1	 , 5	 , 149.99992, 
400	 , 61400	 , 0	 , 5	 , 149.99998, 
400	 , 61114	 , 0	 , 5	 , 149.99988, 
400	 , 61852	 , 0	 , 5	 , 149.99783, 
400	 , 61628	 , 0	 , 5	 , 149.99989, 
400	 , 61412	 , 0	 , 5	 , 149.99953, 
400	 , 60980	 , 0	 , 5	 , 149.99999, 
400	 , 61502	 , 0	 , 5	 , 149.99999, 
400	 , 61356	 , 0	 , 5	 , 149.99963]