[
50	 , 950	 , 0	 , 2	 , 1.93767, 
50	 , 950	 , 0	 , 2	 , 1.9322, 
50	 , 950	 , 0	 , 2	 , 1.81698, 
50	 , 950	 , 0	 , 2	 , 1.9489, 
50	 , 950	 , 0	 , 2	 , 1.89162, 
50	 , 950	 , 0	 , 2	 , 1.91963, 
50	 , 950	 , 0	 , 2	 , 1.99351, 
50	 , 950	 , 0	 , 2	 , 1.90524, 
50	 , 984	 , 0	 , 2	 , 1.8856, 
50	 , 950	 , 0	 , 2	 , 1.96591, 
50	 , 950	 , 0	 , 2	 , 1.83537, 
50	 , 950	 , 0	 , 2	 , 1.89917, 
50	 , 950	 , 0	 , 2	 , 1.96782, 
50	 , 950	 , 0	 , 2	 , 1.83806, 
50	 , 950	 , 0	 , 2	 , 1.88159, 
50	 , 950	 , 0	 , 2	 , 1.94931, 
50	 , 950	 , 0	 , 2	 , 1.98962, 
50	 , 950	 , 0	 , 2	 , 1.94606, 
50	 , 950	 , 0	 , 2	 , 1.96924, 
50	 , 950	 , 0	 , 2	 , 1.98694, 
50	 , 950	 , 0	 , 2	 , 1.7539, 
50	 , 950	 , 0	 , 2	 , 1.8417, 
50	 , 950	 , 0	 , 2	 , 1.92023, 
50	 , 950	 , 0	 , 2	 , 1.92354, 
50	 , 950	 , 0	 , 2	 , 1.93092, 
50	 , 950	 , 0	 , 2	 , 1.95813, 
50	 , 950	 , 0	 , 2	 , 1.94023, 
50	 , 950	 , 0	 , 2	 , 1.98503, 
50	 , 950	 , 0	 , 2	 , 1.93156, 
50	 , 950	 , 0	 , 2	 , 1.90204, 
50	 , 950	 , 0	 , 2	 , 1.85849, 
50	 , 950	 , 0	 , 2	 , 1.91495, 
50	 , 950	 , 0	 , 2	 , 1.92268, 
50	 , 950	 , 0	 , 2	 , 1.96797, 
50	 , 950	 , 0	 , 2	 , 1.96312, 
50	 , 950	 , 0	 , 2	 , 1.93706, 
50	 , 950	 , 0	 , 2	 , 1.92488, 
50	 , 950	 , 0	 , 2	 , 1.96178, 
50	 , 950	 , 0	 , 2	 , 1.93591, 
50	 , 950	 , 0	 , 2	 , 1.78331, 
50	 , 950	 , 0	 , 2	 , 1.92035, 
50	 , 950	 , 0	 , 2	 , 1.96475, 
50	 , 950	 , 0	 , 2	 , 1.90947, 
50	 , 950	 , 0	 , 2	 , 1.88632, 
50	 , 950	 , 0	 , 2	 , 1.98193, 
50	 , 950	 , 0	 , 2	 , 1.94728, 
50	 , 950	 , 0	 , 2	 , 1.92723, 
50	 , 950	 , 0	 , 2	 , 1.91684, 
50	 , 950	 , 0	 , 2	 , 1.85864, 
50	 , 950	 , 0	 , 2	 , 1.9301, 
50	 , 950	 , 0	 , 2	 , 1.88634, 
50	 , 950	 , 0	 , 2	 , 1.88284, 
50	 , 950	 , 0	 , 2	 , 1.89685, 
50	 , 950	 , 0	 , 2	 , 1.93408, 
50	 , 950	 , 0	 , 2	 , 1.92459, 
50	 , 950	 , 0	 , 2	 , 1.94804, 
50	 , 950	 , 0	 , 2	 , 1.85986, 
50	 , 950	 , 0	 , 2	 , 1.95927, 
50	 , 950	 , 0	 , 2	 , 1.92932, 
50	 , 950	 , 0	 , 2	 , 1.91804, 
50	 , 950	 , 0	 , 2	 , 1.97775, 
50	 , 950	 , 0	 , 2	 , 1.98605, 
50	 , 950	 , 0	 , 2	 , 1.96988, 
50	 , 950	 , 0	 , 2	 , 1.97403, 
50	 , 950	 , 0	 , 2	 , 1.99385, 
50	 , 950	 , 0	 , 2	 , 1.95346, 
50	 , 950	 , 0	 , 2	 , 1.96944, 
50	 , 950	 , 0	 , 2	 , 1.98595, 
50	 , 950	 , 0	 , 2	 , 1.8652, 
50	 , 950	 , 0	 , 2	 , 1.96918, 
50	 , 950	 , 0	 , 2	 , 1.95126, 
50	 , 950	 , 0	 , 2	 , 1.94823, 
50	 , 950	 , 0	 , 2	 , 1.96867, 
50	 , 950	 , 0	 , 2	 , 1.97957, 
50	 , 950	 , 0	 , 2	 , 1.97095, 
50	 , 950	 , 0	 , 2	 , 1.88341, 
50	 , 950	 , 0	 , 2	 , 1.82107, 
50	 , 950	 , 0	 , 2	 , 1.93802, 
50	 , 950	 , 0	 , 2	 , 1.88417, 
50	 , 950	 , 0	 , 2	 , 1.98378, 
50	 , 950	 , 0	 , 2	 , 1.81576, 
50	 , 950	 , 0	 , 2	 , 1.91312, 
50	 , 950	 , 0	 , 2	 , 1.92155, 
50	 , 950	 , 0	 , 2	 , 1.85203, 
50	 , 950	 , 0	 , 2	 , 1.9156, 
50	 , 950	 , 0	 , 2	 , 1.91048, 
50	 , 950	 , 0	 , 2	 , 1.95247, 
50	 , 950	 , 0	 , 2	 , 1.96901, 
50	 , 950	 , 0	 , 2	 , 1.96303, 
50	 , 950	 , 0	 , 2	 , 1.83557, 
50	 , 950	 , 0	 , 2	 , 1.90301, 
50	 , 950	 , 0	 , 2	 , 1.9142, 
50	 , 950	 , 0	 , 2	 , 1.86815, 
50	 , 950	 , 0	 , 2	 , 1.90986, 
50	 , 950	 , 0	 , 2	 , 1.79547, 
50	 , 950	 , 0	 , 2	 , 1.93329, 
50	 , 950	 , 0	 , 2	 , 1.91237, 
50	 , 950	 , 0	 , 2	 , 1.99731, 
50	 , 950	 , 0	 , 2	 , 1.92731, 
50	 , 950	 , 0	 , 2	 , 1.94359, 
50	 , 950	 , 0	 , 2	 , 1.96635, 
50	 , 950	 , 0	 , 2	 , 1.95518, 
50	 , 950	 , 0	 , 2	 , 1.93472, 
50	 , 950	 , 0	 , 2	 , 1.952, 
50	 , 950	 , 0	 , 2	 , 1.92712, 
50	 , 950	 , 0	 , 2	 , 1.9283, 
50	 , 950	 , 0	 , 2	 , 1.95941, 
50	 , 950	 , 0	 , 2	 , 1.96414, 
50	 , 950	 , 0	 , 2	 , 1.95778, 
50	 , 950	 , 0	 , 2	 , 1.97789, 
50	 , 950	 , 0	 , 2	 , 1.91661, 
50	 , 950	 , 0	 , 2	 , 1.88093, 
50	 , 950	 , 0	 , 2	 , 1.97205, 
50	 , 950	 , 0	 , 2	 , 1.9709, 
50	 , 950	 , 0	 , 2	 , 1.83204, 
50	 , 950	 , 0	 , 2	 , 1.98018, 
50	 , 950	 , 0	 , 2	 , 1.98824, 
50	 , 950	 , 0	 , 2	 , 1.92876, 
50	 , 950	 , 0	 , 2	 , 1.90379, 
50	 , 950	 , 0	 , 2	 , 1.91676, 
50	 , 950	 , 0	 , 2	 , 1.93423, 
50	 , 950	 , 0	 , 2	 , 1.94128, 
50	 , 950	 , 0	 , 2	 , 1.91952, 
50	 , 950	 , 0	 , 2	 , 1.82702, 
50	 , 950	 , 0	 , 2	 , 1.93248, 
50	 , 950	 , 0	 , 2	 , 1.96791, 
50	 , 950	 , 0	 , 2	 , 1.93364, 
50	 , 950	 , 0	 , 2	 , 1.93133, 
50	 , 950	 , 0	 , 2	 , 1.85138, 
50	 , 950	 , 0	 , 2	 , 1.90767, 
50	 , 950	 , 0	 , 2	 , 1.88357, 
50	 , 950	 , 0	 , 2	 , 1.89717, 
50	 , 950	 , 0	 , 2	 , 1.88511, 
50	 , 950	 , 0	 , 2	 , 1.93243, 
50	 , 950	 , 0	 , 2	 , 1.96304, 
50	 , 950	 , 0	 , 2	 , 1.9062, 
50	 , 950	 , 0	 , 2	 , 1.91229, 
50	 , 950	 , 0	 , 2	 , 1.949, 
50	 , 950	 , 0	 , 2	 , 1.8421, 
50	 , 950	 , 0	 , 2	 , 1.94873, 
50	 , 950	 , 0	 , 2	 , 1.97011, 
50	 , 950	 , 0	 , 2	 , 1.97751, 
50	 , 950	 , 0	 , 2	 , 1.91853, 
50	 , 950	 , 0	 , 2	 , 1.93379, 
50	 , 950	 , 0	 , 2	 , 1.95818, 
50	 , 950	 , 0	 , 2	 , 1.85966, 
50	 , 950	 , 0	 , 2	 , 1.86215, 
50	 , 950	 , 0	 , 2	 , 1.93625, 
50	 , 950	 , 0	 , 2	 , 1.95827, 
50	 , 950	 , 0	 , 2	 , 1.98236, 
50	 , 950	 , 0	 , 2	 , 1.97531, 
50	 , 950	 , 0	 , 2	 , 1.93011, 
50	 , 950	 , 0	 , 2	 , 1.97017, 
50	 , 984	 , 0	 , 2	 , 1.91543, 
50	 , 950	 , 0	 , 2	 , 1.89792, 
50	 , 950	 , 0	 , 2	 , 1.94922, 
50	 , 950	 , 0	 , 2	 , 1.95229, 
50	 , 950	 , 0	 , 2	 , 1.92158, 
50	 , 950	 , 0	 , 2	 , 1.94411, 
50	 , 950	 , 0	 , 2	 , 1.87939, 
50	 , 950	 , 0	 , 2	 , 1.95628, 
50	 , 950	 , 0	 , 2	 , 1.77072, 
50	 , 950	 , 0	 , 2	 , 1.9116, 
50	 , 950	 , 0	 , 2	 , 1.92699, 
50	 , 950	 , 0	 , 2	 , 1.92296, 
50	 , 984	 , 0	 , 2	 , 1.90089, 
50	 , 950	 , 0	 , 2	 , 1.95502, 
50	 , 950	 , 0	 , 2	 , 1.8602, 
50	 , 950	 , 0	 , 2	 , 1.97914, 
50	 , 950	 , 0	 , 2	 , 1.93017, 
50	 , 950	 , 0	 , 2	 , 1.98047, 
50	 , 950	 , 0	 , 2	 , 1.99437, 
50	 , 950	 , 0	 , 2	 , 1.97047, 
50	 , 950	 , 0	 , 2	 , 1.93278, 
50	 , 950	 , 0	 , 2	 , 1.95064, 
50	 , 950	 , 0	 , 2	 , 1.98598, 
50	 , 950	 , 0	 , 2	 , 1.96387, 
50	 , 950	 , 0	 , 2	 , 1.89671, 
50	 , 950	 , 0	 , 2	 , 1.96544, 
50	 , 950	 , 0	 , 2	 , 1.98038, 
50	 , 950	 , 0	 , 2	 , 1.93799, 
50	 , 950	 , 0	 , 2	 , 1.88936, 
50	 , 950	 , 0	 , 2	 , 1.85769, 
50	 , 950	 , 0	 , 2	 , 1.99226, 
50	 , 950	 , 0	 , 2	 , 1.99701, 
50	 , 950	 , 0	 , 2	 , 1.95044, 
50	 , 950	 , 0	 , 2	 , 1.98282, 
50	 , 950	 , 0	 , 2	 , 1.79385, 
50	 , 950	 , 0	 , 2	 , 1.92329, 
50	 , 950	 , 0	 , 2	 , 1.89992, 
50	 , 950	 , 0	 , 2	 , 1.87056, 
50	 , 950	 , 0	 , 2	 , 1.88965, 
50	 , 950	 , 0	 , 2	 , 1.93367, 
50	 , 950	 , 0	 , 2	 , 1.98402, 
50	 , 950	 , 0	 , 2	 , 1.94328, 
50	 , 950	 , 0	 , 2	 , 1.95616, 
50	 , 950	 , 0	 , 2	 , 1.96573, 
50	 , 950	 , 0	 , 2	 , 1.94949, 
50	 , 950	 , 0	 , 2	 , 1.95999, 
50	 , 950	 , 0	 , 2	 , 1.97008, 
50	 , 950	 , 0	 , 2	 , 1.96211, 
50	 , 950	 , 0	 , 2	 , 1.93661, 
50	 , 950	 , 0	 , 2	 , 1.84128, 
50	 , 950	 , 0	 , 2	 , 1.88003, 
50	 , 950	 , 0	 , 2	 , 1.98036, 
50	 , 950	 , 0	 , 2	 , 1.95082, 
50	 , 950	 , 0	 , 2	 , 1.8342, 
50	 , 950	 , 0	 , 2	 , 1.94205, 
50	 , 950	 , 0	 , 2	 , 1.96175, 
50	 , 950	 , 0	 , 2	 , 1.90768, 
50	 , 950	 , 0	 , 2	 , 1.94719, 
50	 , 950	 , 0	 , 2	 , 1.92207, 
50	 , 950	 , 0	 , 2	 , 1.93538, 
50	 , 950	 , 0	 , 2	 , 1.96139, 
50	 , 950	 , 0	 , 2	 , 1.90916, 
50	 , 950	 , 0	 , 2	 , 1.9899, 
50	 , 950	 , 0	 , 2	 , 1.99327, 
50	 , 950	 , 0	 , 2	 , 1.87271, 
50	 , 950	 , 0	 , 2	 , 1.97084, 
50	 , 950	 , 0	 , 2	 , 1.93042, 
50	 , 950	 , 0	 , 2	 , 1.96092, 
50	 , 950	 , 0	 , 2	 , 1.87454, 
50	 , 950	 , 0	 , 2	 , 1.96617, 
50	 , 950	 , 0	 , 2	 , 1.88136, 
50	 , 950	 , 0	 , 2	 , 1.95433, 
50	 , 950	 , 0	 , 2	 , 1.88183, 
50	 , 950	 , 0	 , 2	 , 1.90735, 
50	 , 950	 , 0	 , 2	 , 1.94261, 
50	 , 950	 , 0	 , 2	 , 1.93742, 
50	 , 950	 , 0	 , 2	 , 1.96165, 
50	 , 950	 , 0	 , 2	 , 1.76089, 
50	 , 950	 , 0	 , 2	 , 1.98302, 
50	 , 950	 , 0	 , 2	 , 1.93414, 
50	 , 950	 , 0	 , 2	 , 1.95978, 
50	 , 950	 , 0	 , 2	 , 1.98074, 
50	 , 950	 , 0	 , 2	 , 1.93158, 
50	 , 950	 , 0	 , 2	 , 1.91524, 
50	 , 950	 , 0	 , 2	 , 1.90152, 
50	 , 950	 , 0	 , 2	 , 1.91405, 
50	 , 950	 , 0	 , 2	 , 1.96277, 
50	 , 950	 , 0	 , 2	 , 1.98791, 
50	 , 950	 , 0	 , 2	 , 1.92113, 
50	 , 950	 , 0	 , 2	 , 1.9789, 
50	 , 950	 , 0	 , 2	 , 1.77572, 
50	 , 950	 , 0	 , 2	 , 1.95657, 
50	 , 950	 , 0	 , 2	 , 1.91528, 
50	 , 950	 , 0	 , 2	 , 1.92963, 
50	 , 950	 , 0	 , 2	 , 1.96332, 
50	 , 950	 , 0	 , 2	 , 1.93472, 
50	 , 950	 , 0	 , 2	 , 1.98123, 
100	 , 1900	 , 0	 , 2	 , 1.94801, 
100	 , 1900	 , 0	 , 2	 , 1.97232, 
100	 , 1900	 , 0	 , 2	 , 1.96667, 
100	 , 1900	 , 0	 , 2	 , 1.99348, 
100	 , 1900	 , 0	 , 2	 , 1.92438, 
100	 , 1900	 , 0	 , 2	 , 1.96318, 
100	 , 1900	 , 0	 , 2	 , 1.95833, 
100	 , 1900	 , 0	 , 2	 , 1.97757, 
100	 , 1900	 , 0	 , 2	 , 1.99272, 
100	 , 1900	 , 0	 , 2	 , 1.98173, 
100	 , 1900	 , 0	 , 2	 , 1.95576, 
100	 , 1900	 , 0	 , 2	 , 1.96555, 
100	 , 1900	 , 0	 , 2	 , 1.93172, 
100	 , 1900	 , 0	 , 2	 , 1.94153, 
100	 , 1900	 , 0	 , 2	 , 1.97592, 
100	 , 1900	 , 0	 , 2	 , 1.9751, 
100	 , 1900	 , 0	 , 2	 , 1.95288, 
100	 , 1900	 , 0	 , 2	 , 1.93968, 
100	 , 1900	 , 0	 , 2	 , 1.95419, 
100	 , 1900	 , 0	 , 2	 , 1.90369, 
100	 , 1900	 , 0	 , 2	 , 1.89653, 
100	 , 1900	 , 0	 , 2	 , 1.9555, 
100	 , 1900	 , 0	 , 2	 , 1.97099, 
100	 , 1900	 , 0	 , 2	 , 1.97867, 
100	 , 1900	 , 0	 , 2	 , 1.95891, 
100	 , 1900	 , 0	 , 2	 , 1.94372, 
100	 , 1900	 , 0	 , 2	 , 1.86778, 
100	 , 1900	 , 0	 , 2	 , 1.93986, 
100	 , 1900	 , 0	 , 2	 , 1.9835, 
100	 , 1900	 , 0	 , 2	 , 1.99722, 
100	 , 1900	 , 0	 , 2	 , 1.9364, 
100	 , 1900	 , 0	 , 2	 , 1.99388, 
100	 , 1900	 , 0	 , 2	 , 1.97877, 
100	 , 1900	 , 0	 , 2	 , 1.96243, 
100	 , 1900	 , 0	 , 2	 , 1.96004, 
100	 , 1900	 , 0	 , 2	 , 1.90854, 
100	 , 1900	 , 0	 , 2	 , 1.95631, 
100	 , 1900	 , 0	 , 2	 , 1.96626, 
100	 , 1900	 , 0	 , 2	 , 1.85458, 
100	 , 1900	 , 0	 , 2	 , 1.97346, 
100	 , 1900	 , 0	 , 2	 , 1.96666, 
100	 , 1900	 , 0	 , 2	 , 1.9892, 
100	 , 1900	 , 0	 , 2	 , 1.97717, 
100	 , 1900	 , 0	 , 2	 , 1.84285, 
100	 , 1900	 , 0	 , 2	 , 1.94879, 
100	 , 1900	 , 0	 , 2	 , 1.98399, 
100	 , 1900	 , 0	 , 2	 , 1.94308, 
100	 , 1900	 , 0	 , 2	 , 1.96109, 
100	 , 1900	 , 0	 , 2	 , 1.96857, 
100	 , 1900	 , 0	 , 2	 , 1.95103, 
100	 , 1900	 , 0	 , 2	 , 1.96179, 
100	 , 1900	 , 0	 , 2	 , 1.96524, 
100	 , 1900	 , 0	 , 2	 , 1.96477, 
100	 , 1900	 , 0	 , 2	 , 1.95761, 
100	 , 1900	 , 0	 , 2	 , 1.99303, 
100	 , 1900	 , 0	 , 2	 , 1.96576, 
100	 , 1900	 , 0	 , 2	 , 1.96054, 
100	 , 1900	 , 0	 , 2	 , 1.93136, 
100	 , 1900	 , 0	 , 2	 , 1.89883, 
100	 , 1900	 , 0	 , 2	 , 1.91525, 
100	 , 1900	 , 0	 , 2	 , 1.94031, 
100	 , 1900	 , 0	 , 2	 , 1.97121, 
100	 , 1900	 , 0	 , 2	 , 1.96011, 
100	 , 1900	 , 0	 , 2	 , 1.96539, 
100	 , 1900	 , 0	 , 2	 , 1.99585, 
100	 , 1900	 , 0	 , 2	 , 1.91028, 
100	 , 1900	 , 0	 , 2	 , 1.92862, 
100	 , 1900	 , 0	 , 2	 , 1.99715, 
100	 , 1900	 , 0	 , 2	 , 1.94897, 
100	 , 1900	 , 0	 , 2	 , 1.99344, 
100	 , 1900	 , 0	 , 2	 , 1.99365, 
100	 , 1900	 , 0	 , 2	 , 1.95853, 
100	 , 1900	 , 0	 , 2	 , 1.94163, 
100	 , 1900	 , 0	 , 2	 , 1.95726, 
100	 , 1900	 , 0	 , 2	 , 1.92296, 
100	 , 1900	 , 0	 , 2	 , 1.95694, 
100	 , 1900	 , 0	 , 2	 , 1.98282, 
100	 , 1900	 , 0	 , 2	 , 1.96229, 
100	 , 1900	 , 0	 , 2	 , 1.98213, 
100	 , 1900	 , 0	 , 2	 , 1.99026, 
100	 , 1900	 , 0	 , 2	 , 1.96059, 
100	 , 1900	 , 0	 , 2	 , 1.99025, 
100	 , 1900	 , 0	 , 2	 , 1.95207, 
100	 , 1900	 , 0	 , 2	 , 1.97931, 
100	 , 1900	 , 0	 , 2	 , 1.95894, 
100	 , 1900	 , 0	 , 2	 , 1.97263, 
100	 , 1900	 , 0	 , 2	 , 1.91595, 
100	 , 1900	 , 0	 , 2	 , 1.99023, 
100	 , 1900	 , 0	 , 2	 , 1.98465, 
100	 , 1900	 , 0	 , 2	 , 1.96074, 
100	 , 1900	 , 0	 , 2	 , 1.97955, 
100	 , 1900	 , 0	 , 2	 , 1.94337, 
100	 , 1900	 , 0	 , 2	 , 1.98251, 
100	 , 1900	 , 0	 , 2	 , 1.92096, 
100	 , 1900	 , 0	 , 2	 , 1.98091, 
100	 , 1900	 , 0	 , 2	 , 1.94125, 
100	 , 1900	 , 0	 , 2	 , 1.93439, 
100	 , 1900	 , 0	 , 2	 , 1.94237, 
100	 , 1900	 , 0	 , 2	 , 1.99124, 
100	 , 1900	 , 0	 , 2	 , 1.98665, 
100	 , 1900	 , 0	 , 2	 , 1.87106, 
100	 , 1900	 , 0	 , 2	 , 1.92647, 
100	 , 1900	 , 0	 , 2	 , 1.97556, 
100	 , 1900	 , 0	 , 2	 , 1.9407, 
100	 , 1900	 , 0	 , 2	 , 1.9613, 
100	 , 1900	 , 0	 , 2	 , 1.89401, 
100	 , 1900	 , 0	 , 2	 , 1.95093, 
100	 , 1900	 , 0	 , 2	 , 1.96571, 
100	 , 1900	 , 0	 , 2	 , 1.98195, 
100	 , 1900	 , 0	 , 2	 , 1.94511, 
100	 , 1900	 , 0	 , 2	 , 1.93893, 
100	 , 1900	 , 0	 , 2	 , 1.9744, 
100	 , 1900	 , 0	 , 2	 , 1.99043, 
100	 , 1900	 , 0	 , 2	 , 1.99405, 
100	 , 1900	 , 0	 , 2	 , 1.91261, 
100	 , 1900	 , 0	 , 2	 , 1.94371, 
100	 , 1900	 , 0	 , 2	 , 1.96284, 
100	 , 1900	 , 0	 , 2	 , 1.93176, 
100	 , 1900	 , 0	 , 2	 , 1.9595, 
100	 , 1900	 , 0	 , 2	 , 1.95932, 
100	 , 1900	 , 0	 , 2	 , 1.95445, 
100	 , 1900	 , 0	 , 2	 , 1.97906, 
100	 , 1900	 , 0	 , 2	 , 1.96361, 
100	 , 1900	 , 0	 , 2	 , 1.96468, 
100	 , 1900	 , 0	 , 2	 , 1.94655, 
100	 , 1900	 , 0	 , 2	 , 1.95412, 
100	 , 1900	 , 0	 , 2	 , 1.93065, 
100	 , 1900	 , 0	 , 2	 , 1.92871, 
100	 , 1900	 , 0	 , 2	 , 1.98726, 
100	 , 1900	 , 0	 , 2	 , 1.95329, 
100	 , 1900	 , 0	 , 2	 , 1.97957, 
100	 , 1900	 , 0	 , 2	 , 1.98024, 
100	 , 1900	 , 0	 , 2	 , 1.92305, 
100	 , 1900	 , 0	 , 2	 , 1.94623, 
100	 , 1900	 , 0	 , 2	 , 1.93198, 
100	 , 1900	 , 0	 , 2	 , 1.987, 
100	 , 1900	 , 0	 , 2	 , 1.9825, 
100	 , 1900	 , 0	 , 2	 , 1.94443, 
100	 , 1900	 , 0	 , 2	 , 1.94765, 
100	 , 1900	 , 0	 , 2	 , 1.96617, 
100	 , 1900	 , 0	 , 2	 , 1.95523, 
100	 , 1900	 , 0	 , 2	 , 1.94774, 
100	 , 1900	 , 0	 , 2	 , 1.96609, 
100	 , 1900	 , 0	 , 2	 , 1.98181, 
100	 , 1900	 , 0	 , 2	 , 1.98984, 
100	 , 1900	 , 0	 , 2	 , 1.91614, 
100	 , 1900	 , 0	 , 2	 , 1.93365, 
100	 , 1900	 , 0	 , 2	 , 1.91638, 
100	 , 1900	 , 0	 , 2	 , 1.98158, 
100	 , 1900	 , 0	 , 2	 , 1.98679, 
100	 , 1900	 , 0	 , 2	 , 1.9835, 
100	 , 1900	 , 0	 , 2	 , 1.99176, 
100	 , 1900	 , 0	 , 2	 , 1.98381, 
100	 , 1900	 , 0	 , 2	 , 1.98625, 
100	 , 1900	 , 0	 , 2	 , 1.96761, 
100	 , 1900	 , 0	 , 2	 , 1.99152, 
100	 , 1900	 , 0	 , 2	 , 1.93106, 
100	 , 1900	 , 0	 , 2	 , 1.98253, 
100	 , 1900	 , 0	 , 2	 , 1.94696, 
100	 , 1900	 , 0	 , 2	 , 1.96486, 
100	 , 1900	 , 0	 , 2	 , 1.98672, 
100	 , 1900	 , 0	 , 2	 , 1.93167, 
100	 , 1900	 , 0	 , 2	 , 1.97086, 
100	 , 1900	 , 0	 , 2	 , 1.9319, 
100	 , 1900	 , 0	 , 2	 , 1.93669, 
100	 , 1900	 , 0	 , 2	 , 1.94458, 
100	 , 1900	 , 0	 , 2	 , 1.91899, 
100	 , 1900	 , 0	 , 2	 , 1.95062, 
100	 , 1900	 , 0	 , 2	 , 1.94873, 
100	 , 1900	 , 0	 , 2	 , 1.98038, 
100	 , 1900	 , 0	 , 2	 , 1.98192, 
100	 , 1900	 , 0	 , 2	 , 1.98994, 
100	 , 1900	 , 0	 , 2	 , 1.97043, 
100	 , 1900	 , 0	 , 2	 , 1.89783, 
100	 , 1900	 , 0	 , 2	 , 1.95431, 
100	 , 1900	 , 0	 , 2	 , 1.93993, 
100	 , 1900	 , 0	 , 2	 , 1.93991, 
100	 , 1900	 , 0	 , 2	 , 1.96056, 
100	 , 1900	 , 0	 , 2	 , 1.96355, 
100	 , 1900	 , 0	 , 2	 , 1.90069, 
100	 , 1900	 , 0	 , 2	 , 1.99207, 
100	 , 1900	 , 0	 , 2	 , 1.93367, 
100	 , 1900	 , 0	 , 2	 , 1.89519, 
100	 , 1900	 , 0	 , 2	 , 1.96773, 
100	 , 1900	 , 0	 , 2	 , 1.97943, 
100	 , 1900	 , 0	 , 2	 , 1.933, 
100	 , 1900	 , 0	 , 2	 , 1.9256, 
100	 , 1900	 , 0	 , 2	 , 1.95062, 
100	 , 1900	 , 0	 , 2	 , 1.97301, 
100	 , 1900	 , 0	 , 2	 , 1.96339, 
100	 , 1900	 , 0	 , 2	 , 1.9532, 
100	 , 1900	 , 0	 , 2	 , 1.92679, 
100	 , 1900	 , 0	 , 2	 , 1.95576, 
100	 , 1900	 , 0	 , 2	 , 1.95909, 
100	 , 1900	 , 0	 , 2	 , 1.93886, 
100	 , 1900	 , 0	 , 2	 , 1.90292, 
100	 , 1900	 , 0	 , 2	 , 1.95534, 
100	 , 1900	 , 0	 , 2	 , 1.93149, 
100	 , 1900	 , 0	 , 2	 , 1.95572, 
100	 , 1900	 , 0	 , 2	 , 1.97328, 
100	 , 1900	 , 0	 , 2	 , 1.93458, 
100	 , 1900	 , 0	 , 2	 , 1.98119, 
100	 , 1900	 , 0	 , 2	 , 1.97894, 
100	 , 1900	 , 0	 , 2	 , 1.84112, 
100	 , 1900	 , 0	 , 2	 , 1.91043, 
100	 , 1900	 , 0	 , 2	 , 1.98322, 
100	 , 1900	 , 0	 , 2	 , 1.91337, 
100	 , 1900	 , 0	 , 2	 , 1.9679, 
100	 , 1900	 , 0	 , 2	 , 1.95625, 
100	 , 1900	 , 0	 , 2	 , 1.97058, 
100	 , 1900	 , 0	 , 2	 , 1.94057, 
100	 , 1900	 , 0	 , 2	 , 1.98753, 
100	 , 1900	 , 0	 , 2	 , 1.9043, 
100	 , 1900	 , 0	 , 2	 , 1.95651, 
100	 , 1900	 , 0	 , 2	 , 1.98868, 
100	 , 1900	 , 0	 , 2	 , 1.95518, 
100	 , 1900	 , 0	 , 2	 , 1.97726, 
100	 , 1900	 , 0	 , 2	 , 1.92674, 
100	 , 1900	 , 0	 , 2	 , 1.97116, 
100	 , 1900	 , 0	 , 2	 , 1.86371, 
100	 , 1934	 , 0	 , 2	 , 1.9928, 
100	 , 1900	 , 0	 , 2	 , 1.98521, 
100	 , 1900	 , 0	 , 2	 , 1.96834, 
100	 , 1900	 , 0	 , 2	 , 1.96255, 
100	 , 1900	 , 0	 , 2	 , 1.96585, 
100	 , 1900	 , 0	 , 2	 , 1.98227, 
100	 , 1900	 , 0	 , 2	 , 1.88627, 
100	 , 1900	 , 0	 , 2	 , 1.94714, 
100	 , 1900	 , 0	 , 2	 , 1.96548, 
100	 , 1900	 , 0	 , 2	 , 1.95488, 
100	 , 1900	 , 0	 , 2	 , 1.95578, 
100	 , 1900	 , 0	 , 2	 , 1.95207, 
100	 , 1900	 , 0	 , 2	 , 1.96858, 
100	 , 1900	 , 0	 , 2	 , 1.98555, 
100	 , 1900	 , 0	 , 2	 , 1.97557, 
100	 , 1900	 , 0	 , 2	 , 1.96384, 
100	 , 1900	 , 0	 , 2	 , 1.97736, 
100	 , 1900	 , 0	 , 2	 , 1.96616, 
100	 , 1900	 , 0	 , 2	 , 1.91519, 
100	 , 1900	 , 0	 , 2	 , 1.92454, 
100	 , 1900	 , 0	 , 2	 , 1.94855, 
100	 , 1900	 , 0	 , 2	 , 1.9807, 
100	 , 1900	 , 0	 , 2	 , 1.99556, 
100	 , 1900	 , 0	 , 2	 , 1.95218, 
100	 , 1900	 , 0	 , 2	 , 1.93539, 
100	 , 1900	 , 0	 , 2	 , 1.94134, 
100	 , 1900	 , 0	 , 2	 , 1.96594, 
100	 , 1900	 , 0	 , 2	 , 1.94678, 
100	 , 1900	 , 0	 , 2	 , 1.99577, 
100	 , 1900	 , 0	 , 2	 , 1.90845, 
150	 , 2850	 , 0	 , 2	 , 1.94874, 
150	 , 2850	 , 0	 , 2	 , 1.96709, 
150	 , 2850	 , 0	 , 2	 , 1.9865, 
150	 , 2850	 , 0	 , 2	 , 1.96568, 
150	 , 2850	 , 0	 , 2	 , 1.99568, 
150	 , 2850	 , 0	 , 2	 , 1.94717, 
150	 , 2850	 , 0	 , 2	 , 1.98163, 
150	 , 2850	 , 0	 , 2	 , 1.99734, 
150	 , 2850	 , 0	 , 2	 , 1.99237, 
150	 , 2850	 , 0	 , 2	 , 1.93202, 
150	 , 2850	 , 0	 , 2	 , 1.97855, 
150	 , 2850	 , 0	 , 2	 , 1.97813, 
150	 , 2850	 , 0	 , 2	 , 1.92958, 
150	 , 2850	 , 0	 , 2	 , 1.96329, 
150	 , 2850	 , 0	 , 2	 , 1.99806, 
150	 , 2850	 , 0	 , 2	 , 1.95337, 
150	 , 2850	 , 0	 , 2	 , 1.96779, 
150	 , 2850	 , 0	 , 2	 , 1.96095, 
150	 , 2850	 , 0	 , 2	 , 1.96567, 
150	 , 2850	 , 0	 , 2	 , 1.98048, 
150	 , 2850	 , 0	 , 2	 , 1.97227, 
150	 , 2850	 , 0	 , 2	 , 1.98184, 
150	 , 2850	 , 0	 , 2	 , 1.96172, 
150	 , 2850	 , 0	 , 2	 , 1.95673, 
150	 , 2850	 , 0	 , 2	 , 1.99351, 
150	 , 2850	 , 0	 , 2	 , 1.98109, 
150	 , 2850	 , 0	 , 2	 , 1.95879, 
150	 , 2850	 , 0	 , 2	 , 1.9855, 
150	 , 2850	 , 0	 , 2	 , 1.96588, 
150	 , 2850	 , 0	 , 2	 , 1.99133, 
150	 , 2850	 , 0	 , 2	 , 1.98082, 
150	 , 2850	 , 0	 , 2	 , 1.97714, 
150	 , 2850	 , 0	 , 2	 , 1.97922, 
150	 , 2850	 , 0	 , 2	 , 1.97, 
150	 , 2850	 , 0	 , 2	 , 1.95796, 
150	 , 2850	 , 0	 , 2	 , 1.97844, 
150	 , 2850	 , 0	 , 2	 , 1.95799, 
150	 , 2850	 , 0	 , 2	 , 1.97446, 
150	 , 2850	 , 0	 , 2	 , 1.9322, 
150	 , 2850	 , 0	 , 2	 , 1.96904, 
150	 , 2850	 , 0	 , 2	 , 1.99382, 
150	 , 2850	 , 0	 , 2	 , 1.97461, 
150	 , 2850	 , 0	 , 2	 , 1.99205, 
150	 , 2850	 , 0	 , 2	 , 1.97159, 
150	 , 2850	 , 0	 , 2	 , 1.96255, 
150	 , 2850	 , 0	 , 2	 , 1.97594, 
150	 , 2850	 , 0	 , 2	 , 1.99335, 
150	 , 2850	 , 0	 , 2	 , 1.94932, 
150	 , 2850	 , 0	 , 2	 , 1.94147, 
150	 , 2850	 , 0	 , 2	 , 1.94813, 
150	 , 2850	 , 0	 , 2	 , 1.98773, 
150	 , 2850	 , 0	 , 2	 , 1.96181, 
150	 , 2850	 , 0	 , 2	 , 1.96158, 
150	 , 2850	 , 0	 , 2	 , 1.99548, 
150	 , 2850	 , 0	 , 2	 , 1.98877, 
150	 , 2850	 , 0	 , 2	 , 1.99878, 
150	 , 2850	 , 0	 , 2	 , 1.98318, 
150	 , 2850	 , 0	 , 2	 , 1.96811, 
150	 , 2850	 , 0	 , 2	 , 1.94778, 
150	 , 2850	 , 0	 , 2	 , 1.98474, 
150	 , 2850	 , 0	 , 2	 , 1.99596, 
150	 , 2850	 , 0	 , 2	 , 1.98499, 
150	 , 2850	 , 0	 , 2	 , 1.9698, 
150	 , 2850	 , 0	 , 2	 , 1.96391, 
150	 , 2884	 , 0	 , 2	 , 1.96558, 
150	 , 2850	 , 0	 , 2	 , 1.94507, 
150	 , 2850	 , 0	 , 2	 , 1.98836, 
150	 , 2850	 , 0	 , 2	 , 1.96451, 
150	 , 2850	 , 0	 , 2	 , 1.94124, 
150	 , 2850	 , 0	 , 2	 , 1.98831, 
150	 , 2850	 , 0	 , 2	 , 1.99733, 
150	 , 2850	 , 0	 , 2	 , 1.96971, 
150	 , 2850	 , 0	 , 2	 , 1.98833, 
150	 , 2850	 , 0	 , 2	 , 1.97996, 
150	 , 2850	 , 0	 , 2	 , 1.99368, 
150	 , 2850	 , 0	 , 2	 , 1.98006, 
150	 , 2850	 , 0	 , 2	 , 1.98724, 
150	 , 2850	 , 0	 , 2	 , 1.95921, 
150	 , 2850	 , 0	 , 2	 , 1.99059, 
150	 , 2850	 , 0	 , 2	 , 1.9649, 
150	 , 2850	 , 0	 , 2	 , 1.97966, 
150	 , 2850	 , 0	 , 2	 , 1.98924, 
150	 , 2850	 , 0	 , 2	 , 1.99068, 
150	 , 2850	 , 0	 , 2	 , 1.99152, 
150	 , 2850	 , 0	 , 2	 , 1.98865, 
150	 , 2850	 , 0	 , 2	 , 1.98396, 
150	 , 2850	 , 0	 , 2	 , 1.98096, 
150	 , 2850	 , 0	 , 2	 , 1.94708, 
150	 , 2850	 , 0	 , 2	 , 1.98505, 
150	 , 2850	 , 0	 , 2	 , 1.9872, 
150	 , 2850	 , 0	 , 2	 , 1.96167, 
150	 , 2850	 , 0	 , 2	 , 1.98805, 
150	 , 2850	 , 0	 , 2	 , 1.976, 
150	 , 2850	 , 0	 , 2	 , 1.99347, 
150	 , 2850	 , 0	 , 2	 , 1.99039, 
150	 , 2850	 , 0	 , 2	 , 1.92921, 
150	 , 2850	 , 0	 , 2	 , 1.95676, 
150	 , 2850	 , 0	 , 2	 , 1.97115, 
150	 , 2850	 , 0	 , 2	 , 1.98508, 
150	 , 2850	 , 0	 , 2	 , 1.96376, 
150	 , 2850	 , 0	 , 2	 , 1.98976, 
150	 , 2850	 , 0	 , 2	 , 1.97092, 
150	 , 2850	 , 0	 , 2	 , 1.96742, 
150	 , 2850	 , 0	 , 2	 , 1.97923, 
150	 , 2850	 , 0	 , 2	 , 1.96495, 
150	 , 2850	 , 0	 , 2	 , 1.9758, 
150	 , 2850	 , 0	 , 2	 , 1.98135, 
150	 , 2850	 , 0	 , 2	 , 1.95938, 
150	 , 2850	 , 0	 , 2	 , 1.98544, 
150	 , 2850	 , 0	 , 2	 , 1.98105, 
150	 , 2850	 , 0	 , 2	 , 1.96464, 
150	 , 2850	 , 0	 , 2	 , 1.99295, 
150	 , 2850	 , 0	 , 2	 , 1.97984, 
150	 , 2850	 , 0	 , 2	 , 1.94899, 
150	 , 2850	 , 0	 , 2	 , 1.97681, 
150	 , 2850	 , 0	 , 2	 , 1.9781, 
150	 , 2850	 , 0	 , 2	 , 1.93725, 
150	 , 2850	 , 0	 , 2	 , 1.98659, 
150	 , 2850	 , 0	 , 2	 , 1.99257, 
150	 , 2850	 , 0	 , 2	 , 1.97571, 
150	 , 2850	 , 0	 , 2	 , 1.97682, 
150	 , 2850	 , 0	 , 2	 , 1.97801, 
150	 , 2850	 , 0	 , 2	 , 1.9055, 
150	 , 2850	 , 0	 , 2	 , 1.97337, 
150	 , 2850	 , 0	 , 2	 , 1.93985, 
150	 , 2850	 , 0	 , 2	 , 1.97333, 
150	 , 2850	 , 0	 , 2	 , 1.99101, 
150	 , 2850	 , 0	 , 2	 , 1.981, 
150	 , 2850	 , 0	 , 2	 , 1.94998, 
150	 , 2850	 , 0	 , 2	 , 1.97819, 
150	 , 2850	 , 0	 , 2	 , 1.9628, 
150	 , 2850	 , 0	 , 2	 , 1.96225, 
150	 , 2850	 , 0	 , 2	 , 1.97551, 
150	 , 2850	 , 0	 , 2	 , 1.97493, 
150	 , 2850	 , 0	 , 2	 , 1.96561, 
150	 , 2850	 , 0	 , 2	 , 1.97813, 
150	 , 2850	 , 0	 , 2	 , 1.98947, 
150	 , 2850	 , 0	 , 2	 , 1.95723, 
150	 , 2850	 , 0	 , 2	 , 1.94031, 
150	 , 2850	 , 0	 , 2	 , 1.89828, 
150	 , 2850	 , 0	 , 2	 , 1.95428, 
150	 , 2850	 , 0	 , 2	 , 1.97359, 
150	 , 2850	 , 0	 , 2	 , 1.99394, 
150	 , 2850	 , 0	 , 2	 , 1.95535, 
150	 , 2850	 , 0	 , 2	 , 1.97694, 
150	 , 2850	 , 0	 , 2	 , 1.98785, 
150	 , 2850	 , 0	 , 2	 , 1.95171, 
150	 , 2850	 , 0	 , 2	 , 1.91174, 
150	 , 2850	 , 0	 , 2	 , 1.97368, 
150	 , 2850	 , 0	 , 2	 , 1.9547, 
150	 , 2850	 , 0	 , 2	 , 1.94665, 
150	 , 2850	 , 0	 , 2	 , 1.9508, 
150	 , 2850	 , 0	 , 2	 , 1.99744, 
150	 , 2850	 , 0	 , 2	 , 1.89749, 
150	 , 2850	 , 0	 , 2	 , 1.97131, 
150	 , 2850	 , 0	 , 2	 , 1.96068, 
150	 , 2850	 , 0	 , 2	 , 1.96123, 
150	 , 2850	 , 0	 , 2	 , 1.94832, 
150	 , 2850	 , 0	 , 2	 , 1.97221, 
150	 , 2850	 , 0	 , 2	 , 1.98508, 
150	 , 2850	 , 0	 , 2	 , 1.99406, 
150	 , 2850	 , 0	 , 2	 , 1.94839, 
150	 , 2850	 , 0	 , 2	 , 1.96669, 
150	 , 2850	 , 0	 , 2	 , 1.98087, 
150	 , 2850	 , 0	 , 2	 , 1.89662, 
150	 , 2850	 , 0	 , 2	 , 1.93233, 
150	 , 2850	 , 0	 , 2	 , 1.96979, 
150	 , 2850	 , 0	 , 2	 , 1.98683, 
150	 , 2850	 , 0	 , 2	 , 1.97269, 
150	 , 2850	 , 0	 , 2	 , 1.97211, 
150	 , 2850	 , 0	 , 2	 , 1.96149, 
150	 , 2850	 , 0	 , 2	 , 1.98293, 
150	 , 2850	 , 0	 , 2	 , 1.99149, 
150	 , 2850	 , 0	 , 2	 , 1.93098, 
150	 , 2850	 , 0	 , 2	 , 1.9892, 
150	 , 2850	 , 0	 , 2	 , 1.98259, 
150	 , 2850	 , 0	 , 2	 , 1.96577, 
150	 , 2850	 , 0	 , 2	 , 1.98576, 
150	 , 2850	 , 0	 , 2	 , 1.97684, 
150	 , 2850	 , 0	 , 2	 , 1.98053, 
150	 , 2850	 , 0	 , 2	 , 1.95027, 
150	 , 2850	 , 0	 , 2	 , 1.99246, 
150	 , 2850	 , 0	 , 2	 , 1.98604, 
150	 , 2850	 , 0	 , 2	 , 1.98222, 
150	 , 2850	 , 0	 , 2	 , 1.9688, 
150	 , 2850	 , 0	 , 2	 , 1.99013, 
150	 , 2850	 , 0	 , 2	 , 1.95491, 
150	 , 2850	 , 0	 , 2	 , 1.98718, 
150	 , 2850	 , 0	 , 2	 , 1.97899, 
150	 , 2850	 , 0	 , 2	 , 1.97598, 
150	 , 2850	 , 0	 , 2	 , 1.94977, 
150	 , 2850	 , 0	 , 2	 , 1.95532, 
150	 , 2850	 , 0	 , 2	 , 1.98921, 
150	 , 2850	 , 0	 , 2	 , 1.98953, 
150	 , 2850	 , 0	 , 2	 , 1.99246, 
150	 , 2850	 , 0	 , 2	 , 1.89676, 
150	 , 2850	 , 0	 , 2	 , 1.96339, 
150	 , 2850	 , 0	 , 2	 , 1.97049, 
150	 , 2850	 , 0	 , 2	 , 1.98666, 
150	 , 2850	 , 0	 , 2	 , 1.97993, 
150	 , 2850	 , 0	 , 2	 , 1.96106, 
150	 , 2850	 , 0	 , 2	 , 1.9417, 
150	 , 2850	 , 0	 , 2	 , 1.97787, 
150	 , 2850	 , 0	 , 2	 , 1.96707, 
150	 , 2850	 , 0	 , 2	 , 1.94018, 
150	 , 2850	 , 0	 , 2	 , 1.95966, 
150	 , 2850	 , 0	 , 2	 , 1.94769, 
150	 , 2850	 , 0	 , 2	 , 1.92605, 
150	 , 2850	 , 0	 , 2	 , 1.88893, 
150	 , 2850	 , 0	 , 2	 , 1.96785, 
150	 , 2850	 , 0	 , 2	 , 1.97444, 
150	 , 2850	 , 0	 , 2	 , 1.97429, 
150	 , 2850	 , 0	 , 2	 , 1.91266, 
150	 , 2850	 , 0	 , 2	 , 1.9514, 
150	 , 2850	 , 0	 , 2	 , 1.9673, 
150	 , 2850	 , 0	 , 2	 , 1.94902, 
150	 , 2850	 , 0	 , 2	 , 1.97601, 
150	 , 2850	 , 0	 , 2	 , 1.9752, 
150	 , 2850	 , 0	 , 2	 , 1.98091, 
150	 , 2850	 , 0	 , 2	 , 1.92274, 
150	 , 2850	 , 0	 , 2	 , 1.96721, 
150	 , 2850	 , 0	 , 2	 , 1.98962, 
150	 , 2850	 , 0	 , 2	 , 1.97253, 
150	 , 2850	 , 0	 , 2	 , 1.98785, 
150	 , 2850	 , 0	 , 2	 , 1.96094, 
150	 , 2850	 , 0	 , 2	 , 1.9285, 
150	 , 2850	 , 0	 , 2	 , 1.96352, 
150	 , 2850	 , 0	 , 2	 , 1.95854, 
150	 , 2850	 , 0	 , 2	 , 1.95717, 
150	 , 2850	 , 0	 , 2	 , 1.96548, 
150	 , 2850	 , 0	 , 2	 , 1.99178, 
150	 , 2850	 , 0	 , 2	 , 1.97707, 
150	 , 2850	 , 0	 , 2	 , 1.97543, 
150	 , 2850	 , 0	 , 2	 , 1.96602, 
150	 , 2850	 , 0	 , 2	 , 1.94006, 
150	 , 2850	 , 0	 , 2	 , 1.98087, 
150	 , 2850	 , 0	 , 2	 , 1.96692, 
150	 , 2850	 , 0	 , 2	 , 1.99664, 
150	 , 2850	 , 0	 , 2	 , 1.98402, 
150	 , 2850	 , 0	 , 2	 , 1.95859, 
150	 , 2850	 , 0	 , 2	 , 1.97975, 
150	 , 2850	 , 0	 , 2	 , 1.978, 
150	 , 2850	 , 0	 , 2	 , 1.98251, 
150	 , 2850	 , 0	 , 2	 , 1.98306, 
150	 , 2850	 , 0	 , 2	 , 1.95834, 
150	 , 2850	 , 0	 , 2	 , 1.98418, 
150	 , 2850	 , 0	 , 2	 , 1.98541, 
150	 , 2850	 , 0	 , 2	 , 1.99503, 
150	 , 2850	 , 0	 , 2	 , 1.98143, 
150	 , 2850	 , 0	 , 2	 , 1.99347, 
200	 , 3800	 , 0	 , 2	 , 1.98032, 
200	 , 3800	 , 0	 , 2	 , 1.98085, 
200	 , 3800	 , 0	 , 2	 , 1.98048, 
200	 , 3800	 , 0	 , 2	 , 1.99138, 
200	 , 3800	 , 0	 , 2	 , 1.99098, 
200	 , 3800	 , 0	 , 2	 , 1.99417, 
200	 , 3800	 , 0	 , 2	 , 1.93368, 
200	 , 3800	 , 0	 , 2	 , 1.99117, 
200	 , 3800	 , 0	 , 2	 , 1.94795, 
200	 , 3800	 , 0	 , 2	 , 1.97168, 
200	 , 3800	 , 0	 , 2	 , 1.99651, 
200	 , 3800	 , 0	 , 2	 , 1.95004, 
200	 , 3800	 , 0	 , 2	 , 1.98911, 
200	 , 3800	 , 0	 , 2	 , 1.99205, 
200	 , 3800	 , 0	 , 2	 , 1.9754, 
200	 , 3800	 , 0	 , 2	 , 1.96397, 
200	 , 3800	 , 0	 , 2	 , 1.99074, 
200	 , 3800	 , 0	 , 2	 , 1.97943, 
200	 , 3800	 , 0	 , 2	 , 1.99115, 
200	 , 3800	 , 0	 , 2	 , 1.99409, 
200	 , 3800	 , 0	 , 2	 , 1.98068, 
200	 , 3800	 , 0	 , 2	 , 1.95946, 
200	 , 3800	 , 0	 , 2	 , 1.99542, 
200	 , 3800	 , 0	 , 2	 , 1.9828, 
200	 , 3800	 , 0	 , 2	 , 1.96275, 
200	 , 3800	 , 0	 , 2	 , 1.99901, 
200	 , 3800	 , 0	 , 2	 , 1.98491, 
200	 , 3800	 , 0	 , 2	 , 1.99281, 
200	 , 3800	 , 0	 , 2	 , 1.97848, 
200	 , 3800	 , 0	 , 2	 , 1.96997, 
200	 , 3800	 , 0	 , 2	 , 1.98001, 
200	 , 3800	 , 0	 , 2	 , 1.98543, 
200	 , 3800	 , 0	 , 2	 , 1.96294, 
200	 , 3800	 , 0	 , 2	 , 1.97871, 
200	 , 3800	 , 0	 , 2	 , 1.98437, 
200	 , 3800	 , 0	 , 2	 , 1.9637, 
200	 , 3800	 , 0	 , 2	 , 1.9675, 
200	 , 3800	 , 0	 , 2	 , 1.98538, 
200	 , 3800	 , 0	 , 2	 , 1.96933, 
200	 , 3800	 , 0	 , 2	 , 1.98109, 
200	 , 3800	 , 0	 , 2	 , 1.96573, 
200	 , 3800	 , 0	 , 2	 , 1.97755, 
200	 , 3800	 , 0	 , 2	 , 1.98499, 
200	 , 3800	 , 0	 , 2	 , 1.9619, 
200	 , 3800	 , 0	 , 2	 , 1.99603, 
200	 , 3800	 , 0	 , 2	 , 1.97328, 
200	 , 3800	 , 0	 , 2	 , 1.97673, 
200	 , 3800	 , 0	 , 2	 , 1.94502, 
200	 , 3800	 , 0	 , 2	 , 1.96999, 
200	 , 3800	 , 0	 , 2	 , 1.97424, 
200	 , 3800	 , 0	 , 2	 , 1.98561, 
200	 , 3800	 , 0	 , 2	 , 1.98357, 
200	 , 3800	 , 0	 , 2	 , 1.96513, 
200	 , 3800	 , 0	 , 2	 , 1.99474, 
200	 , 3800	 , 0	 , 2	 , 1.94656, 
200	 , 3800	 , 0	 , 2	 , 1.99522, 
200	 , 3800	 , 0	 , 2	 , 1.99596, 
200	 , 3800	 , 0	 , 2	 , 1.99796, 
200	 , 3800	 , 0	 , 2	 , 1.98044, 
200	 , 3800	 , 0	 , 2	 , 1.99564, 
200	 , 3800	 , 0	 , 2	 , 1.98305, 
200	 , 3800	 , 0	 , 2	 , 1.9826, 
200	 , 3800	 , 0	 , 2	 , 1.99152, 
200	 , 3800	 , 0	 , 2	 , 1.99313, 
200	 , 3800	 , 0	 , 2	 , 1.99023, 
200	 , 3800	 , 0	 , 2	 , 1.97554, 
200	 , 3800	 , 0	 , 2	 , 1.96635, 
200	 , 3800	 , 0	 , 2	 , 1.97276, 
200	 , 3800	 , 0	 , 2	 , 1.99075, 
200	 , 3800	 , 0	 , 2	 , 1.98134, 
200	 , 3800	 , 0	 , 2	 , 1.99904, 
200	 , 3800	 , 0	 , 2	 , 1.95596, 
200	 , 3800	 , 0	 , 2	 , 1.99548, 
200	 , 3800	 , 0	 , 2	 , 1.98662, 
200	 , 3800	 , 0	 , 2	 , 1.96532, 
200	 , 3800	 , 0	 , 2	 , 1.97874, 
200	 , 3800	 , 0	 , 2	 , 1.98682, 
200	 , 3800	 , 0	 , 2	 , 1.98538, 
200	 , 3800	 , 0	 , 2	 , 1.97986, 
200	 , 3800	 , 0	 , 2	 , 1.96989, 
200	 , 3800	 , 0	 , 2	 , 1.99611, 
200	 , 3800	 , 0	 , 2	 , 1.96335, 
200	 , 3800	 , 0	 , 2	 , 1.9939, 
200	 , 3800	 , 0	 , 2	 , 1.98775, 
200	 , 3800	 , 0	 , 2	 , 1.98701, 
200	 , 3800	 , 0	 , 2	 , 1.95796, 
200	 , 3800	 , 0	 , 2	 , 1.96236, 
200	 , 3800	 , 0	 , 2	 , 1.97551, 
200	 , 3800	 , 0	 , 2	 , 1.98509, 
200	 , 3800	 , 0	 , 2	 , 1.99478, 
200	 , 3800	 , 0	 , 2	 , 1.993, 
200	 , 3800	 , 0	 , 2	 , 1.9689, 
200	 , 3800	 , 0	 , 2	 , 1.98511, 
200	 , 3800	 , 0	 , 2	 , 1.96886, 
200	 , 3800	 , 0	 , 2	 , 1.98108, 
200	 , 3800	 , 0	 , 2	 , 1.9774, 
200	 , 3800	 , 0	 , 2	 , 1.99799, 
200	 , 3800	 , 0	 , 2	 , 1.98959, 
200	 , 3800	 , 0	 , 2	 , 1.97545, 
200	 , 3800	 , 0	 , 2	 , 1.9912, 
200	 , 3800	 , 0	 , 2	 , 1.9644, 
200	 , 3800	 , 0	 , 2	 , 1.9809, 
200	 , 3800	 , 0	 , 2	 , 1.98178, 
200	 , 3800	 , 0	 , 2	 , 1.95125, 
200	 , 3800	 , 0	 , 2	 , 1.98842, 
200	 , 3800	 , 0	 , 2	 , 1.98308, 
200	 , 3800	 , 0	 , 2	 , 1.96434, 
200	 , 3800	 , 0	 , 2	 , 1.96622, 
200	 , 3800	 , 0	 , 2	 , 1.99026, 
200	 , 3800	 , 0	 , 2	 , 1.9724, 
200	 , 3800	 , 0	 , 2	 , 1.98434, 
200	 , 3800	 , 0	 , 2	 , 1.95918, 
200	 , 3800	 , 0	 , 2	 , 1.97119, 
200	 , 3800	 , 0	 , 2	 , 1.96574, 
200	 , 3800	 , 0	 , 2	 , 1.99179, 
200	 , 3800	 , 0	 , 2	 , 1.99841, 
200	 , 3800	 , 0	 , 2	 , 1.98222, 
200	 , 3800	 , 0	 , 2	 , 1.9695, 
200	 , 3800	 , 0	 , 2	 , 1.98819, 
200	 , 3800	 , 0	 , 2	 , 1.93457, 
200	 , 3800	 , 0	 , 2	 , 1.99512, 
200	 , 3800	 , 0	 , 2	 , 1.97133, 
200	 , 3800	 , 0	 , 2	 , 1.97272, 
200	 , 3800	 , 0	 , 2	 , 1.96611, 
200	 , 3800	 , 0	 , 2	 , 1.95639, 
200	 , 3800	 , 0	 , 2	 , 1.97639, 
200	 , 3800	 , 0	 , 2	 , 1.98975, 
200	 , 3800	 , 0	 , 2	 , 1.99306, 
200	 , 3800	 , 0	 , 2	 , 1.98058, 
200	 , 3800	 , 0	 , 2	 , 1.96811, 
200	 , 3800	 , 0	 , 2	 , 1.98943, 
200	 , 3800	 , 0	 , 2	 , 1.98898, 
200	 , 3800	 , 0	 , 2	 , 1.98607, 
200	 , 3800	 , 0	 , 2	 , 1.99136, 
200	 , 3800	 , 0	 , 2	 , 1.98581, 
200	 , 3800	 , 0	 , 2	 , 1.9725, 
200	 , 3800	 , 0	 , 2	 , 1.97877, 
200	 , 3800	 , 0	 , 2	 , 1.98209, 
200	 , 3800	 , 0	 , 2	 , 1.99631, 
200	 , 3800	 , 0	 , 2	 , 1.97978, 
200	 , 3800	 , 0	 , 2	 , 1.96117, 
200	 , 3800	 , 0	 , 2	 , 1.98283, 
200	 , 3800	 , 0	 , 2	 , 1.9781, 
200	 , 3800	 , 0	 , 2	 , 1.96814, 
200	 , 3800	 , 0	 , 2	 , 1.98741, 
200	 , 3800	 , 0	 , 2	 , 1.98718, 
200	 , 3800	 , 0	 , 2	 , 1.96823, 
200	 , 3800	 , 0	 , 2	 , 1.97879, 
200	 , 3800	 , 0	 , 2	 , 1.99272, 
200	 , 3800	 , 0	 , 2	 , 1.9895, 
200	 , 3800	 , 0	 , 2	 , 1.98567, 
200	 , 3800	 , 0	 , 2	 , 1.99609, 
200	 , 3800	 , 0	 , 2	 , 1.98592, 
200	 , 3800	 , 0	 , 2	 , 1.96251, 
200	 , 3800	 , 0	 , 2	 , 1.97565, 
200	 , 3800	 , 0	 , 2	 , 1.98273, 
200	 , 3800	 , 0	 , 2	 , 1.98788, 
200	 , 3800	 , 0	 , 2	 , 1.95497, 
200	 , 3800	 , 0	 , 2	 , 1.98944, 
200	 , 3800	 , 0	 , 2	 , 1.99242, 
200	 , 3800	 , 0	 , 2	 , 1.98183, 
200	 , 3800	 , 0	 , 2	 , 1.9837, 
200	 , 3800	 , 0	 , 2	 , 1.95552, 
200	 , 3800	 , 0	 , 2	 , 1.98273, 
200	 , 3800	 , 0	 , 2	 , 1.99731, 
200	 , 3800	 , 0	 , 2	 , 1.96748, 
200	 , 3800	 , 0	 , 2	 , 1.95789, 
200	 , 3800	 , 0	 , 2	 , 1.99144, 
200	 , 3800	 , 0	 , 2	 , 1.99341, 
200	 , 3800	 , 0	 , 2	 , 1.91646, 
200	 , 3800	 , 0	 , 2	 , 1.98795, 
200	 , 3834	 , 0	 , 2	 , 1.98158, 
200	 , 3800	 , 0	 , 2	 , 1.95264, 
200	 , 3800	 , 0	 , 2	 , 1.98828, 
200	 , 3800	 , 0	 , 2	 , 1.97917, 
200	 , 3800	 , 0	 , 2	 , 1.94786, 
200	 , 3800	 , 0	 , 2	 , 1.99901, 
200	 , 3800	 , 0	 , 2	 , 1.97267, 
200	 , 3800	 , 0	 , 2	 , 1.97295, 
200	 , 3800	 , 0	 , 2	 , 1.96306, 
200	 , 3800	 , 0	 , 2	 , 1.95657, 
200	 , 3800	 , 0	 , 2	 , 1.95952, 
200	 , 3800	 , 0	 , 2	 , 1.99092, 
200	 , 3800	 , 0	 , 2	 , 1.98747, 
200	 , 3800	 , 0	 , 2	 , 1.97496, 
200	 , 3800	 , 0	 , 2	 , 1.96547, 
200	 , 3800	 , 0	 , 2	 , 1.98706, 
200	 , 3800	 , 0	 , 2	 , 1.95509, 
200	 , 3800	 , 0	 , 2	 , 1.96451, 
200	 , 3800	 , 0	 , 2	 , 1.98923, 
200	 , 3800	 , 0	 , 2	 , 1.96178, 
200	 , 3800	 , 0	 , 2	 , 1.95668, 
200	 , 3800	 , 0	 , 2	 , 1.96774, 
200	 , 3800	 , 0	 , 2	 , 1.97543, 
200	 , 3800	 , 0	 , 2	 , 1.97223, 
200	 , 3800	 , 0	 , 2	 , 1.96945, 
200	 , 3800	 , 0	 , 2	 , 1.98599, 
200	 , 3800	 , 0	 , 2	 , 1.98981, 
200	 , 3800	 , 0	 , 2	 , 1.99454, 
200	 , 3800	 , 0	 , 2	 , 1.99521, 
200	 , 3800	 , 0	 , 2	 , 1.97337, 
200	 , 3800	 , 0	 , 2	 , 1.97964, 
200	 , 3800	 , 0	 , 2	 , 1.97948, 
200	 , 3800	 , 0	 , 2	 , 1.96455, 
200	 , 3800	 , 0	 , 2	 , 1.99625, 
200	 , 3800	 , 0	 , 2	 , 1.98007, 
200	 , 3800	 , 0	 , 2	 , 1.97552, 
200	 , 3800	 , 0	 , 2	 , 1.99538, 
200	 , 3800	 , 0	 , 2	 , 1.99442, 
200	 , 3800	 , 0	 , 2	 , 1.98679, 
200	 , 3800	 , 0	 , 2	 , 1.98692, 
200	 , 3800	 , 0	 , 2	 , 1.95781, 
200	 , 3800	 , 0	 , 2	 , 1.98123, 
200	 , 3800	 , 0	 , 2	 , 1.97075, 
200	 , 3800	 , 0	 , 2	 , 1.99228, 
200	 , 3800	 , 0	 , 2	 , 1.92399, 
200	 , 3800	 , 0	 , 2	 , 1.98349, 
200	 , 3800	 , 0	 , 2	 , 1.99075, 
200	 , 3800	 , 0	 , 2	 , 1.97916, 
200	 , 3800	 , 0	 , 2	 , 1.98338, 
200	 , 3800	 , 0	 , 2	 , 1.98109, 
200	 , 3800	 , 0	 , 2	 , 1.99123, 
200	 , 3800	 , 0	 , 2	 , 1.99394, 
200	 , 3800	 , 0	 , 2	 , 1.91946, 
200	 , 3800	 , 0	 , 2	 , 1.94668, 
200	 , 3800	 , 0	 , 2	 , 1.97433, 
200	 , 3800	 , 0	 , 2	 , 1.97949, 
200	 , 3800	 , 0	 , 2	 , 1.97591, 
200	 , 3800	 , 0	 , 2	 , 1.96344, 
200	 , 3800	 , 0	 , 2	 , 1.97339, 
200	 , 3800	 , 0	 , 2	 , 1.98691, 
200	 , 3800	 , 0	 , 2	 , 1.9462, 
200	 , 3800	 , 0	 , 2	 , 1.95041, 
200	 , 3800	 , 0	 , 2	 , 1.9814, 
200	 , 3800	 , 0	 , 2	 , 1.9608, 
200	 , 3800	 , 0	 , 2	 , 1.97298, 
200	 , 3800	 , 0	 , 2	 , 1.99789, 
200	 , 3800	 , 0	 , 2	 , 1.94386, 
200	 , 3800	 , 0	 , 2	 , 1.98329, 
200	 , 3800	 , 0	 , 2	 , 1.95256, 
200	 , 3800	 , 0	 , 2	 , 1.9476, 
200	 , 3800	 , 0	 , 2	 , 1.89204, 
200	 , 3800	 , 0	 , 2	 , 1.97996, 
200	 , 3800	 , 0	 , 2	 , 1.94667, 
200	 , 3800	 , 0	 , 2	 , 1.9747, 
200	 , 3800	 , 0	 , 2	 , 1.9704, 
200	 , 3800	 , 0	 , 2	 , 1.98192, 
200	 , 3800	 , 0	 , 2	 , 1.99129, 
200	 , 3800	 , 0	 , 2	 , 1.9735, 
200	 , 3800	 , 0	 , 2	 , 1.9491, 
250	 , 4750	 , 0	 , 2	 , 1.98706, 
250	 , 4750	 , 0	 , 2	 , 1.9971, 
250	 , 4750	 , 0	 , 2	 , 1.99576, 
250	 , 4750	 , 0	 , 2	 , 1.9854, 
250	 , 4750	 , 0	 , 2	 , 1.99109, 
250	 , 4750	 , 0	 , 2	 , 1.97545, 
250	 , 4750	 , 0	 , 2	 , 1.9749, 
250	 , 4750	 , 0	 , 2	 , 1.95875, 
250	 , 4750	 , 0	 , 2	 , 1.98567, 
250	 , 4750	 , 0	 , 2	 , 1.96692, 
250	 , 4750	 , 0	 , 2	 , 1.99211, 
250	 , 4750	 , 0	 , 2	 , 1.96773, 
250	 , 4750	 , 0	 , 2	 , 1.99771, 
250	 , 4750	 , 0	 , 2	 , 1.96896, 
250	 , 4750	 , 0	 , 2	 , 1.99193, 
250	 , 4750	 , 0	 , 2	 , 1.98335, 
250	 , 4750	 , 0	 , 2	 , 1.97743, 
250	 , 4750	 , 0	 , 2	 , 1.97566, 
250	 , 4750	 , 0	 , 2	 , 1.96689, 
250	 , 4750	 , 0	 , 2	 , 1.99493, 
250	 , 4750	 , 0	 , 2	 , 1.96289, 
250	 , 4750	 , 0	 , 2	 , 1.98424, 
250	 , 4750	 , 0	 , 2	 , 1.99066, 
250	 , 4750	 , 0	 , 2	 , 1.98711, 
250	 , 4750	 , 0	 , 2	 , 1.98585, 
250	 , 4750	 , 0	 , 2	 , 1.99115, 
250	 , 4750	 , 0	 , 2	 , 1.98912, 
250	 , 4750	 , 0	 , 2	 , 1.97913, 
250	 , 4750	 , 0	 , 2	 , 1.99174, 
250	 , 4750	 , 0	 , 2	 , 1.98383, 
250	 , 4750	 , 0	 , 2	 , 1.95293, 
250	 , 4750	 , 0	 , 2	 , 1.98624, 
250	 , 4750	 , 0	 , 2	 , 1.98936, 
250	 , 4750	 , 0	 , 2	 , 1.99147, 
250	 , 4750	 , 0	 , 2	 , 1.96919, 
250	 , 4750	 , 0	 , 2	 , 1.98439, 
250	 , 4750	 , 0	 , 2	 , 1.98885, 
250	 , 4750	 , 0	 , 2	 , 1.97984, 
250	 , 4750	 , 0	 , 2	 , 1.98738, 
250	 , 4750	 , 0	 , 2	 , 1.97571, 
250	 , 4750	 , 0	 , 2	 , 1.98938, 
250	 , 4750	 , 0	 , 2	 , 1.98335, 
250	 , 4750	 , 0	 , 2	 , 1.9931, 
250	 , 4750	 , 0	 , 2	 , 1.99402, 
250	 , 4750	 , 0	 , 2	 , 1.97273, 
250	 , 4750	 , 0	 , 2	 , 1.98703, 
250	 , 4750	 , 0	 , 2	 , 1.98308, 
250	 , 4750	 , 0	 , 2	 , 1.97969, 
250	 , 4750	 , 0	 , 2	 , 1.98468, 
250	 , 4750	 , 0	 , 2	 , 1.98515, 
250	 , 4750	 , 0	 , 2	 , 1.9599, 
250	 , 4750	 , 0	 , 2	 , 1.95799, 
250	 , 4750	 , 0	 , 2	 , 1.98869, 
250	 , 4750	 , 0	 , 2	 , 1.9499, 
250	 , 4750	 , 0	 , 2	 , 1.99733, 
250	 , 4750	 , 0	 , 2	 , 1.97705, 
250	 , 4750	 , 0	 , 2	 , 1.96149, 
250	 , 4750	 , 0	 , 2	 , 1.93596, 
250	 , 4750	 , 0	 , 2	 , 1.98268, 
250	 , 4750	 , 0	 , 2	 , 1.98708, 
250	 , 4750	 , 0	 , 2	 , 1.97754, 
250	 , 4750	 , 0	 , 2	 , 1.99176, 
250	 , 4750	 , 0	 , 2	 , 1.98534, 
250	 , 4750	 , 0	 , 2	 , 1.98303, 
250	 , 4750	 , 0	 , 2	 , 1.99071, 
250	 , 4750	 , 0	 , 2	 , 1.97067, 
250	 , 4750	 , 0	 , 2	 , 1.9492, 
250	 , 4750	 , 0	 , 2	 , 1.99638, 
250	 , 4750	 , 0	 , 2	 , 1.9742, 
250	 , 4750	 , 0	 , 2	 , 1.99249, 
250	 , 4750	 , 0	 , 2	 , 1.99312, 
250	 , 4750	 , 0	 , 2	 , 1.98491, 
250	 , 4750	 , 0	 , 2	 , 1.99144, 
250	 , 4750	 , 0	 , 2	 , 1.98463, 
250	 , 4750	 , 0	 , 2	 , 1.99376, 
250	 , 4750	 , 0	 , 2	 , 1.98715, 
250	 , 4750	 , 0	 , 2	 , 1.98315, 
250	 , 4750	 , 0	 , 2	 , 1.98256, 
250	 , 4750	 , 0	 , 2	 , 1.98711, 
250	 , 4750	 , 0	 , 2	 , 1.95415, 
250	 , 4750	 , 0	 , 2	 , 1.99872, 
250	 , 4750	 , 0	 , 2	 , 1.99072, 
250	 , 4750	 , 0	 , 2	 , 1.98552, 
250	 , 4750	 , 0	 , 2	 , 1.98555, 
250	 , 4750	 , 0	 , 2	 , 1.99329, 
250	 , 4750	 , 0	 , 2	 , 1.96483, 
250	 , 4750	 , 0	 , 2	 , 1.99263, 
250	 , 4750	 , 0	 , 2	 , 1.99678, 
250	 , 4750	 , 0	 , 2	 , 1.95427, 
250	 , 4750	 , 0	 , 2	 , 1.97166, 
250	 , 4750	 , 0	 , 2	 , 1.96745, 
250	 , 4750	 , 0	 , 2	 , 1.96144, 
250	 , 4750	 , 0	 , 2	 , 1.95988, 
250	 , 4750	 , 0	 , 2	 , 1.99014, 
250	 , 4750	 , 0	 , 2	 , 1.95723, 
250	 , 4750	 , 0	 , 2	 , 1.98688, 
250	 , 4750	 , 0	 , 2	 , 1.96686, 
250	 , 4750	 , 0	 , 2	 , 1.99126, 
250	 , 4750	 , 0	 , 2	 , 1.98627, 
250	 , 4750	 , 0	 , 2	 , 1.98993, 
250	 , 4750	 , 0	 , 2	 , 1.97328, 
250	 , 4750	 , 0	 , 2	 , 1.95586, 
250	 , 4750	 , 0	 , 2	 , 1.99034, 
250	 , 4750	 , 0	 , 2	 , 1.98238, 
250	 , 4750	 , 0	 , 2	 , 1.96301, 
250	 , 4750	 , 0	 , 2	 , 1.96107, 
250	 , 4750	 , 0	 , 2	 , 1.98979, 
250	 , 4750	 , 0	 , 2	 , 1.99397, 
250	 , 4750	 , 0	 , 2	 , 1.98486, 
250	 , 4750	 , 0	 , 2	 , 1.99538, 
250	 , 4750	 , 0	 , 2	 , 1.99637, 
250	 , 4750	 , 0	 , 2	 , 1.97917, 
250	 , 4750	 , 0	 , 2	 , 1.96367, 
250	 , 4750	 , 0	 , 2	 , 1.99933, 
250	 , 4750	 , 0	 , 2	 , 1.96548, 
250	 , 4750	 , 0	 , 2	 , 1.98404, 
250	 , 4750	 , 0	 , 2	 , 1.9924, 
250	 , 4750	 , 0	 , 2	 , 1.99458, 
250	 , 4750	 , 0	 , 2	 , 1.98442, 
250	 , 4750	 , 0	 , 2	 , 1.99588, 
250	 , 4750	 , 0	 , 2	 , 1.99216, 
250	 , 4750	 , 0	 , 2	 , 1.98714, 
250	 , 4750	 , 0	 , 2	 , 1.96071, 
250	 , 4750	 , 0	 , 2	 , 1.98779, 
250	 , 4750	 , 0	 , 2	 , 1.9785, 
250	 , 4750	 , 0	 , 2	 , 1.99754, 
250	 , 4750	 , 0	 , 2	 , 1.98849, 
250	 , 4750	 , 0	 , 2	 , 1.98474, 
250	 , 4750	 , 0	 , 2	 , 1.95404, 
250	 , 4750	 , 0	 , 2	 , 1.98961, 
250	 , 4750	 , 0	 , 2	 , 1.97789, 
250	 , 4750	 , 0	 , 2	 , 1.97221, 
250	 , 4750	 , 0	 , 2	 , 1.99931, 
250	 , 4750	 , 0	 , 2	 , 1.9908, 
250	 , 4750	 , 0	 , 2	 , 1.95012, 
250	 , 4750	 , 0	 , 2	 , 1.94459, 
250	 , 4750	 , 0	 , 2	 , 1.95944, 
250	 , 4750	 , 0	 , 2	 , 1.95735, 
250	 , 4750	 , 0	 , 2	 , 1.98889, 
250	 , 4750	 , 0	 , 2	 , 1.9646, 
250	 , 4750	 , 0	 , 2	 , 1.99416, 
250	 , 4750	 , 0	 , 2	 , 1.98904, 
250	 , 4750	 , 0	 , 2	 , 1.97111, 
250	 , 4750	 , 0	 , 2	 , 1.96345, 
250	 , 4750	 , 0	 , 2	 , 1.9872, 
250	 , 4750	 , 0	 , 2	 , 1.99548, 
250	 , 4750	 , 0	 , 2	 , 1.98512, 
250	 , 4750	 , 0	 , 2	 , 1.98192, 
250	 , 4750	 , 0	 , 2	 , 1.97882, 
250	 , 4750	 , 0	 , 2	 , 1.95071, 
250	 , 4750	 , 0	 , 2	 , 1.98585, 
250	 , 4750	 , 0	 , 2	 , 1.99019, 
250	 , 4750	 , 0	 , 2	 , 1.96997, 
250	 , 4750	 , 0	 , 2	 , 1.9832, 
250	 , 4750	 , 0	 , 2	 , 1.98363, 
250	 , 4750	 , 0	 , 2	 , 1.99661, 
250	 , 4750	 , 0	 , 2	 , 1.96428, 
250	 , 4750	 , 0	 , 2	 , 1.9837, 
250	 , 4750	 , 0	 , 2	 , 1.98859, 
250	 , 4750	 , 0	 , 2	 , 1.98645, 
250	 , 4750	 , 0	 , 2	 , 1.98303, 
250	 , 4750	 , 0	 , 2	 , 1.99313, 
250	 , 4750	 , 0	 , 2	 , 1.97679, 
250	 , 4750	 , 0	 , 2	 , 1.99501, 
250	 , 4750	 , 0	 , 2	 , 1.99722, 
250	 , 4750	 , 0	 , 2	 , 1.99498, 
250	 , 4750	 , 0	 , 2	 , 1.97903, 
250	 , 4750	 , 0	 , 2	 , 1.97939, 
250	 , 4750	 , 0	 , 2	 , 1.97128, 
250	 , 4750	 , 0	 , 2	 , 1.98524, 
250	 , 4750	 , 0	 , 2	 , 1.98273, 
250	 , 4750	 , 0	 , 2	 , 1.98404, 
250	 , 4750	 , 0	 , 2	 , 1.97476, 
250	 , 4750	 , 0	 , 2	 , 1.9825, 
250	 , 4750	 , 0	 , 2	 , 1.98892, 
250	 , 4750	 , 0	 , 2	 , 1.98265, 
250	 , 4750	 , 0	 , 2	 , 1.99577, 
250	 , 4750	 , 0	 , 2	 , 1.98895, 
250	 , 4750	 , 0	 , 2	 , 1.98721, 
250	 , 4750	 , 0	 , 2	 , 1.9709, 
250	 , 4750	 , 0	 , 2	 , 1.98131, 
250	 , 4750	 , 0	 , 2	 , 1.97165, 
250	 , 4750	 , 0	 , 2	 , 1.98726, 
250	 , 4750	 , 0	 , 2	 , 1.9996, 
250	 , 4750	 , 0	 , 2	 , 1.98936, 
250	 , 4750	 , 0	 , 2	 , 1.99948, 
250	 , 4750	 , 0	 , 2	 , 1.99528, 
250	 , 4750	 , 0	 , 2	 , 1.94101, 
250	 , 4750	 , 0	 , 2	 , 1.9866, 
250	 , 4750	 , 0	 , 2	 , 1.98665, 
250	 , 4750	 , 0	 , 2	 , 1.94665, 
250	 , 4750	 , 0	 , 2	 , 1.97807, 
250	 , 4750	 , 0	 , 2	 , 1.98029, 
250	 , 4750	 , 0	 , 2	 , 1.97423, 
250	 , 4750	 , 0	 , 2	 , 1.95503, 
250	 , 4750	 , 0	 , 2	 , 1.98503, 
250	 , 4750	 , 0	 , 2	 , 1.99799, 
250	 , 4750	 , 0	 , 2	 , 1.98862, 
250	 , 4750	 , 0	 , 2	 , 1.98389, 
250	 , 4750	 , 0	 , 2	 , 1.98567, 
250	 , 4750	 , 0	 , 2	 , 1.99504, 
250	 , 4750	 , 0	 , 2	 , 1.94545, 
250	 , 4750	 , 0	 , 2	 , 1.98016, 
250	 , 4750	 , 0	 , 2	 , 1.9821, 
250	 , 4750	 , 0	 , 2	 , 1.98987, 
250	 , 4750	 , 0	 , 2	 , 1.98006, 
250	 , 4750	 , 0	 , 2	 , 1.92769, 
250	 , 4750	 , 0	 , 2	 , 1.96814, 
250	 , 4750	 , 0	 , 2	 , 1.96788, 
250	 , 4750	 , 0	 , 2	 , 1.98898, 
250	 , 4750	 , 0	 , 2	 , 1.96918, 
250	 , 4750	 , 0	 , 2	 , 1.99486, 
250	 , 4750	 , 0	 , 2	 , 1.98453, 
250	 , 4750	 , 0	 , 2	 , 1.99629, 
250	 , 4750	 , 0	 , 2	 , 1.98596, 
250	 , 4750	 , 0	 , 2	 , 1.97702, 
250	 , 4750	 , 0	 , 2	 , 1.99344, 
250	 , 4750	 , 0	 , 2	 , 1.99289, 
250	 , 4750	 , 0	 , 2	 , 1.96365, 
250	 , 4750	 , 0	 , 2	 , 1.99028, 
250	 , 4750	 , 0	 , 2	 , 1.98575, 
250	 , 4750	 , 0	 , 2	 , 1.96707, 
250	 , 4750	 , 0	 , 2	 , 1.94693, 
250	 , 4750	 , 0	 , 2	 , 1.95686, 
250	 , 4750	 , 0	 , 2	 , 1.96576, 
250	 , 4750	 , 0	 , 2	 , 1.98875, 
250	 , 4750	 , 0	 , 2	 , 1.98581, 
250	 , 4750	 , 0	 , 2	 , 1.95784, 
250	 , 4750	 , 0	 , 2	 , 1.95518, 
250	 , 4750	 , 0	 , 2	 , 1.98323, 
250	 , 4750	 , 0	 , 2	 , 1.99565, 
250	 , 4750	 , 0	 , 2	 , 1.98518, 
250	 , 4750	 , 0	 , 2	 , 1.9821, 
250	 , 4750	 , 0	 , 2	 , 1.97865, 
250	 , 4750	 , 0	 , 2	 , 1.97917, 
250	 , 4750	 , 0	 , 2	 , 1.99585, 
250	 , 4750	 , 0	 , 2	 , 1.98715, 
250	 , 4750	 , 0	 , 2	 , 1.99725, 
250	 , 4750	 , 0	 , 2	 , 1.97955, 
250	 , 4750	 , 0	 , 2	 , 1.98575, 
250	 , 4750	 , 0	 , 2	 , 1.95354, 
250	 , 4750	 , 0	 , 2	 , 1.96948, 
250	 , 4750	 , 0	 , 2	 , 1.97247, 
250	 , 4750	 , 0	 , 2	 , 1.98241, 
250	 , 4750	 , 0	 , 2	 , 1.99635, 
250	 , 4750	 , 0	 , 2	 , 1.98941, 
250	 , 4750	 , 0	 , 2	 , 1.98997, 
250	 , 4750	 , 0	 , 2	 , 1.97104, 
250	 , 4750	 , 0	 , 2	 , 1.96493, 
250	 , 4750	 , 0	 , 2	 , 1.98799, 
300	 , 5700	 , 0	 , 2	 , 1.99211, 
300	 , 5700	 , 0	 , 2	 , 1.98981, 
300	 , 5700	 , 0	 , 2	 , 1.98337, 
300	 , 5700	 , 0	 , 2	 , 1.98611, 
300	 , 5700	 , 0	 , 2	 , 1.98537, 
300	 , 5700	 , 0	 , 2	 , 1.98665, 
300	 , 5700	 , 0	 , 2	 , 1.99138, 
300	 , 5700	 , 0	 , 2	 , 1.96159, 
300	 , 5700	 , 0	 , 2	 , 1.98672, 
300	 , 5700	 , 0	 , 2	 , 1.99117, 
300	 , 5700	 , 0	 , 2	 , 1.99126, 
300	 , 5700	 , 0	 , 2	 , 1.94411, 
300	 , 5700	 , 0	 , 2	 , 1.98033, 
300	 , 5700	 , 0	 , 2	 , 1.99089, 
300	 , 5700	 , 0	 , 2	 , 1.98431, 
300	 , 5700	 , 0	 , 2	 , 1.99153, 
300	 , 5700	 , 0	 , 2	 , 1.98299, 
300	 , 5700	 , 0	 , 2	 , 1.99416, 
300	 , 5700	 , 0	 , 2	 , 1.98289, 
300	 , 5700	 , 0	 , 2	 , 1.98769, 
300	 , 5700	 , 0	 , 2	 , 1.99739, 
300	 , 5700	 , 0	 , 2	 , 1.98306, 
300	 , 5700	 , 0	 , 2	 , 1.99773, 
300	 , 5700	 , 0	 , 2	 , 1.95979, 
300	 , 5700	 , 0	 , 2	 , 1.98732, 
300	 , 5700	 , 0	 , 2	 , 1.95084, 
300	 , 5700	 , 0	 , 2	 , 1.96812, 
300	 , 5700	 , 0	 , 2	 , 1.97987, 
300	 , 5700	 , 0	 , 2	 , 1.98959, 
300	 , 5700	 , 0	 , 2	 , 1.97668, 
300	 , 5700	 , 0	 , 2	 , 1.98395, 
300	 , 5700	 , 0	 , 2	 , 1.99971, 
300	 , 5700	 , 0	 , 2	 , 1.98933, 
300	 , 5700	 , 0	 , 2	 , 1.99815, 
300	 , 5700	 , 0	 , 2	 , 1.97929, 
300	 , 5700	 , 0	 , 2	 , 1.96402, 
300	 , 5700	 , 0	 , 2	 , 1.96594, 
300	 , 5700	 , 0	 , 2	 , 1.9707, 
300	 , 5700	 , 0	 , 2	 , 1.99516, 
300	 , 5700	 , 0	 , 2	 , 1.98532, 
300	 , 5700	 , 0	 , 2	 , 1.98277, 
300	 , 5700	 , 0	 , 2	 , 1.9848, 
300	 , 5700	 , 0	 , 2	 , 1.96727, 
300	 , 5700	 , 0	 , 2	 , 1.96889, 
300	 , 5700	 , 0	 , 2	 , 1.98547, 
300	 , 5700	 , 0	 , 2	 , 1.99431, 
300	 , 5700	 , 0	 , 2	 , 1.98366, 
300	 , 5700	 , 0	 , 2	 , 1.98808, 
300	 , 5700	 , 0	 , 2	 , 1.98582, 
300	 , 5700	 , 0	 , 2	 , 1.95998, 
300	 , 5700	 , 0	 , 2	 , 1.98015, 
300	 , 5700	 , 0	 , 2	 , 1.97253, 
300	 , 5700	 , 0	 , 2	 , 1.97844, 
300	 , 5700	 , 0	 , 2	 , 1.93465, 
300	 , 5700	 , 0	 , 2	 , 1.94856, 
300	 , 5700	 , 0	 , 2	 , 1.99791, 
300	 , 5700	 , 0	 , 2	 , 1.99721, 
300	 , 5700	 , 0	 , 2	 , 1.97694, 
300	 , 5700	 , 0	 , 2	 , 1.98439, 
300	 , 5700	 , 0	 , 2	 , 1.98996, 
300	 , 5700	 , 0	 , 2	 , 1.98219, 
300	 , 5700	 , 0	 , 2	 , 1.99422, 
300	 , 5700	 , 0	 , 2	 , 1.98775, 
300	 , 5700	 , 0	 , 2	 , 1.983, 
300	 , 5700	 , 0	 , 2	 , 1.97995, 
300	 , 5700	 , 0	 , 2	 , 1.96323, 
300	 , 5700	 , 0	 , 2	 , 1.98616, 
300	 , 5700	 , 0	 , 2	 , 1.97858, 
300	 , 5700	 , 0	 , 2	 , 1.99011, 
300	 , 5700	 , 0	 , 2	 , 1.98309, 
300	 , 5700	 , 0	 , 2	 , 1.991, 
300	 , 5700	 , 0	 , 2	 , 1.98344, 
300	 , 5700	 , 0	 , 2	 , 1.99033, 
300	 , 5700	 , 0	 , 2	 , 1.9821, 
300	 , 5700	 , 0	 , 2	 , 1.98772, 
300	 , 5700	 , 0	 , 2	 , 1.98145, 
300	 , 5700	 , 0	 , 2	 , 1.98882, 
300	 , 5700	 , 0	 , 2	 , 1.99156, 
300	 , 5700	 , 0	 , 2	 , 1.98166, 
300	 , 5700	 , 0	 , 2	 , 1.9817, 
300	 , 5700	 , 0	 , 2	 , 1.98529, 
300	 , 5700	 , 0	 , 2	 , 1.98537, 
300	 , 5700	 , 0	 , 2	 , 1.987, 
300	 , 5700	 , 0	 , 2	 , 1.96832, 
300	 , 5700	 , 0	 , 2	 , 1.99486, 
300	 , 5700	 , 0	 , 2	 , 1.97583, 
300	 , 5700	 , 0	 , 2	 , 1.99046, 
300	 , 5700	 , 0	 , 2	 , 1.96263, 
300	 , 5700	 , 0	 , 2	 , 1.97095, 
300	 , 5700	 , 0	 , 2	 , 1.9993, 
300	 , 5700	 , 0	 , 2	 , 1.97162, 
300	 , 5700	 , 0	 , 2	 , 1.97696, 
300	 , 5700	 , 0	 , 2	 , 1.97377, 
300	 , 5700	 , 0	 , 2	 , 1.9799, 
300	 , 5700	 , 0	 , 2	 , 1.98215, 
300	 , 5700	 , 0	 , 2	 , 1.977, 
300	 , 5700	 , 0	 , 2	 , 1.98561, 
300	 , 5700	 , 0	 , 2	 , 1.96909, 
300	 , 5700	 , 0	 , 2	 , 1.9778, 
300	 , 5700	 , 0	 , 2	 , 1.99103, 
300	 , 5700	 , 0	 , 2	 , 1.98405, 
300	 , 5700	 , 0	 , 2	 , 1.97444, 
300	 , 5700	 , 0	 , 2	 , 1.98917, 
300	 , 5700	 , 0	 , 2	 , 1.99237, 
300	 , 5700	 , 0	 , 2	 , 1.95818, 
300	 , 5700	 , 0	 , 2	 , 1.96957, 
300	 , 5700	 , 0	 , 2	 , 1.98651, 
300	 , 5700	 , 0	 , 2	 , 1.97777, 
300	 , 5700	 , 0	 , 2	 , 1.98264, 
300	 , 5700	 , 0	 , 2	 , 1.98956, 
300	 , 5700	 , 0	 , 2	 , 1.97882, 
300	 , 5700	 , 0	 , 2	 , 1.97472, 
300	 , 5700	 , 0	 , 2	 , 1.9955, 
300	 , 5700	 , 0	 , 2	 , 1.95537, 
300	 , 5700	 , 0	 , 2	 , 1.9873, 
300	 , 5700	 , 0	 , 2	 , 1.97641, 
300	 , 5700	 , 0	 , 2	 , 1.9765, 
300	 , 5700	 , 0	 , 2	 , 1.98715, 
300	 , 5700	 , 0	 , 2	 , 1.98805, 
300	 , 5700	 , 0	 , 2	 , 1.93431, 
300	 , 5700	 , 0	 , 2	 , 1.98303, 
300	 , 5700	 , 0	 , 2	 , 1.9747, 
300	 , 5700	 , 0	 , 2	 , 1.98376, 
300	 , 5700	 , 0	 , 2	 , 1.9935, 
300	 , 5700	 , 0	 , 2	 , 1.98698, 
300	 , 5700	 , 0	 , 2	 , 1.98926, 
300	 , 5700	 , 0	 , 2	 , 1.99066, 
300	 , 5700	 , 0	 , 2	 , 1.99738, 
300	 , 5700	 , 0	 , 2	 , 1.98083, 
300	 , 5700	 , 0	 , 2	 , 1.99258, 
300	 , 5700	 , 0	 , 2	 , 1.99156, 
300	 , 5700	 , 0	 , 2	 , 1.99724, 
300	 , 5700	 , 0	 , 2	 , 1.94891, 
300	 , 5700	 , 0	 , 2	 , 1.97964, 
300	 , 5700	 , 0	 , 2	 , 1.95261, 
300	 , 5700	 , 0	 , 2	 , 1.99265, 
300	 , 5700	 , 0	 , 2	 , 1.9875, 
300	 , 5700	 , 0	 , 2	 , 1.99342, 
300	 , 5700	 , 0	 , 2	 , 1.98181, 
300	 , 5700	 , 0	 , 2	 , 1.91885, 
300	 , 5700	 , 0	 , 2	 , 1.98541, 
300	 , 5700	 , 0	 , 2	 , 1.99448, 
300	 , 5700	 , 0	 , 2	 , 1.97919, 
300	 , 5700	 , 0	 , 2	 , 1.99379, 
300	 , 5700	 , 0	 , 2	 , 1.94383, 
300	 , 5700	 , 0	 , 2	 , 1.96977, 
300	 , 5700	 , 0	 , 2	 , 1.98674, 
300	 , 5700	 , 0	 , 2	 , 1.98642, 
300	 , 5700	 , 0	 , 2	 , 1.99586, 
300	 , 5700	 , 0	 , 2	 , 1.9626, 
300	 , 5700	 , 0	 , 2	 , 1.98508, 
300	 , 5700	 , 0	 , 2	 , 1.97093, 
300	 , 5700	 , 0	 , 2	 , 1.99463, 
300	 , 5700	 , 0	 , 2	 , 1.99823, 
300	 , 5700	 , 0	 , 2	 , 1.97655, 
300	 , 5700	 , 0	 , 2	 , 1.98125, 
300	 , 5700	 , 0	 , 2	 , 1.98842, 
300	 , 5700	 , 0	 , 2	 , 1.9859, 
300	 , 5700	 , 0	 , 2	 , 1.97958, 
300	 , 5700	 , 0	 , 2	 , 1.94636, 
300	 , 5700	 , 0	 , 2	 , 1.98541, 
300	 , 5700	 , 0	 , 2	 , 1.99893, 
300	 , 5700	 , 0	 , 2	 , 1.9751, 
300	 , 5700	 , 0	 , 2	 , 1.99101, 
300	 , 5700	 , 0	 , 2	 , 1.97322, 
300	 , 5700	 , 0	 , 2	 , 1.95636, 
300	 , 5700	 , 0	 , 2	 , 1.97987, 
300	 , 5700	 , 0	 , 2	 , 1.99205, 
300	 , 5700	 , 0	 , 2	 , 1.94871, 
300	 , 5700	 , 0	 , 2	 , 1.9874, 
300	 , 5700	 , 0	 , 2	 , 1.98961, 
300	 , 5700	 , 0	 , 2	 , 1.99162, 
300	 , 5700	 , 0	 , 2	 , 1.96861, 
300	 , 5700	 , 0	 , 2	 , 1.98178, 
300	 , 5700	 , 0	 , 2	 , 1.98939, 
300	 , 5734	 , 0	 , 2	 , 1.99426, 
300	 , 5700	 , 0	 , 2	 , 1.98473, 
300	 , 5700	 , 0	 , 2	 , 1.98953, 
300	 , 5700	 , 0	 , 2	 , 1.98849, 
300	 , 5700	 , 0	 , 2	 , 1.99525, 
300	 , 5700	 , 0	 , 2	 , 1.98627, 
300	 , 5700	 , 0	 , 2	 , 1.98669, 
300	 , 5700	 , 0	 , 2	 , 1.99188, 
300	 , 5700	 , 0	 , 2	 , 1.98613, 
300	 , 5700	 , 0	 , 2	 , 1.97145, 
300	 , 5700	 , 0	 , 2	 , 1.98814, 
300	 , 5700	 , 0	 , 2	 , 1.97101, 
300	 , 5700	 , 0	 , 2	 , 1.99222, 
300	 , 5700	 , 0	 , 2	 , 1.99606, 
300	 , 5700	 , 0	 , 2	 , 1.99088, 
300	 , 5700	 , 0	 , 2	 , 1.99113, 
300	 , 5700	 , 0	 , 2	 , 1.99446, 
300	 , 5700	 , 0	 , 2	 , 1.99367, 
300	 , 5700	 , 0	 , 2	 , 1.99098, 
300	 , 5700	 , 0	 , 2	 , 1.9938, 
300	 , 5700	 , 0	 , 2	 , 1.98933, 
300	 , 5700	 , 0	 , 2	 , 1.97508, 
300	 , 5700	 , 0	 , 2	 , 1.99615, 
300	 , 5700	 , 0	 , 2	 , 1.97459, 
300	 , 5700	 , 0	 , 2	 , 1.98306, 
300	 , 5700	 , 0	 , 2	 , 1.99007, 
300	 , 5700	 , 0	 , 2	 , 1.98891, 
300	 , 5700	 , 0	 , 2	 , 1.96616, 
300	 , 5700	 , 0	 , 2	 , 1.99486, 
300	 , 5700	 , 0	 , 2	 , 1.99434, 
300	 , 5700	 , 0	 , 2	 , 1.96028, 
300	 , 5700	 , 0	 , 2	 , 1.99034, 
300	 , 5700	 , 0	 , 2	 , 1.97598, 
300	 , 5700	 , 0	 , 2	 , 1.985, 
300	 , 5700	 , 0	 , 2	 , 1.99336, 
300	 , 5700	 , 0	 , 2	 , 1.99303, 
300	 , 5700	 , 0	 , 2	 , 1.98141, 
300	 , 5700	 , 0	 , 2	 , 1.98892, 
300	 , 5700	 , 0	 , 2	 , 1.9911, 
300	 , 5700	 , 0	 , 2	 , 1.99359, 
300	 , 5700	 , 0	 , 2	 , 1.95662, 
300	 , 5700	 , 0	 , 2	 , 1.96838, 
300	 , 5700	 , 0	 , 2	 , 1.97888, 
300	 , 5700	 , 0	 , 2	 , 1.98085, 
300	 , 5700	 , 0	 , 2	 , 1.98322, 
300	 , 5700	 , 0	 , 2	 , 1.97847, 
300	 , 5700	 , 0	 , 2	 , 1.99805, 
300	 , 5700	 , 0	 , 2	 , 1.98448, 
300	 , 5700	 , 0	 , 2	 , 1.98393, 
300	 , 5700	 , 0	 , 2	 , 1.99097, 
300	 , 5700	 , 0	 , 2	 , 1.95966, 
300	 , 5700	 , 0	 , 2	 , 1.95483, 
300	 , 5700	 , 0	 , 2	 , 1.99013, 
300	 , 5700	 , 0	 , 2	 , 1.99179, 
300	 , 5700	 , 0	 , 2	 , 1.97801, 
300	 , 5700	 , 0	 , 2	 , 1.97159, 
300	 , 5700	 , 0	 , 2	 , 1.98781, 
300	 , 5700	 , 0	 , 2	 , 1.99245, 
300	 , 5700	 , 0	 , 2	 , 1.98219, 
300	 , 5700	 , 0	 , 2	 , 1.99158, 
300	 , 5700	 , 0	 , 2	 , 1.995, 
300	 , 5700	 , 0	 , 2	 , 1.98647, 
300	 , 5700	 , 0	 , 2	 , 1.98001, 
300	 , 5700	 , 0	 , 2	 , 1.99561, 
300	 , 5700	 , 0	 , 2	 , 1.9669, 
300	 , 5700	 , 0	 , 2	 , 1.97719, 
300	 , 5700	 , 0	 , 2	 , 1.98517, 
300	 , 5700	 , 0	 , 2	 , 1.98769, 
300	 , 5700	 , 0	 , 2	 , 1.9651, 
300	 , 5700	 , 0	 , 2	 , 1.98788, 
300	 , 5700	 , 0	 , 2	 , 1.97993, 
300	 , 5700	 , 0	 , 2	 , 1.96077, 
300	 , 5700	 , 0	 , 2	 , 1.95439, 
300	 , 5700	 , 0	 , 2	 , 1.98845, 
300	 , 5700	 , 0	 , 2	 , 1.99184, 
350	 , 6650	 , 0	 , 2	 , 1.99736, 
350	 , 6650	 , 0	 , 2	 , 1.99115, 
350	 , 6650	 , 0	 , 2	 , 1.96649, 
350	 , 6650	 , 0	 , 2	 , 1.99403, 
350	 , 6650	 , 0	 , 2	 , 1.97203, 
350	 , 6650	 , 0	 , 2	 , 1.99123, 
350	 , 6650	 , 0	 , 2	 , 1.96915, 
350	 , 6650	 , 0	 , 2	 , 1.97533, 
350	 , 6650	 , 0	 , 2	 , 1.98354, 
350	 , 6650	 , 0	 , 2	 , 1.97948, 
350	 , 6650	 , 0	 , 2	 , 1.94626, 
350	 , 6650	 , 0	 , 2	 , 1.98132, 
350	 , 6650	 , 0	 , 2	 , 1.99466, 
350	 , 6650	 , 0	 , 2	 , 1.99074, 
350	 , 6650	 , 0	 , 2	 , 1.98466, 
350	 , 6650	 , 0	 , 2	 , 1.97729, 
350	 , 6650	 , 0	 , 2	 , 1.97642, 
350	 , 6650	 , 0	 , 2	 , 1.94891, 
350	 , 6650	 , 0	 , 2	 , 1.9946, 
350	 , 6650	 , 0	 , 2	 , 1.98439, 
350	 , 6650	 , 0	 , 2	 , 1.98611, 
350	 , 6650	 , 0	 , 2	 , 1.98979, 
350	 , 6650	 , 0	 , 2	 , 1.99904, 
350	 , 6650	 , 0	 , 2	 , 1.9789, 
350	 , 6650	 , 0	 , 2	 , 1.98968, 
350	 , 6650	 , 0	 , 2	 , 1.98701, 
350	 , 6650	 , 0	 , 2	 , 1.99324, 
350	 , 6650	 , 0	 , 2	 , 1.96265, 
350	 , 6650	 , 0	 , 2	 , 1.9706, 
350	 , 6650	 , 0	 , 2	 , 1.97191, 
350	 , 6650	 , 0	 , 2	 , 1.98929, 
350	 , 6650	 , 0	 , 2	 , 1.98622, 
350	 , 6650	 , 0	 , 2	 , 1.99661, 
350	 , 6650	 , 0	 , 2	 , 1.97298, 
350	 , 6650	 , 0	 , 2	 , 1.97627, 
350	 , 6650	 , 0	 , 2	 , 1.99388, 
350	 , 6650	 , 0	 , 2	 , 1.93266, 
350	 , 6650	 , 0	 , 2	 , 1.97789, 
350	 , 6650	 , 0	 , 2	 , 1.99059, 
350	 , 6650	 , 0	 , 2	 , 1.95883, 
350	 , 6650	 , 0	 , 2	 , 1.9735, 
350	 , 6650	 , 0	 , 2	 , 1.96426, 
350	 , 6650	 , 0	 , 2	 , 1.98238, 
350	 , 6650	 , 0	 , 2	 , 1.98463, 
350	 , 6650	 , 0	 , 2	 , 1.98184, 
350	 , 6650	 , 0	 , 2	 , 1.9863, 
350	 , 6650	 , 0	 , 2	 , 1.98955, 
350	 , 6650	 , 0	 , 2	 , 1.98508, 
350	 , 6650	 , 0	 , 2	 , 1.98541, 
350	 , 6650	 , 0	 , 2	 , 1.99329, 
350	 , 6650	 , 0	 , 2	 , 1.97415, 
350	 , 6650	 , 0	 , 2	 , 1.96373, 
350	 , 6650	 , 0	 , 2	 , 1.99884, 
350	 , 6650	 , 0	 , 2	 , 1.99336, 
350	 , 6650	 , 0	 , 2	 , 1.97386, 
350	 , 6650	 , 0	 , 2	 , 1.97891, 
350	 , 6650	 , 0	 , 2	 , 1.97049, 
350	 , 6650	 , 0	 , 2	 , 1.99461, 
350	 , 6650	 , 0	 , 2	 , 1.98851, 
350	 , 6650	 , 0	 , 2	 , 1.9985, 
350	 , 6650	 , 0	 , 2	 , 1.9935, 
350	 , 6650	 , 0	 , 2	 , 1.99451, 
350	 , 6650	 , 0	 , 2	 , 1.97871, 
350	 , 6650	 , 0	 , 2	 , 1.98724, 
350	 , 6650	 , 0	 , 2	 , 1.99557, 
350	 , 6650	 , 0	 , 2	 , 1.98383, 
350	 , 6650	 , 0	 , 2	 , 1.98079, 
350	 , 6650	 , 0	 , 2	 , 1.95798, 
350	 , 6650	 , 0	 , 2	 , 1.98851, 
350	 , 6650	 , 0	 , 2	 , 1.98895, 
350	 , 6650	 , 0	 , 2	 , 1.98505, 
350	 , 6650	 , 0	 , 2	 , 1.98686, 
350	 , 6650	 , 0	 , 2	 , 1.9915, 
350	 , 6650	 , 0	 , 2	 , 1.97571, 
350	 , 6650	 , 0	 , 2	 , 1.99744, 
350	 , 6650	 , 0	 , 2	 , 1.99771, 
350	 , 6650	 , 0	 , 2	 , 1.99792, 
350	 , 6650	 , 0	 , 2	 , 1.96374, 
350	 , 6650	 , 0	 , 2	 , 1.97621, 
350	 , 6650	 , 0	 , 2	 , 1.98711, 
350	 , 6650	 , 0	 , 2	 , 1.97682, 
350	 , 6650	 , 0	 , 2	 , 1.98399, 
350	 , 6650	 , 0	 , 2	 , 1.99226, 
350	 , 6650	 , 0	 , 2	 , 1.99167, 
350	 , 6650	 , 0	 , 2	 , 1.97314, 
350	 , 6650	 , 0	 , 2	 , 1.98221, 
350	 , 6650	 , 0	 , 2	 , 1.98119, 
350	 , 6650	 , 0	 , 2	 , 1.97903, 
350	 , 6650	 , 0	 , 2	 , 1.99852, 
350	 , 6650	 , 0	 , 2	 , 1.99336, 
350	 , 6650	 , 0	 , 2	 , 1.98404, 
350	 , 6650	 , 0	 , 2	 , 1.98979, 
350	 , 6650	 , 0	 , 2	 , 1.98741, 
350	 , 6650	 , 0	 , 2	 , 1.99854, 
350	 , 6650	 , 0	 , 2	 , 1.98314, 
350	 , 6650	 , 0	 , 2	 , 1.99417, 
350	 , 6650	 , 0	 , 2	 , 1.98198, 
350	 , 6650	 , 0	 , 2	 , 1.97881, 
350	 , 6650	 , 0	 , 2	 , 1.96971, 
350	 , 6650	 , 0	 , 2	 , 1.99272, 
350	 , 6650	 , 0	 , 2	 , 1.99548, 
350	 , 6650	 , 0	 , 2	 , 1.98164, 
350	 , 6650	 , 0	 , 2	 , 1.96529, 
350	 , 6650	 , 0	 , 2	 , 1.98906, 
350	 , 6650	 , 0	 , 2	 , 1.98811, 
350	 , 6650	 , 0	 , 2	 , 1.98389, 
350	 , 6650	 , 0	 , 2	 , 1.95091, 
350	 , 6650	 , 0	 , 2	 , 1.98758, 
350	 , 6650	 , 0	 , 2	 , 1.99065, 
350	 , 6650	 , 0	 , 2	 , 1.978, 
350	 , 6650	 , 0	 , 2	 , 1.98753, 
350	 , 6650	 , 0	 , 2	 , 1.9902, 
350	 , 6650	 , 0	 , 2	 , 1.98782, 
350	 , 6650	 , 0	 , 2	 , 1.97618, 
350	 , 6650	 , 0	 , 2	 , 1.97566, 
350	 , 6650	 , 0	 , 2	 , 1.96851, 
350	 , 6650	 , 0	 , 2	 , 1.95776, 
350	 , 6650	 , 0	 , 2	 , 1.99348, 
350	 , 6650	 , 0	 , 2	 , 1.99207, 
350	 , 6650	 , 0	 , 2	 , 1.96452, 
350	 , 6650	 , 0	 , 2	 , 1.98125, 
350	 , 6650	 , 0	 , 2	 , 1.9817, 
350	 , 6650	 , 0	 , 2	 , 1.96794, 
350	 , 6650	 , 0	 , 2	 , 1.99728, 
350	 , 6650	 , 0	 , 2	 , 1.99487, 
350	 , 6650	 , 0	 , 2	 , 1.99158, 
350	 , 6650	 , 0	 , 2	 , 1.96895, 
350	 , 6650	 , 0	 , 2	 , 1.98598, 
350	 , 6650	 , 0	 , 2	 , 1.96226, 
350	 , 6650	 , 0	 , 2	 , 1.99579, 
350	 , 6650	 , 0	 , 2	 , 1.98889, 
350	 , 6650	 , 0	 , 2	 , 1.98601, 
350	 , 6650	 , 0	 , 2	 , 1.98344, 
350	 , 6650	 , 0	 , 2	 , 1.98186, 
350	 , 6650	 , 0	 , 2	 , 1.96394, 
350	 , 6650	 , 0	 , 2	 , 1.99394, 
350	 , 6650	 , 0	 , 2	 , 1.98166, 
350	 , 6650	 , 0	 , 2	 , 1.99821, 
350	 , 6650	 , 0	 , 2	 , 1.99722, 
350	 , 6650	 , 0	 , 2	 , 1.99086, 
350	 , 6650	 , 0	 , 2	 , 1.99223, 
350	 , 6650	 , 0	 , 2	 , 1.99394, 
350	 , 6650	 , 0	 , 2	 , 1.9913, 
350	 , 6650	 , 0	 , 2	 , 1.96333, 
350	 , 6650	 , 0	 , 2	 , 1.97714, 
350	 , 6650	 , 0	 , 2	 , 1.95354, 
350	 , 6650	 , 0	 , 2	 , 1.9624, 
350	 , 6650	 , 0	 , 2	 , 1.97661, 
350	 , 6650	 , 0	 , 2	 , 1.97731, 
350	 , 6650	 , 0	 , 2	 , 1.98201, 
350	 , 6650	 , 0	 , 2	 , 1.98949, 
350	 , 6650	 , 0	 , 2	 , 1.96896, 
350	 , 6650	 , 0	 , 2	 , 1.99792, 
350	 , 6650	 , 0	 , 2	 , 1.99846, 
350	 , 6650	 , 0	 , 2	 , 1.97584, 
350	 , 6650	 , 0	 , 2	 , 1.99942, 
350	 , 6650	 , 0	 , 2	 , 1.98639, 
350	 , 6650	 , 0	 , 2	 , 1.9908, 
350	 , 6650	 , 0	 , 2	 , 1.99513, 
350	 , 6650	 , 0	 , 2	 , 1.99115, 
350	 , 6650	 , 0	 , 2	 , 1.98616, 
350	 , 6650	 , 0	 , 2	 , 1.98331, 
350	 , 6650	 , 0	 , 2	 , 1.97504, 
350	 , 6650	 , 0	 , 2	 , 1.98227, 
350	 , 6650	 , 0	 , 2	 , 1.99672, 
350	 , 6650	 , 0	 , 2	 , 1.95673, 
350	 , 6650	 , 0	 , 2	 , 1.94519, 
350	 , 6650	 , 0	 , 2	 , 1.97781, 
350	 , 6650	 , 0	 , 2	 , 1.98296, 
350	 , 6650	 , 0	 , 2	 , 1.98907, 
350	 , 6650	 , 0	 , 2	 , 1.9803, 
350	 , 6650	 , 0	 , 2	 , 1.98071, 
350	 , 6650	 , 0	 , 2	 , 1.99016, 
350	 , 6650	 , 0	 , 2	 , 1.99654, 
350	 , 6650	 , 0	 , 2	 , 1.98012, 
350	 , 6650	 , 0	 , 2	 , 1.9744, 
350	 , 6650	 , 0	 , 2	 , 1.98225, 
350	 , 6650	 , 0	 , 2	 , 1.96315, 
350	 , 6650	 , 0	 , 2	 , 1.99791, 
350	 , 6650	 , 0	 , 2	 , 1.99142, 
350	 , 6684	 , 0	 , 2	 , 1.9837, 
350	 , 6650	 , 0	 , 2	 , 1.98628, 
350	 , 6650	 , 0	 , 2	 , 1.98608, 
350	 , 6650	 , 0	 , 2	 , 1.97806, 
350	 , 6650	 , 0	 , 2	 , 1.99214, 
350	 , 6650	 , 0	 , 2	 , 1.98639, 
350	 , 6650	 , 0	 , 2	 , 1.983, 
350	 , 6650	 , 0	 , 2	 , 1.99355, 
350	 , 6650	 , 0	 , 2	 , 1.99191, 
350	 , 6650	 , 0	 , 2	 , 1.97588, 
350	 , 6650	 , 0	 , 2	 , 1.99471, 
350	 , 6650	 , 0	 , 2	 , 1.98924, 
350	 , 6650	 , 0	 , 2	 , 1.99236, 
350	 , 6650	 , 0	 , 2	 , 1.97379, 
350	 , 6650	 , 0	 , 2	 , 1.99094, 
350	 , 6650	 , 0	 , 2	 , 1.97173, 
350	 , 6650	 , 0	 , 2	 , 1.96548, 
350	 , 6650	 , 0	 , 2	 , 1.99817, 
350	 , 6650	 , 0	 , 2	 , 1.97391, 
350	 , 6650	 , 0	 , 2	 , 1.95872, 
350	 , 6650	 , 0	 , 2	 , 1.99065, 
350	 , 6650	 , 0	 , 2	 , 1.97173, 
350	 , 6650	 , 0	 , 2	 , 1.97429, 
350	 , 6650	 , 0	 , 2	 , 1.99107, 
350	 , 6650	 , 0	 , 2	 , 1.9837, 
350	 , 6650	 , 0	 , 2	 , 1.97331, 
350	 , 6650	 , 0	 , 2	 , 1.97827, 
350	 , 6650	 , 0	 , 2	 , 1.99059, 
350	 , 6650	 , 0	 , 2	 , 1.99345, 
350	 , 6650	 , 0	 , 2	 , 1.98033, 
350	 , 6650	 , 0	 , 2	 , 1.99669, 
350	 , 6650	 , 0	 , 2	 , 1.95785, 
350	 , 6650	 , 0	 , 2	 , 1.97833, 
350	 , 6650	 , 0	 , 2	 , 1.99649, 
350	 , 6650	 , 0	 , 2	 , 1.96605, 
350	 , 6650	 , 0	 , 2	 , 1.98334, 
350	 , 6650	 , 0	 , 2	 , 1.98648, 
350	 , 6650	 , 0	 , 2	 , 1.99275, 
350	 , 6650	 , 0	 , 2	 , 1.99559, 
350	 , 6650	 , 0	 , 2	 , 1.94833, 
350	 , 6650	 , 0	 , 2	 , 1.9879, 
350	 , 6650	 , 0	 , 2	 , 1.98709, 
350	 , 6650	 , 0	 , 2	 , 1.97183, 
350	 , 6650	 , 0	 , 2	 , 1.98024, 
350	 , 6650	 , 0	 , 2	 , 1.98218, 
350	 , 6650	 , 0	 , 2	 , 1.9904, 
350	 , 6650	 , 0	 , 2	 , 1.99037, 
350	 , 6650	 , 0	 , 2	 , 1.98517, 
350	 , 6650	 , 0	 , 2	 , 1.99048, 
350	 , 6650	 , 0	 , 2	 , 1.98582, 
350	 , 6650	 , 0	 , 2	 , 1.9895, 
350	 , 6650	 , 0	 , 2	 , 1.99083, 
350	 , 6650	 , 0	 , 2	 , 1.96664, 
350	 , 6650	 , 0	 , 2	 , 1.96545, 
350	 , 6650	 , 0	 , 2	 , 1.99515, 
350	 , 6650	 , 0	 , 2	 , 1.994, 
350	 , 6650	 , 0	 , 2	 , 1.99367, 
350	 , 6650	 , 0	 , 2	 , 1.99152, 
350	 , 6650	 , 0	 , 2	 , 1.98439, 
350	 , 6650	 , 0	 , 2	 , 1.98943, 
350	 , 6650	 , 0	 , 2	 , 1.98637, 
350	 , 6650	 , 0	 , 2	 , 1.98654, 
350	 , 6650	 , 0	 , 2	 , 1.99452, 
350	 , 6650	 , 0	 , 2	 , 1.97407, 
350	 , 6650	 , 0	 , 2	 , 1.99074, 
350	 , 6650	 , 0	 , 2	 , 1.99858, 
350	 , 6650	 , 0	 , 2	 , 1.97115, 
350	 , 6650	 , 0	 , 2	 , 1.99727, 
350	 , 6650	 , 0	 , 2	 , 1.98587, 
350	 , 6650	 , 0	 , 2	 , 1.96109, 
400	 , 7600	 , 0	 , 2	 , 1.99644, 
400	 , 7600	 , 0	 , 2	 , 1.99193, 
400	 , 7600	 , 0	 , 2	 , 1.98286, 
400	 , 7600	 , 0	 , 2	 , 1.98544, 
400	 , 7600	 , 0	 , 2	 , 1.9763, 
400	 , 7600	 , 0	 , 2	 , 1.98329, 
400	 , 7600	 , 0	 , 2	 , 1.98508, 
400	 , 7600	 , 0	 , 2	 , 1.99242, 
400	 , 7600	 , 0	 , 2	 , 1.98343, 
400	 , 7600	 , 0	 , 2	 , 1.99324, 
400	 , 7600	 , 0	 , 2	 , 1.99619, 
400	 , 7600	 , 0	 , 2	 , 1.97311, 
400	 , 7600	 , 0	 , 2	 , 1.99219, 
400	 , 7600	 , 0	 , 2	 , 1.98054, 
400	 , 7600	 , 0	 , 2	 , 1.98802, 
400	 , 7600	 , 0	 , 2	 , 1.99542, 
400	 , 7600	 , 0	 , 2	 , 1.98395, 
400	 , 7600	 , 0	 , 2	 , 1.97783, 
400	 , 7600	 , 0	 , 2	 , 1.99284, 
400	 , 7600	 , 0	 , 2	 , 1.99135, 
400	 , 7600	 , 0	 , 2	 , 1.96294, 
400	 , 7600	 , 0	 , 2	 , 1.98453, 
400	 , 7600	 , 0	 , 2	 , 1.99318, 
400	 , 7600	 , 0	 , 2	 , 1.99162, 
400	 , 7600	 , 0	 , 2	 , 1.98546, 
400	 , 7600	 , 0	 , 2	 , 1.98238, 
400	 , 7600	 , 0	 , 2	 , 1.99092, 
400	 , 7600	 , 0	 , 2	 , 1.98663, 
400	 , 7600	 , 0	 , 2	 , 1.99519, 
400	 , 7600	 , 0	 , 2	 , 1.99785, 
400	 , 7600	 , 0	 , 2	 , 1.96761, 
400	 , 7600	 , 0	 , 2	 , 1.98744, 
400	 , 7600	 , 0	 , 2	 , 1.98177, 
400	 , 7600	 , 0	 , 2	 , 1.97308, 
400	 , 7600	 , 0	 , 2	 , 1.96986, 
400	 , 7600	 , 0	 , 2	 , 1.96446, 
400	 , 7600	 , 0	 , 2	 , 1.99347, 
400	 , 7600	 , 0	 , 2	 , 1.9785, 
400	 , 7600	 , 0	 , 2	 , 1.98404, 
400	 , 7600	 , 0	 , 2	 , 1.96144, 
400	 , 7600	 , 0	 , 2	 , 1.99657, 
400	 , 7600	 , 0	 , 2	 , 1.99458, 
400	 , 7600	 , 0	 , 2	 , 1.99478, 
400	 , 7600	 , 0	 , 2	 , 1.99828, 
400	 , 7600	 , 0	 , 2	 , 1.99921, 
400	 , 7600	 , 0	 , 2	 , 1.98848, 
400	 , 7600	 , 0	 , 2	 , 1.99362, 
400	 , 7600	 , 0	 , 2	 , 1.99722, 
400	 , 7600	 , 0	 , 2	 , 1.98848, 
400	 , 7600	 , 0	 , 2	 , 1.98293, 
400	 , 7600	 , 0	 , 2	 , 1.99628, 
400	 , 7600	 , 0	 , 2	 , 1.98218, 
400	 , 7600	 , 0	 , 2	 , 1.98019, 
400	 , 7600	 , 0	 , 2	 , 1.97449, 
400	 , 7600	 , 0	 , 2	 , 1.99014, 
400	 , 7600	 , 0	 , 2	 , 1.95955, 
400	 , 7600	 , 0	 , 2	 , 1.98796, 
400	 , 7600	 , 0	 , 2	 , 1.97392, 
400	 , 7600	 , 0	 , 2	 , 1.98813, 
400	 , 7600	 , 0	 , 2	 , 1.97098, 
400	 , 7600	 , 0	 , 2	 , 1.97705, 
400	 , 7600	 , 0	 , 2	 , 1.9771, 
400	 , 7600	 , 0	 , 2	 , 1.99684, 
400	 , 7600	 , 0	 , 2	 , 1.993, 
400	 , 7600	 , 0	 , 2	 , 1.98726, 
400	 , 7600	 , 0	 , 2	 , 1.98645, 
400	 , 7600	 , 0	 , 2	 , 1.97169, 
400	 , 7600	 , 0	 , 2	 , 1.9745, 
400	 , 7600	 , 0	 , 2	 , 1.97513, 
400	 , 7600	 , 0	 , 2	 , 1.9913, 
400	 , 7600	 , 0	 , 2	 , 1.99509, 
400	 , 7600	 , 0	 , 2	 , 1.98474, 
400	 , 7600	 , 0	 , 2	 , 1.96988, 
400	 , 7600	 , 0	 , 2	 , 1.9749, 
400	 , 7600	 , 0	 , 2	 , 1.97514, 
400	 , 7600	 , 0	 , 2	 , 1.99377, 
400	 , 7600	 , 0	 , 2	 , 1.97978, 
400	 , 7600	 , 0	 , 2	 , 1.98926, 
400	 , 7600	 , 0	 , 2	 , 1.978, 
400	 , 7600	 , 0	 , 2	 , 1.97926, 
400	 , 7600	 , 0	 , 2	 , 1.99512, 
400	 , 7600	 , 0	 , 2	 , 1.99605, 
400	 , 7600	 , 0	 , 2	 , 1.99243, 
400	 , 7600	 , 0	 , 2	 , 1.98878, 
400	 , 7600	 , 0	 , 2	 , 1.99303, 
400	 , 7600	 , 0	 , 2	 , 1.96007, 
400	 , 7600	 , 0	 , 2	 , 1.99785, 
400	 , 7600	 , 0	 , 2	 , 1.98531, 
400	 , 7600	 , 0	 , 2	 , 1.99471, 
400	 , 7600	 , 0	 , 2	 , 1.99202, 
400	 , 7600	 , 0	 , 2	 , 1.97758, 
400	 , 7600	 , 0	 , 2	 , 1.99542, 
400	 , 7600	 , 0	 , 2	 , 1.99876, 
400	 , 7600	 , 0	 , 2	 , 1.96765, 
400	 , 7600	 , 0	 , 2	 , 1.99089, 
400	 , 7600	 , 0	 , 2	 , 1.97861, 
400	 , 7600	 , 0	 , 2	 , 1.9967, 
400	 , 7600	 , 0	 , 2	 , 1.95422, 
400	 , 7600	 , 0	 , 2	 , 1.98708, 
400	 , 7600	 , 0	 , 2	 , 1.98097, 
400	 , 7600	 , 0	 , 2	 , 1.99504, 
400	 , 7600	 , 0	 , 2	 , 1.9865, 
400	 , 7600	 , 0	 , 2	 , 1.98477, 
400	 , 7600	 , 0	 , 2	 , 1.96568, 
400	 , 7600	 , 0	 , 2	 , 1.98233, 
400	 , 7600	 , 0	 , 2	 , 1.99826, 
400	 , 7600	 , 0	 , 2	 , 1.9933, 
400	 , 7600	 , 0	 , 2	 , 1.98965, 
400	 , 7600	 , 0	 , 2	 , 1.98357, 
400	 , 7600	 , 0	 , 2	 , 1.99498, 
400	 , 7600	 , 0	 , 2	 , 1.98692, 
400	 , 7600	 , 0	 , 2	 , 1.99539, 
400	 , 7600	 , 0	 , 2	 , 1.99644, 
400	 , 7600	 , 0	 , 2	 , 1.99461, 
400	 , 7600	 , 0	 , 2	 , 1.99084, 
400	 , 7600	 , 0	 , 2	 , 1.99353, 
400	 , 7600	 , 0	 , 2	 , 1.99525, 
400	 , 7600	 , 0	 , 2	 , 1.99667, 
400	 , 7600	 , 0	 , 2	 , 1.97258, 
400	 , 7600	 , 0	 , 2	 , 1.98732, 
400	 , 7600	 , 0	 , 2	 , 1.9791, 
400	 , 7600	 , 0	 , 2	 , 1.99861, 
400	 , 7600	 , 0	 , 2	 , 1.99504, 
400	 , 7600	 , 0	 , 2	 , 1.99823, 
400	 , 7600	 , 0	 , 2	 , 1.95866, 
400	 , 7600	 , 0	 , 2	 , 1.99014, 
400	 , 7600	 , 0	 , 2	 , 1.98752, 
400	 , 7600	 , 0	 , 2	 , 1.97348, 
400	 , 7600	 , 0	 , 2	 , 1.98354, 
400	 , 7600	 , 0	 , 2	 , 1.99886, 
400	 , 7600	 , 0	 , 2	 , 1.99632, 
400	 , 7600	 , 0	 , 2	 , 1.99062, 
400	 , 7600	 , 0	 , 2	 , 1.97514, 
400	 , 7600	 , 0	 , 2	 , 1.99194, 
400	 , 7600	 , 0	 , 2	 , 1.99399, 
400	 , 7600	 , 0	 , 2	 , 1.97798, 
400	 , 7600	 , 0	 , 2	 , 1.99248, 
400	 , 7600	 , 0	 , 2	 , 1.99016, 
400	 , 7600	 , 0	 , 2	 , 1.98753, 
400	 , 7600	 , 0	 , 2	 , 1.98828, 
400	 , 7600	 , 0	 , 2	 , 1.98486, 
400	 , 7600	 , 0	 , 2	 , 1.97232, 
400	 , 7600	 , 0	 , 2	 , 1.99559, 
400	 , 7600	 , 0	 , 2	 , 1.97829, 
400	 , 7600	 , 0	 , 2	 , 1.99443, 
400	 , 7600	 , 0	 , 2	 , 1.98715, 
400	 , 7600	 , 0	 , 2	 , 1.98123, 
400	 , 7600	 , 0	 , 2	 , 1.96992, 
400	 , 7600	 , 0	 , 2	 , 1.98116, 
400	 , 7600	 , 0	 , 2	 , 1.97638, 
400	 , 7600	 , 0	 , 2	 , 1.9566, 
400	 , 7600	 , 0	 , 2	 , 1.97346, 
400	 , 7600	 , 0	 , 2	 , 1.98407, 
400	 , 7600	 , 0	 , 2	 , 1.97699, 
400	 , 7600	 , 0	 , 2	 , 1.98206, 
400	 , 7600	 , 0	 , 2	 , 1.9805, 
400	 , 7600	 , 0	 , 2	 , 1.96626, 
400	 , 7600	 , 0	 , 2	 , 1.9635, 
400	 , 7600	 , 0	 , 2	 , 1.98875, 
400	 , 7600	 , 0	 , 2	 , 1.996, 
400	 , 7600	 , 0	 , 2	 , 1.9875, 
400	 , 7600	 , 0	 , 2	 , 1.981, 
400	 , 7600	 , 0	 , 2	 , 1.98108, 
400	 , 7600	 , 0	 , 2	 , 1.99637, 
400	 , 7600	 , 0	 , 2	 , 1.96524, 
400	 , 7600	 , 0	 , 2	 , 1.99237, 
400	 , 7600	 , 0	 , 2	 , 1.98572, 
400	 , 7600	 , 0	 , 2	 , 1.99773, 
400	 , 7600	 , 0	 , 2	 , 1.98021, 
400	 , 7600	 , 0	 , 2	 , 1.97165, 
400	 , 7600	 , 0	 , 2	 , 1.97342, 
400	 , 7600	 , 0	 , 2	 , 1.97914, 
400	 , 7600	 , 0	 , 2	 , 1.9964, 
400	 , 7600	 , 0	 , 2	 , 1.99464, 
400	 , 7600	 , 0	 , 2	 , 1.98564, 
400	 , 7600	 , 0	 , 2	 , 1.98482, 
400	 , 7600	 , 0	 , 2	 , 1.98407, 
400	 , 7600	 , 0	 , 2	 , 1.97075, 
400	 , 7600	 , 0	 , 2	 , 1.96728, 
400	 , 7600	 , 0	 , 2	 , 1.98344, 
400	 , 7600	 , 0	 , 2	 , 1.97922, 
400	 , 7600	 , 0	 , 2	 , 1.98499, 
400	 , 7600	 , 0	 , 2	 , 1.97562, 
400	 , 7600	 , 0	 , 2	 , 1.98947, 
400	 , 7600	 , 0	 , 2	 , 1.99796, 
400	 , 7600	 , 0	 , 2	 , 1.98607, 
400	 , 7600	 , 0	 , 2	 , 1.9924, 
400	 , 7600	 , 0	 , 2	 , 1.99174, 
400	 , 7600	 , 0	 , 2	 , 1.99693, 
400	 , 7600	 , 0	 , 2	 , 1.99838, 
400	 , 7600	 , 0	 , 2	 , 1.98738, 
400	 , 7600	 , 0	 , 2	 , 1.99336, 
400	 , 7600	 , 0	 , 2	 , 1.98611, 
400	 , 7600	 , 0	 , 2	 , 1.98715, 
400	 , 7600	 , 0	 , 2	 , 1.97299, 
400	 , 7600	 , 0	 , 2	 , 1.98979, 
400	 , 7600	 , 0	 , 2	 , 1.9801, 
400	 , 7600	 , 0	 , 2	 , 1.97736, 
400	 , 7600	 , 0	 , 2	 , 1.98585, 
400	 , 7600	 , 0	 , 2	 , 1.98141, 
400	 , 7600	 , 0	 , 2	 , 1.98608, 
400	 , 7600	 , 0	 , 2	 , 1.99725, 
400	 , 7600	 , 0	 , 2	 , 1.98695, 
400	 , 7600	 , 0	 , 2	 , 1.99043, 
400	 , 7600	 , 0	 , 2	 , 1.98883, 
400	 , 7600	 , 0	 , 2	 , 1.98607, 
400	 , 7600	 , 0	 , 2	 , 1.96886, 
400	 , 7600	 , 0	 , 2	 , 1.99405, 
400	 , 7600	 , 0	 , 2	 , 1.97189, 
400	 , 7600	 , 0	 , 2	 , 1.97357, 
400	 , 7600	 , 0	 , 2	 , 1.99521, 
400	 , 7600	 , 0	 , 2	 , 1.99805, 
400	 , 7600	 , 0	 , 2	 , 1.95967, 
400	 , 7600	 , 0	 , 2	 , 1.97288, 
400	 , 7600	 , 0	 , 2	 , 1.99065, 
400	 , 7600	 , 0	 , 2	 , 1.98222, 
400	 , 7600	 , 0	 , 2	 , 1.9964, 
400	 , 7600	 , 0	 , 2	 , 1.98428, 
400	 , 7600	 , 0	 , 2	 , 1.99408, 
400	 , 7600	 , 0	 , 2	 , 1.98463, 
400	 , 7600	 , 0	 , 2	 , 1.97801, 
400	 , 7600	 , 0	 , 2	 , 1.99799, 
400	 , 7600	 , 0	 , 2	 , 1.98927, 
400	 , 7600	 , 0	 , 2	 , 1.99464, 
400	 , 7600	 , 0	 , 2	 , 1.9771, 
400	 , 7600	 , 0	 , 2	 , 1.98828, 
400	 , 7600	 , 0	 , 2	 , 1.98654, 
400	 , 7600	 , 0	 , 2	 , 1.99144, 
400	 , 7600	 , 0	 , 2	 , 1.9594, 
400	 , 7600	 , 0	 , 2	 , 1.99069, 
400	 , 7600	 , 0	 , 2	 , 1.9861, 
400	 , 7600	 , 0	 , 2	 , 1.99661, 
400	 , 7600	 , 0	 , 2	 , 1.98875, 
400	 , 7600	 , 0	 , 2	 , 1.97426, 
400	 , 7600	 , 0	 , 2	 , 1.97801, 
400	 , 7600	 , 0	 , 2	 , 1.97453, 
400	 , 7600	 , 0	 , 2	 , 1.98941, 
400	 , 7600	 , 0	 , 2	 , 1.98077, 
400	 , 7600	 , 0	 , 2	 , 1.94409, 
400	 , 7600	 , 0	 , 2	 , 1.92311, 
400	 , 7600	 , 0	 , 2	 , 1.99207, 
400	 , 7600	 , 0	 , 2	 , 1.99582, 
400	 , 7600	 , 0	 , 2	 , 1.97629, 
400	 , 7600	 , 0	 , 2	 , 1.9769, 
400	 , 7600	 , 0	 , 2	 , 1.9946, 
400	 , 7600	 , 0	 , 2	 , 1.97819, 
400	 , 7600	 , 0	 , 2	 , 1.9955, 
400	 , 7600	 , 0	 , 2	 , 1.99322, 
400	 , 7600	 , 0	 , 2	 , 1.98853, 
400	 , 7600	 , 0	 , 2	 , 1.96934]