[
50	 , 52386	 , 14	 , 25	 , 150.0, 
50	 , 51920	 , 17	 , 24	 , 149.99999, 
50	 , 52142	 , 0	 , 25	 , 149.99999, 
50	 , 52448	 , 14	 , 25	 , 150.0, 
50	 , 52636	 , 14	 , 25	 , 150.0, 
50	 , 53192	 , 16	 , 24	 , 149.99999, 
50	 , 52316	 , 16	 , 24	 , 150.0, 
50	 , 51560	 , 15	 , 24	 , 150.0, 
50	 , 51552	 , 15	 , 25	 , 150.0, 
50	 , 52790	 , 15	 , 25	 , 149.99999, 
50	 , 52730	 , 14	 , 25	 , 149.99999, 
50	 , 52796	 , 18	 , 25	 , 149.99999, 
50	 , 52900	 , 5	 , 26	 , 150.0, 
50	 , 51870	 , 14	 , 25	 , 150.0, 
50	 , 52462	 , 13	 , 25	 , 150.0, 
50	 , 51352	 , 13	 , 24	 , 149.99999, 
50	 , 51782	 , 15	 , 25	 , 150.0, 
50	 , 51678	 , 17	 , 24	 , 150.0, 
50	 , 51606	 , 14	 , 25	 , 149.99999, 
50	 , 52436	 , 14	 , 25	 , 150.0, 
50	 , 53336	 , 7	 , 25	 , 150.0, 
50	 , 53834	 , 15	 , 25	 , 149.99999, 
50	 , 52982	 , 9	 , 25	 , 150.0, 
50	 , 52906	 , 16	 , 25	 , 150.0, 
50	 , 51352	 , 15	 , 24	 , 150.0, 
50	 , 52874	 , 17	 , 25	 , 149.99999, 
50	 , 51352	 , 6	 , 25	 , 150.0, 
50	 , 53004	 , 14	 , 25	 , 150.0, 
50	 , 52790	 , 8	 , 25	 , 150.0, 
50	 , 52752	 , 16	 , 25	 , 150.0, 
50	 , 53018	 , 11	 , 26	 , 150.0, 
50	 , 52288	 , 0	 , 25	 , 150.0, 
50	 , 52760	 , 20	 , 25	 , 150.0, 
50	 , 51952	 , 17	 , 25	 , 150.0, 
50	 , 52878	 , 10	 , 25	 , 149.99999, 
50	 , 51962	 , 15	 , 26	 , 150.0, 
50	 , 52330	 , 16	 , 25	 , 149.99999, 
50	 , 52568	 , 17	 , 25	 , 150.0, 
50	 , 51648	 , 6	 , 25	 , 150.0, 
50	 , 51614	 , 16	 , 25	 , 149.99999, 
50	 , 51698	 , 13	 , 25	 , 149.99999, 
50	 , 51496	 , 15	 , 25	 , 150.0, 
50	 , 52978	 , 0	 , 25	 , 150.0, 
50	 , 52744	 , 18	 , 25	 , 150.0, 
50	 , 52304	 , 19	 , 25	 , 150.0, 
50	 , 52140	 , 14	 , 25	 , 150.0, 
50	 , 52454	 , 18	 , 25	 , 149.99999, 
50	 , 52702	 , 0	 , 25	 , 150.0, 
50	 , 51938	 , 9	 , 25	 , 150.0, 
50	 , 51626	 , 12	 , 25	 , 150.0, 
50	 , 52928	 , 18	 , 25	 , 149.99999, 
50	 , 53358	 , 18	 , 26	 , 150.0, 
50	 , 53000	 , 18	 , 25	 , 149.99999, 
50	 , 53832	 , 14	 , 24	 , 149.99999, 
50	 , 53246	 , 18	 , 25	 , 150.0, 
50	 , 52414	 , 18	 , 25	 , 150.0, 
50	 , 51438	 , 18	 , 24	 , 149.99999, 
50	 , 51296	 , 15	 , 24	 , 150.0, 
50	 , 52702	 , 17	 , 25	 , 150.0, 
50	 , 53370	 , 16	 , 25	 , 149.99999, 
50	 , 52466	 , 13	 , 25	 , 150.0, 
50	 , 52352	 , 5	 , 25	 , 150.0, 
50	 , 51554	 , 13	 , 25	 , 150.0, 
50	 , 52784	 , 4	 , 25	 , 150.0, 
50	 , 52572	 , 15	 , 25	 , 149.99999, 
50	 , 52988	 , 17	 , 25	 , 150.0, 
50	 , 51678	 , 17	 , 24	 , 150.0, 
50	 , 52276	 , 18	 , 25	 , 149.99999, 
50	 , 52222	 , 14	 , 24	 , 150.0, 
50	 , 51826	 , 17	 , 24	 , 149.99999, 
50	 , 52564	 , 18	 , 25	 , 150.0, 
50	 , 51572	 , 15	 , 24	 , 149.99999, 
50	 , 53440	 , 15	 , 26	 , 149.99999, 
50	 , 52400	 , 17	 , 24	 , 149.99999, 
50	 , 52440	 , 16	 , 25	 , 149.99997, 
50	 , 52626	 , 8	 , 25	 , 150.0, 
50	 , 52374	 , 14	 , 25	 , 149.99998, 
50	 , 53190	 , 13	 , 25	 , 150.0, 
50	 , 53266	 , 15	 , 25	 , 149.99999, 
50	 , 53056	 , 18	 , 24	 , 150.0, 
50	 , 52030	 , 12	 , 25	 , 150.0, 
50	 , 52192	 , 17	 , 25	 , 150.0, 
50	 , 51896	 , 3	 , 24	 , 150.0, 
50	 , 53086	 , 16	 , 25	 , 150.0, 
50	 , 52644	 , 0	 , 25	 , 150.0, 
50	 , 52054	 , 18	 , 25	 , 150.0, 
50	 , 52026	 , 16	 , 25	 , 150.0, 
50	 , 52502	 , 16	 , 25	 , 150.0, 
50	 , 51418	 , 11	 , 24	 , 149.99999, 
50	 , 52142	 , 15	 , 25	 , 150.0, 
50	 , 52940	 , 17	 , 25	 , 150.0, 
50	 , 52062	 , 18	 , 25	 , 149.99999, 
50	 , 52134	 , 17	 , 25	 , 150.0, 
50	 , 51798	 , 3	 , 25	 , 150.0, 
50	 , 51336	 , 17	 , 24	 , 150.0, 
50	 , 51594	 , 16	 , 25	 , 150.0, 
50	 , 52180	 , 0	 , 25	 , 150.0, 
50	 , 53104	 , 15	 , 25	 , 149.99999, 
50	 , 52452	 , 17	 , 25	 , 150.0, 
50	 , 52204	 , 0	 , 25	 , 150.0, 
50	 , 52164	 , 13	 , 25	 , 149.99999, 
50	 , 51916	 , 11	 , 25	 , 150.0, 
50	 , 52692	 , 17	 , 25	 , 150.0, 
50	 , 52194	 , 15	 , 24	 , 149.99999, 
50	 , 53360	 , 15	 , 25	 , 150.0, 
50	 , 52380	 , 18	 , 25	 , 150.0, 
50	 , 52488	 , 15	 , 25	 , 150.0, 
50	 , 52802	 , 12	 , 25	 , 149.99999, 
50	 , 52378	 , 10	 , 25	 , 150.0, 
50	 , 51248	 , 18	 , 24	 , 149.99999, 
50	 , 52232	 , 10	 , 25	 , 150.0, 
50	 , 53274	 , 17	 , 25	 , 150.0, 
50	 , 51220	 , 11	 , 25	 , 149.99999, 
50	 , 51842	 , 15	 , 25	 , 150.0, 
50	 , 52800	 , 0	 , 25	 , 149.99999, 
50	 , 52790	 , 19	 , 26	 , 150.0, 
50	 , 53242	 , 2	 , 25	 , 150.0, 
50	 , 52354	 , 17	 , 25	 , 150.0, 
50	 , 53062	 , 9	 , 25	 , 150.0, 
50	 , 51648	 , 16	 , 24	 , 150.0, 
50	 , 51522	 , 4	 , 24	 , 149.99999, 
50	 , 52780	 , 18	 , 24	 , 149.99999, 
50	 , 52568	 , 5	 , 25	 , 150.0, 
50	 , 51988	 , 17	 , 25	 , 150.0, 
50	 , 52482	 , 15	 , 25	 , 149.99999, 
50	 , 53418	 , 11	 , 25	 , 150.0, 
50	 , 53186	 , 16	 , 25	 , 149.99998, 
50	 , 51298	 , 9	 , 25	 , 150.0, 
50	 , 52954	 , 14	 , 25	 , 149.99999, 
50	 , 53416	 , 18	 , 25	 , -12.50191, 
50	 , 52052	 , 14	 , 25	 , 150.0, 
50	 , 52830	 , 4	 , 25	 , 150.0, 
50	 , 52828	 , 15	 , 25	 , 150.0, 
50	 , 52656	 , 17	 , 25	 , 149.99999, 
50	 , 51992	 , 13	 , 24	 , 149.99999, 
50	 , 52658	 , 0	 , 25	 , 150.0, 
50	 , 52492	 , 15	 , 25	 , 150.0, 
50	 , 51942	 , 15	 , 25	 , 149.99999, 
50	 , 51658	 , 18	 , 25	 , 149.99999, 
50	 , 52848	 , 17	 , 25	 , 149.99999, 
50	 , 51928	 , 16	 , 25	 , 150.0, 
50	 , 51912	 , 16	 , 25	 , 150.0, 
50	 , 51984	 , 16	 , 25	 , 150.0, 
50	 , 52400	 , 16	 , 25	 , 149.99999, 
50	 , 52368	 , 13	 , 25	 , 149.99999, 
50	 , 51870	 , 13	 , 25	 , 150.0, 
50	 , 52606	 , 3	 , 25	 , 150.0, 
50	 , 51996	 , 3	 , 24	 , 150.0, 
50	 , 52650	 , 16	 , 25	 , 149.99999, 
50	 , 53016	 , 14	 , 25	 , 149.99999, 
50	 , 51902	 , 0	 , 25	 , 150.0, 
50	 , 51270	 , 16	 , 25	 , 149.99999, 
50	 , 52226	 , 13	 , 25	 , 150.0, 
50	 , 52856	 , 18	 , 25	 , 149.99999, 
50	 , 52570	 , 15	 , 25	 , 149.99999, 
50	 , 51376	 , 12	 , 25	 , 150.0, 
50	 , 52860	 , 15	 , 25	 , 149.99999, 
50	 , 53050	 , 14	 , 25	 , 149.99999, 
50	 , 51562	 , 15	 , 25	 , 150.0, 
50	 , 53312	 , 4	 , 25	 , 150.0, 
50	 , 52664	 , 10	 , 25	 , 150.0, 
50	 , 51698	 , 18	 , 24	 , 150.0, 
50	 , 52842	 , 7	 , 25	 , 150.0, 
50	 , 51564	 , 13	 , 24	 , 150.0, 
50	 , 52312	 , 4	 , 25	 , 149.99999, 
50	 , 53040	 , 19	 , 25	 , 150.0, 
50	 , 52952	 , 14	 , 26	 , 150.0, 
50	 , 51670	 , 16	 , 24	 , 150.0, 
50	 , 52814	 , 13	 , 26	 , 149.99999, 
50	 , 52416	 , 2	 , 25	 , 150.0, 
50	 , 52144	 , 17	 , 24	 , 150.0, 
50	 , 52224	 , 18	 , 24	 , -12.50191, 
50	 , 51434	 , 16	 , 25	 , 150.0, 
50	 , 53052	 , 15	 , 24	 , 150.0, 
50	 , 52584	 , 7	 , 25	 , 150.0, 
50	 , 52346	 , 4	 , 25	 , 150.0, 
50	 , 51578	 , 17	 , 25	 , 150.0, 
50	 , 52100	 , 15	 , 25	 , 150.0, 
50	 , 51972	 , 15	 , 24	 , 149.99999, 
50	 , 52862	 , 11	 , 25	 , 149.99999, 
50	 , 53382	 , 18	 , 25	 , 149.99999, 
50	 , 53214	 , 17	 , 25	 , 150.0, 
50	 , 52710	 , 15	 , 25	 , 149.99999, 
50	 , 53092	 , 18	 , 25	 , 150.0, 
50	 , 53646	 , 14	 , 26	 , 149.99999, 
50	 , 51908	 , 16	 , 25	 , 149.99999, 
50	 , 52018	 , 16	 , 25	 , 149.99999, 
50	 , 52152	 , 13	 , 25	 , 149.99999, 
50	 , 51244	 , 20	 , 25	 , 150.0, 
50	 , 52518	 , 13	 , 25	 , 149.99999, 
50	 , 52762	 , 6	 , 25	 , 149.99999, 
50	 , 52412	 , 0	 , 24	 , 150.0, 
50	 , 51686	 , 18	 , 24	 , 150.0, 
50	 , 52496	 , 17	 , 25	 , 150.0, 
50	 , 52846	 , 15	 , 25	 , 150.0, 
50	 , 51814	 , 18	 , 24	 , 149.99997, 
50	 , 51246	 , 16	 , 24	 , 150.0, 
50	 , 51744	 , 14	 , 25	 , 149.99999, 
50	 , 52418	 , 11	 , 25	 , 150.0, 
50	 , 51836	 , 17	 , 25	 , 149.99999, 
50	 , 53250	 , 17	 , 25	 , 149.99999, 
50	 , 51874	 , 11	 , 25	 , 150.0, 
50	 , 52496	 , 18	 , 25	 , 149.99999, 
50	 , 52686	 , 10	 , 25	 , -12.50191, 
50	 , 52972	 , 0	 , 25	 , 150.0, 
50	 , 51972	 , 13	 , 25	 , 150.0, 
50	 , 52648	 , 15	 , 25	 , 150.0, 
50	 , 51970	 , 14	 , 25	 , 150.0, 
50	 , 52428	 , 19	 , 25	 , 150.0, 
50	 , 53014	 , 4	 , 25	 , 150.0, 
50	 , 51338	 , 17	 , 24	 , 149.99999, 
50	 , 53572	 , 7	 , 26	 , 149.99999, 
50	 , 51806	 , 8	 , 25	 , 150.0, 
50	 , 51500	 , 17	 , 24	 , 150.0, 
50	 , 53088	 , 14	 , 25	 , 149.99999, 
50	 , 52848	 , 16	 , 25	 , 149.99999, 
50	 , 52968	 , 0	 , 25	 , 150.0, 
50	 , 52176	 , 18	 , 25	 , 150.0, 
50	 , 52290	 , 15	 , 25	 , 150.0, 
50	 , 53036	 , 0	 , 25	 , 150.0, 
50	 , 51370	 , 15	 , 25	 , 149.99999, 
50	 , 53458	 , 18	 , 24	 , 149.99999, 
50	 , 52174	 , 18	 , 25	 , 149.99999, 
50	 , 52322	 , 10	 , 25	 , 150.0, 
50	 , 51636	 , 15	 , 25	 , 149.99998, 
50	 , 52324	 , 20	 , 25	 , 150.0, 
50	 , 52552	 , 15	 , 26	 , 150.0, 
50	 , 51914	 , 8	 , 24	 , 149.99998, 
50	 , 53250	 , 10	 , 26	 , 150.0, 
50	 , 52626	 , 12	 , 25	 , 150.0, 
50	 , 52794	 , 18	 , 25	 , 150.0, 
50	 , 51960	 , 15	 , 25	 , 149.99999, 
50	 , 52554	 , 7	 , 25	 , 150.0, 
50	 , 52048	 , 21	 , 25	 , 150.0, 
50	 , 52382	 , 12	 , 25	 , 149.99997, 
50	 , 53428	 , 15	 , 26	 , 149.99998, 
50	 , 52264	 , 13	 , 25	 , 149.99999, 
50	 , 52558	 , 18	 , 25	 , 149.99999, 
50	 , 53328	 , 19	 , 25	 , 150.0, 
50	 , 51832	 , 3	 , 25	 , 150.0, 
50	 , 52930	 , 5	 , 26	 , 150.0, 
50	 , 53248	 , 12	 , 25	 , 149.99999, 
50	 , 51354	 , 18	 , 24	 , 149.99999, 
50	 , 52784	 , 10	 , 26	 , 150.0, 
50	 , 51508	 , 16	 , 24	 , 149.99999, 
50	 , 52518	 , 16	 , 24	 , 150.0, 
50	 , 52474	 , 16	 , 25	 , 149.99999, 
50	 , 51936	 , 18	 , 25	 , 149.99999, 
50	 , 51714	 , 15	 , 25	 , 149.99999, 
50	 , 53176	 , 16	 , 25	 , 149.99999, 
100	 , 53556	 , 9	 , 13	 , 150.0, 
100	 , 51870	 , 6	 , 13	 , 149.99999, 
100	 , 53554	 , 8	 , 13	 , 150.0, 
100	 , 52492	 , 7	 , 13	 , 149.99999, 
100	 , 53074	 , 8	 , 13	 , 149.99999, 
100	 , 52290	 , 7	 , 13	 , 149.99998, 
100	 , 52630	 , 8	 , 13	 , 150.0, 
100	 , 52728	 , 6	 , 13	 , 150.0, 
100	 , 52006	 , 5	 , 13	 , 150.0, 
100	 , 51362	 , 3	 , 13	 , 149.99998, 
100	 , 54908	 , 8	 , 14	 , 150.0, 
100	 , 53230	 , 6	 , 13	 , 150.0, 
100	 , 55476	 , 3	 , 14	 , 150.0, 
100	 , 52458	 , 6	 , 13	 , 149.99999, 
100	 , 51938	 , 7	 , 13	 , 150.0, 
100	 , 52686	 , 8	 , 13	 , 149.99999, 
100	 , 54526	 , 6	 , 14	 , 149.99999, 
100	 , 52310	 , 7	 , 13	 , 149.99999, 
100	 , 55404	 , 7	 , 14	 , 150.0, 
100	 , 52094	 , 7	 , 13	 , 150.0, 
100	 , 54312	 , 7	 , 13	 , 150.0, 
100	 , 51840	 , 7	 , 13	 , 150.0, 
100	 , 53154	 , 7	 , 13	 , 150.0, 
100	 , 52870	 , 6	 , 13	 , 150.0, 
100	 , 55368	 , 8	 , 14	 , 150.0, 
100	 , 51772	 , 5	 , 13	 , 149.99999, 
100	 , 55574	 , 8	 , 14	 , 149.99998, 
100	 , 52490	 , 8	 , 13	 , 149.99999, 
100	 , 52506	 , 4	 , 13	 , 149.99999, 
100	 , 54904	 , 5	 , 14	 , 149.99999, 
100	 , 55324	 , 8	 , 14	 , 150.0, 
100	 , 51722	 , 5	 , 13	 , 150.0, 
100	 , 52848	 , 8	 , 13	 , 149.99999, 
100	 , 55040	 , 4	 , 14	 , 150.0, 
100	 , 52418	 , 8	 , 13	 , 149.99999, 
100	 , 53062	 , 7	 , 13	 , 149.99999, 
100	 , 51778	 , 6	 , 13	 , 150.0, 
100	 , 51878	 , 6	 , 13	 , 149.99999, 
100	 , 52164	 , 4	 , 13	 , 150.0, 
100	 , 51334	 , 7	 , 13	 , 150.0, 
100	 , 53132	 , 8	 , 13	 , 150.0, 
100	 , 53788	 , 7	 , 13	 , 149.99996, 
100	 , 52816	 , 5	 , 13	 , 150.0, 
100	 , 52482	 , 6	 , 13	 , 149.99999, 
100	 , 51448	 , 7	 , 13	 , 150.0, 
100	 , 51838	 , 0	 , 13	 , 150.0, 
100	 , 51832	 , 0	 , 13	 , 150.0, 
100	 , 51434	 , 5	 , 13	 , 149.99999, 
100	 , 51886	 , 7	 , 13	 , 149.99999, 
100	 , 55610	 , 3	 , 14	 , 150.0, 
100	 , 52156	 , 6	 , 13	 , 149.99999, 
100	 , 53322	 , 8	 , 13	 , 149.99999, 
100	 , 52860	 , 7	 , 13	 , 150.0, 
100	 , 53754	 , 7	 , 13	 , 150.0, 
100	 , 51956	 , 6	 , 13	 , 150.0, 
100	 , 51986	 , 4	 , 13	 , 149.99999, 
100	 , 52436	 , 7	 , 13	 , 149.99996, 
100	 , 51908	 , 7	 , 13	 , 150.0, 
100	 , 55616	 , 3	 , 14	 , 149.99999, 
100	 , 54478	 , 8	 , 14	 , 150.0, 
100	 , 51414	 , 4	 , 13	 , 150.0, 
100	 , 51764	 , 7	 , 13	 , 149.99999, 
100	 , 55074	 , 5	 , 14	 , 150.0, 
100	 , 52616	 , 7	 , 13	 , 149.99999, 
100	 , 52916	 , 8	 , 13	 , 150.0, 
100	 , 52348	 , 9	 , 13	 , 149.99999, 
100	 , 52344	 , 7	 , 13	 , 149.99999, 
100	 , 52000	 , 6	 , 13	 , 149.99999, 
100	 , 51576	 , 7	 , 13	 , 149.99999, 
100	 , 51756	 , 6	 , 14	 , 150.0, 
100	 , 52924	 , 8	 , 13	 , 150.0, 
100	 , 52050	 , 5	 , 13	 , 149.99999, 
100	 , 51620	 , 7	 , 13	 , 150.0, 
100	 , 51784	 , 8	 , 13	 , 149.99999, 
100	 , 52102	 , 7	 , 13	 , 149.99999, 
100	 , 51998	 , 4	 , 13	 , 149.99999, 
100	 , 52174	 , 0	 , 13	 , 150.0, 
100	 , 51398	 , 5	 , 13	 , 149.99999, 
100	 , 51776	 , 7	 , 13	 , 150.0, 
100	 , 52606	 , 7	 , 13	 , 149.99999, 
100	 , 52832	 , 6	 , 13	 , 150.0, 
100	 , 52476	 , 4	 , 13	 , 150.0, 
100	 , 52646	 , 6	 , 13	 , 150.0, 
100	 , 52028	 , 5	 , 13	 , 150.0, 
100	 , 52124	 , 5	 , 13	 , 149.99999, 
100	 , 51340	 , 6	 , 13	 , 149.99999, 
100	 , 51880	 , 4	 , 13	 , 149.99999, 
100	 , 55330	 , 4	 , 14	 , 150.0, 
100	 , 52060	 , 7	 , 13	 , 150.0, 
100	 , 52000	 , 4	 , 13	 , 150.0, 
100	 , 51426	 , 7	 , 13	 , 150.0, 
100	 , 52420	 , 8	 , 13	 , 149.99999, 
100	 , 55664	 , 7	 , 14	 , 149.99999, 
100	 , 52584	 , 6	 , 13	 , 150.0, 
100	 , 53672	 , 7	 , 13	 , 150.0, 
100	 , 51746	 , 6	 , 13	 , 150.0, 
100	 , 52120	 , 6	 , 13	 , 149.99999, 
100	 , 52544	 , 8	 , 13	 , 149.99999, 
100	 , 52614	 , 7	 , 13	 , 150.0, 
100	 , 51746	 , 5	 , 13	 , 150.0, 
100	 , 51650	 , 6	 , 13	 , 150.0, 
100	 , 52924	 , 8	 , 13	 , 149.99999, 
100	 , 51726	 , 7	 , 13	 , 149.99999, 
100	 , 52798	 , 7	 , 13	 , 150.0, 
100	 , 52134	 , 7	 , 13	 , 150.0, 
100	 , 52432	 , 6	 , 13	 , 150.0, 
100	 , 52012	 , 6	 , 13	 , 150.0, 
100	 , 51788	 , 5	 , 13	 , 150.0, 
100	 , 51730	 , 6	 , 13	 , 149.99999, 
100	 , 51830	 , 7	 , 13	 , 150.0, 
100	 , 52302	 , 6	 , 13	 , 149.99999, 
100	 , 53252	 , 7	 , 13	 , 149.99999, 
100	 , 51354	 , 1	 , 13	 , 150.0, 
100	 , 51892	 , 8	 , 13	 , 149.99999, 
100	 , 55864	 , 6	 , 14	 , 150.0, 
100	 , 52370	 , 7	 , 13	 , 150.0, 
100	 , 52140	 , 6	 , 13	 , 150.0, 
100	 , 51688	 , 7	 , 13	 , 149.99999, 
100	 , 53988	 , 8	 , 13	 , 150.0, 
100	 , 53076	 , 7	 , 13	 , 149.99999, 
100	 , 52612	 , 4	 , 13	 , 149.99999, 
100	 , 53818	 , 7	 , 13	 , 149.99999, 
100	 , 52926	 , 8	 , 13	 , 149.99999, 
100	 , 55720	 , 8	 , 14	 , 149.99999, 
100	 , 51660	 , 4	 , 13	 , 150.0, 
100	 , 53310	 , 8	 , 13	 , 149.99999, 
100	 , 52524	 , 7	 , 13	 , 150.0, 
100	 , 51672	 , 4	 , 13	 , 150.0, 
100	 , 52804	 , 6	 , 13	 , 149.99999, 
100	 , 51826	 , 6	 , 13	 , 149.99999, 
100	 , 52046	 , 7	 , 13	 , 150.0, 
100	 , 52172	 , 8	 , 13	 , 150.0, 
100	 , 55670	 , 5	 , 14	 , 150.0, 
100	 , 52512	 , 8	 , 13	 , 149.99999, 
100	 , 53260	 , 7	 , 13	 , 150.0, 
100	 , 51454	 , 4	 , 13	 , 150.0, 
100	 , 53170	 , 7	 , 13	 , 149.99999, 
100	 , 52110	 , 4	 , 13	 , 149.99999, 
100	 , 51634	 , 7	 , 13	 , 149.99999, 
100	 , 52504	 , 7	 , 13	 , 149.99999, 
100	 , 52210	 , 8	 , 13	 , 150.0, 
100	 , 55022	 , 3	 , 14	 , 149.99999, 
100	 , 52252	 , 6	 , 13	 , 149.99999, 
100	 , 52234	 , 7	 , 13	 , 150.0, 
100	 , 52240	 , 4	 , 13	 , 150.0, 
100	 , 52922	 , 7	 , 13	 , 150.0, 
100	 , 52130	 , 7	 , 13	 , 150.0, 
100	 , 51552	 , 6	 , 13	 , 149.99995, 
100	 , 52476	 , 5	 , 13	 , 150.0, 
100	 , 52362	 , 9	 , 13	 , 149.99999, 
100	 , 52102	 , 9	 , 13	 , 150.0, 
100	 , 53206	 , 8	 , 13	 , 150.0, 
100	 , 51494	 , 7	 , 13	 , 150.0, 
100	 , 52358	 , 2	 , 13	 , 150.0, 
100	 , 54890	 , 7	 , 14	 , 149.99999, 
100	 , 55596	 , 1	 , 14	 , 150.0, 
100	 , 51260	 , 6	 , 13	 , 149.99999, 
100	 , 52498	 , 8	 , 13	 , 149.99999, 
100	 , 52334	 , 0	 , 13	 , 149.99998, 
100	 , 51638	 , 1	 , 13	 , 150.0, 
100	 , 51450	 , 7	 , 13	 , 150.0, 
100	 , 52734	 , 8	 , 13	 , 150.0, 
100	 , 52230	 , 6	 , 13	 , 150.0, 
100	 , 52212	 , 5	 , 13	 , 149.99998, 
100	 , 51290	 , 7	 , 13	 , 150.0, 
100	 , 51994	 , 7	 , 13	 , 149.99999, 
100	 , 52492	 , 6	 , 13	 , 150.0, 
100	 , 52516	 , 4	 , 13	 , 150.0, 
100	 , 54618	 , 6	 , 14	 , 150.0, 
100	 , 51776	 , 7	 , 13	 , 149.99999, 
100	 , 51552	 , 4	 , 13	 , 150.0, 
100	 , 52612	 , 7	 , 13	 , 149.99999, 
100	 , 51688	 , 7	 , 13	 , 149.99995, 
100	 , 55214	 , 8	 , 13	 , 149.99999, 
100	 , 51778	 , 5	 , 13	 , 149.99999, 
100	 , 51916	 , 0	 , 13	 , 150.0, 
100	 , 51766	 , 8	 , 13	 , 150.0, 
100	 , 53334	 , 7	 , 13	 , 150.0, 
100	 , 52550	 , 6	 , 13	 , 150.0, 
100	 , 52942	 , 7	 , 13	 , 150.0, 
100	 , 52660	 , 6	 , 13	 , 150.0, 
100	 , 52670	 , 8	 , 13	 , 150.0, 
100	 , 51900	 , 4	 , 13	 , 149.99999, 
100	 , 54628	 , 8	 , 13	 , 150.0, 
100	 , 52284	 , 2	 , 13	 , 149.99999, 
100	 , 55636	 , 4	 , 14	 , 149.99999, 
100	 , 51404	 , 5	 , 13	 , 150.0, 
100	 , 51980	 , 6	 , 13	 , 149.99999, 
100	 , 52708	 , 0	 , 13	 , 150.0, 
100	 , 51590	 , 7	 , 13	 , 149.99999, 
100	 , 52740	 , 6	 , 13	 , 149.99999, 
100	 , 52032	 , 7	 , 13	 , 150.0, 
100	 , 55568	 , 6	 , 14	 , 149.99999, 
100	 , 55688	 , 8	 , 14	 , 149.99999, 
100	 , 52760	 , 8	 , 13	 , 149.99999, 
100	 , 55064	 , 10	 , 14	 , 150.0, 
100	 , 52528	 , 6	 , 13	 , 149.99999, 
100	 , 52068	 , 6	 , 13	 , 149.99999, 
100	 , 53202	 , 8	 , 13	 , 149.99999, 
100	 , 52614	 , 7	 , 13	 , 150.0, 
100	 , 53162	 , 7	 , 13	 , 150.0, 
100	 , 52024	 , 3	 , 13	 , 149.99998, 
100	 , 52730	 , 7	 , 13	 , 149.99999, 
100	 , 52068	 , 7	 , 13	 , 149.99999, 
100	 , 51376	 , 6	 , 13	 , 150.0, 
100	 , 52558	 , 9	 , 13	 , 149.99999, 
100	 , 51686	 , 6	 , 13	 , 150.0, 
100	 , 51522	 , 7	 , 13	 , 150.0, 
100	 , 52112	 , 8	 , 13	 , 150.0, 
100	 , 51526	 , 7	 , 13	 , 150.0, 
100	 , 53012	 , 8	 , 13	 , 149.99999, 
100	 , 51928	 , 8	 , 13	 , 149.99999, 
100	 , 55282	 , 8	 , 14	 , 150.0, 
100	 , 52738	 , 7	 , 13	 , 149.99999, 
100	 , 51586	 , 6	 , 13	 , 150.0, 
100	 , 52006	 , 7	 , 13	 , 149.99999, 
100	 , 52228	 , 5	 , 13	 , 150.0, 
100	 , 53306	 , 7	 , 13	 , 150.0, 
100	 , 53048	 , 7	 , 13	 , 150.0, 
100	 , 52104	 , 7	 , 13	 , 149.99999, 
100	 , 52766	 , 7	 , 13	 , 149.99999, 
100	 , 51674	 , 2	 , 13	 , 150.0, 
100	 , 51378	 , 7	 , 13	 , 150.0, 
100	 , 52194	 , 8	 , 13	 , 150.0, 
100	 , 55434	 , 7	 , 14	 , 150.0, 
100	 , 55578	 , 6	 , 14	 , 150.0, 
100	 , 51830	 , 7	 , 13	 , 149.99999, 
100	 , 51594	 , 7	 , 13	 , 149.99999, 
100	 , 53806	 , 8	 , 13	 , 150.0, 
100	 , 52838	 , 7	 , 13	 , 149.99999, 
100	 , 51934	 , 4	 , 13	 , 149.99999, 
100	 , 51890	 , 5	 , 13	 , 150.0, 
100	 , 55344	 , 2	 , 14	 , 149.99999, 
100	 , 51546	 , 8	 , 13	 , 150.0, 
100	 , 52296	 , 7	 , 13	 , 150.0, 
100	 , 52594	 , 7	 , 13	 , 149.99999, 
100	 , 52198	 , 2	 , 13	 , 150.0, 
100	 , 52934	 , 8	 , 13	 , 149.99999, 
100	 , 52066	 , 7	 , 13	 , 149.99999, 
100	 , 52832	 , 3	 , 13	 , 149.99999, 
100	 , 51244	 , 7	 , 13	 , 150.0, 
100	 , 51926	 , 5	 , 13	 , 149.99999, 
100	 , 55140	 , 7	 , 13	 , 150.0, 
100	 , 51802	 , 6	 , 13	 , 149.99999, 
100	 , 52836	 , 7	 , 13	 , 149.99999, 
100	 , 53758	 , 7	 , 13	 , 150.0, 
100	 , 53304	 , 8	 , 13	 , 149.99999, 
100	 , 52594	 , 4	 , 13	 , 150.0, 
100	 , 52134	 , 2	 , 13	 , 150.0, 
100	 , 51674	 , 6	 , 13	 , 149.99999, 
150	 , 57750	 , 4	 , 10	 , 149.99999, 
150	 , 51386	 , 4	 , 9	 , 149.99999, 
150	 , 51750	 , 3	 , 9	 , 149.99999, 
150	 , 57450	 , 4	 , 10	 , 150.0, 
150	 , 56864	 , 4	 , 10	 , 150.0, 
150	 , 51874	 , 4	 , 9	 , 149.99999, 
150	 , 51600	 , 1	 , 9	 , 149.99999, 
150	 , 51326	 , 1	 , 9	 , 150.0, 
150	 , 51666	 , 4	 , 9	 , 150.0, 
150	 , 57786	 , 3	 , 10	 , 150.0, 
150	 , 57452	 , 3	 , 10	 , 149.99999, 
150	 , 52104	 , 3	 , 9	 , 149.99999, 
150	 , 56348	 , 2	 , 10	 , 150.0, 
150	 , 52038	 , 3	 , 9	 , 149.99999, 
150	 , 57412	 , 5	 , 10	 , 150.0, 
150	 , 51412	 , 2	 , 9	 , 149.99998, 
150	 , 51734	 , 3	 , 9	 , 150.0, 
150	 , 51462	 , 3	 , 9	 , 149.99999, 
150	 , 51458	 , 1	 , 9	 , 149.99999, 
150	 , 52508	 , 1	 , 10	 , 150.0, 
150	 , 51236	 , 3	 , 9	 , 150.0, 
150	 , 51972	 , 4	 , 9	 , 149.99999, 
150	 , 57956	 , 4	 , 10	 , 149.99999, 
150	 , 51578	 , 4	 , 9	 , 150.0, 
150	 , 51412	 , 4	 , 9	 , 149.99998, 
150	 , 57742	 , 0	 , 10	 , 149.99999, 
150	 , 57774	 , 4	 , 10	 , 150.0, 
150	 , 51314	 , 2	 , 9	 , 149.99996, 
150	 , 52126	 , 3	 , 9	 , 150.0, 
150	 , 57678	 , 5	 , 10	 , 149.99999, 
150	 , 57588	 , 5	 , 10	 , 149.99999, 
150	 , 54400	 , 2	 , 10	 , 150.0, 
150	 , 51738	 , 4	 , 9	 , 149.99999, 
150	 , 57230	 , 5	 , 10	 , 150.0, 
150	 , 51594	 , 1	 , 9	 , 150.0, 
150	 , 51558	 , 4	 , 9	 , 150.0, 
150	 , 51420	 , 3	 , 9	 , 150.0, 
150	 , 57822	 , 5	 , 10	 , 149.99999, 
150	 , 57858	 , 4	 , 10	 , 149.99999, 
150	 , 51440	 , 2	 , 9	 , 150.0, 
150	 , 52508	 , 4	 , 9	 , 149.99999, 
150	 , 51324	 , 0	 , 9	 , 150.0, 
150	 , 57938	 , 4	 , 10	 , 150.0, 
150	 , 54852	 , 4	 , 10	 , 150.0, 
150	 , 51372	 , 1	 , 9	 , 150.0, 
150	 , 51304	 , 2	 , 9	 , 149.99999, 
150	 , 57284	 , 2	 , 10	 , 150.0, 
150	 , 51560	 , 3	 , 9	 , 150.0, 
150	 , 57638	 , 3	 , 10	 , 150.0, 
150	 , 57300	 , 4	 , 10	 , 149.99999, 
150	 , 57716	 , 3	 , 10	 , 149.99999, 
150	 , 57650	 , 5	 , 10	 , 150.0, 
150	 , 57308	 , 4	 , 10	 , 149.99999, 
150	 , 57810	 , 4	 , 10	 , 149.99999, 
150	 , 57326	 , 4	 , 10	 , 150.0, 
150	 , 51584	 , 3	 , 9	 , 149.99999, 
150	 , 57726	 , 4	 , 10	 , 149.99999, 
150	 , 51536	 , 4	 , 9	 , 149.99999, 
150	 , 57900	 , 2	 , 10	 , 150.0, 
150	 , 57608	 , 5	 , 10	 , 149.99999, 
150	 , 57092	 , 3	 , 10	 , 150.0, 
150	 , 51772	 , 4	 , 9	 , 150.0, 
150	 , 51388	 , 3	 , 9	 , 150.0, 
150	 , 56998	 , 4	 , 10	 , 150.0, 
150	 , 52026	 , 5	 , 9	 , 149.99999, 
150	 , 51712	 , 3	 , 9	 , 150.0, 
150	 , 51366	 , 4	 , 9	 , 150.0, 
150	 , 51892	 , 4	 , 9	 , 149.99999, 
150	 , 51484	 , 3	 , 9	 , 149.99999, 
150	 , 52180	 , 2	 , 9	 , 150.0, 
150	 , 51452	 , 3	 , 9	 , 149.99999, 
150	 , 57334	 , 5	 , 10	 , 150.0, 
150	 , 57460	 , 5	 , 10	 , 150.0, 
150	 , 56166	 , 4	 , 10	 , 150.0, 
150	 , 51496	 , 4	 , 9	 , 149.99999, 
150	 , 57626	 , 4	 , 10	 , 149.99999, 
150	 , 56390	 , 3	 , 10	 , 150.0, 
150	 , 56600	 , 3	 , 10	 , 150.0, 
150	 , 57170	 , 3	 , 10	 , 149.99999, 
150	 , 57078	 , 4	 , 10	 , 149.99999, 
150	 , 51306	 , 5	 , 9	 , 149.99999, 
150	 , 58132	 , 4	 , 10	 , 149.99999, 
150	 , 52252	 , 3	 , 9	 , 150.0, 
150	 , 57570	 , 4	 , 10	 , 150.0, 
150	 , 57432	 , 4	 , 10	 , 150.0, 
150	 , 57472	 , 5	 , 10	 , 150.0, 
150	 , 57564	 , 5	 , 10	 , 150.0, 
150	 , 51530	 , 1	 , 9	 , 149.99999, 
150	 , 57820	 , 2	 , 10	 , 150.0, 
150	 , 57536	 , 4	 , 10	 , 150.0, 
150	 , 57412	 , 4	 , 10	 , 149.99999, 
150	 , 57870	 , 4	 , 10	 , 149.99998, 
150	 , 51276	 , 4	 , 9	 , 150.0, 
150	 , 57590	 , 2	 , 10	 , 150.0, 
150	 , 51600	 , 2	 , 9	 , 149.99999, 
150	 , 51760	 , 3	 , 9	 , 149.99998, 
150	 , 51334	 , 3	 , 9	 , 150.0, 
150	 , 52106	 , 2	 , 9	 , 150.0, 
150	 , 57786	 , 4	 , 10	 , 150.0, 
150	 , 52134	 , 3	 , 9	 , 149.99999, 
150	 , 51828	 , 3	 , 9	 , 149.99999, 
150	 , 57804	 , 4	 , 10	 , 150.0, 
150	 , 52138	 , 5	 , 9	 , 150.0, 
150	 , 51938	 , 4	 , 9	 , 150.0, 
150	 , 51522	 , 2	 , 9	 , 150.0, 
150	 , 57408	 , 5	 , 10	 , 149.99999, 
150	 , 51756	 , 4	 , 9	 , 150.0, 
150	 , 57868	 , 3	 , 10	 , 150.0, 
150	 , 51246	 , 4	 , 9	 , 149.99999, 
150	 , 51400	 , 4	 , 9	 , 149.99999, 
150	 , 51446	 , 3	 , 9	 , 149.99999, 
150	 , 51266	 , 3	 , 9	 , 149.99999, 
150	 , 57640	 , 4	 , 10	 , 150.0, 
150	 , 52246	 , 4	 , 9	 , 149.99999, 
150	 , 57240	 , 5	 , 10	 , 149.99999, 
150	 , 52168	 , 5	 , 9	 , 150.0, 
150	 , 51688	 , 4	 , 9	 , 150.0, 
150	 , 57322	 , 3	 , 10	 , 149.99999, 
150	 , 52670	 , 5	 , 9	 , 149.99999, 
150	 , 51350	 , 3	 , 9	 , 150.0, 
150	 , 51298	 , 3	 , 9	 , 149.99999, 
150	 , 51802	 , 1	 , 9	 , 149.99999, 
150	 , 57806	 , 4	 , 10	 , 149.99999, 
150	 , 57604	 , 3	 , 10	 , 150.0, 
150	 , 57524	 , 3	 , 10	 , 150.0, 
150	 , 57314	 , 5	 , 10	 , 150.0, 
150	 , 51674	 , 3	 , 9	 , 149.99999, 
150	 , 56868	 , 4	 , 10	 , 150.0, 
150	 , 57974	 , 5	 , 10	 , 150.0, 
150	 , 57814	 , 4	 , 10	 , 149.99999, 
150	 , 52112	 , 1	 , 9	 , 150.0, 
150	 , 56692	 , 5	 , 10	 , 150.0, 
150	 , 57798	 , 5	 , 10	 , 150.0, 
150	 , 51858	 , 4	 , 9	 , 149.99999, 
150	 , 57818	 , 5	 , 10	 , 150.0, 
150	 , 57732	 , 4	 , 10	 , 150.0, 
150	 , 57664	 , 4	 , 10	 , 149.99999, 
150	 , 51654	 , 2	 , 9	 , 150.0, 
150	 , 57674	 , 3	 , 10	 , 149.99999, 
150	 , 51790	 , 2	 , 9	 , 149.99999, 
150	 , 51732	 , 4	 , 9	 , 150.0, 
150	 , 57168	 , 4	 , 10	 , 150.0, 
150	 , 57656	 , 5	 , 10	 , 150.0, 
150	 , 57494	 , 4	 , 10	 , 150.0, 
150	 , 58002	 , 5	 , 10	 , 150.0, 
150	 , 51594	 , 4	 , 9	 , 149.99998, 
150	 , 57400	 , 4	 , 10	 , 149.99999, 
150	 , 52294	 , 4	 , 9	 , 149.99999, 
150	 , 56694	 , 3	 , 10	 , 150.0, 
150	 , 57310	 , 4	 , 10	 , 150.0, 
150	 , 51460	 , 1	 , 9	 , 149.99999, 
150	 , 51598	 , 3	 , 9	 , 149.99999, 
150	 , 51800	 , 5	 , 9	 , 149.99999, 
150	 , 51252	 , 3	 , 9	 , 149.99999, 
150	 , 57700	 , 4	 , 10	 , 149.99999, 
150	 , 57674	 , 3	 , 10	 , 150.0, 
150	 , 56114	 , 2	 , 10	 , 150.0, 
150	 , 57170	 , 0	 , 10	 , 149.99999, 
150	 , 57378	 , 1	 , 10	 , 150.0, 
150	 , 51232	 , 5	 , 9	 , 150.0, 
150	 , 57662	 , 3	 , 10	 , 150.0, 
150	 , 57774	 , 3	 , 10	 , 150.0, 
150	 , 56688	 , 4	 , 10	 , 150.0, 
150	 , 51508	 , 3	 , 9	 , 149.99999, 
150	 , 57232	 , 4	 , 10	 , 150.0, 
150	 , 51212	 , 3	 , 9	 , 149.99999, 
150	 , 51406	 , 2	 , 9	 , 149.99999, 
150	 , 51694	 , 4	 , 9	 , 149.99999, 
150	 , 57856	 , 4	 , 10	 , 149.99999, 
150	 , 52432	 , 4	 , 9	 , 150.0, 
150	 , 57228	 , 5	 , 10	 , 150.0, 
150	 , 57732	 , 2	 , 10	 , 150.0, 
150	 , 52274	 , 4	 , 9	 , 149.99999, 
150	 , 51866	 , 3	 , 9	 , 149.99999, 
150	 , 56776	 , 5	 , 10	 , 150.0, 
150	 , 57398	 , 4	 , 10	 , 149.99999, 
150	 , 56942	 , 5	 , 10	 , 150.0, 
150	 , 57600	 , 4	 , 10	 , 150.0, 
150	 , 56576	 , 3	 , 10	 , 150.0, 
150	 , 51316	 , 3	 , 9	 , 150.0, 
150	 , 51682	 , 4	 , 9	 , 149.99999, 
150	 , 57496	 , 4	 , 10	 , 150.0, 
150	 , 57396	 , 4	 , 10	 , 150.0, 
150	 , 56956	 , 2	 , 10	 , 150.0, 
150	 , 51624	 , 4	 , 9	 , 149.99999, 
150	 , 57330	 , 3	 , 10	 , 150.0, 
150	 , 57898	 , 3	 , 10	 , 150.0, 
150	 , 51368	 , 2	 , 9	 , 150.0, 
150	 , 57164	 , 3	 , 10	 , 150.0, 
150	 , 57784	 , 5	 , 10	 , 150.0, 
150	 , 51428	 , 5	 , 9	 , 149.99999, 
150	 , 56118	 , 6	 , 10	 , 150.0, 
150	 , 55898	 , 4	 , 10	 , 150.0, 
150	 , 51282	 , 1	 , 9	 , 150.0, 
150	 , 51238	 , 4	 , 9	 , 149.99999, 
150	 , 51288	 , 2	 , 9	 , 149.99999, 
150	 , 57008	 , 4	 , 10	 , 149.99999, 
150	 , 57438	 , 3	 , 10	 , 150.0, 
150	 , 51226	 , 4	 , 9	 , 149.99999, 
150	 , 51534	 , 4	 , 9	 , 150.0, 
150	 , 51436	 , 3	 , 9	 , 150.0, 
150	 , 51700	 , 2	 , 9	 , 150.0, 
150	 , 57750	 , 5	 , 10	 , 150.0, 
150	 , 51574	 , 3	 , 9	 , 149.99999, 
150	 , 56926	 , 4	 , 10	 , 150.0, 
150	 , 51326	 , 5	 , 9	 , 150.0, 
150	 , 51378	 , 4	 , 9	 , 150.0, 
150	 , 57682	 , 3	 , 10	 , 150.0, 
150	 , 57610	 , 4	 , 10	 , 150.0, 
150	 , 57878	 , 4	 , 10	 , 149.99999, 
150	 , 51586	 , 3	 , 9	 , 149.99999, 
150	 , 57648	 , 4	 , 10	 , 149.99999, 
150	 , 58050	 , 5	 , 10	 , 150.0, 
150	 , 57146	 , 3	 , 10	 , 150.0, 
150	 , 57302	 , 3	 , 10	 , 150.0, 
150	 , 57358	 , 4	 , 10	 , 150.0, 
150	 , 57370	 , 4	 , 10	 , 149.99999, 
150	 , 57870	 , 2	 , 10	 , 150.0, 
150	 , 57934	 , 4	 , 10	 , 149.99999, 
150	 , 57216	 , 2	 , 10	 , 149.99999, 
150	 , 57888	 , 4	 , 10	 , 149.99999, 
150	 , 51298	 , 4	 , 9	 , 149.99999, 
150	 , 51554	 , 2	 , 9	 , 149.99999, 
150	 , 56748	 , 5	 , 10	 , 149.99999, 
150	 , 51390	 , 5	 , 9	 , 150.0, 
150	 , 51778	 , 4	 , 9	 , 149.99999, 
150	 , 57914	 , 4	 , 10	 , 150.0, 
150	 , 57684	 , 4	 , 10	 , 150.0, 
150	 , 57190	 , 4	 , 10	 , 149.99999, 
150	 , 57394	 , 3	 , 10	 , 150.0, 
150	 , 57764	 , 5	 , 10	 , 150.0, 
150	 , 57852	 , 4	 , 10	 , 150.0, 
150	 , 51210	 , 3	 , 9	 , 150.0, 
150	 , 57448	 , 6	 , 10	 , 150.0, 
150	 , 51860	 , 4	 , 9	 , 149.99999, 
150	 , 51380	 , 2	 , 9	 , 150.0, 
150	 , 51694	 , 3	 , 9	 , 150.0, 
150	 , 57344	 , 5	 , 10	 , 149.99999, 
150	 , 57768	 , 5	 , 10	 , 150.0, 
150	 , 57226	 , 4	 , 10	 , 150.0, 
150	 , 57916	 , 5	 , 10	 , 149.99999, 
150	 , 51746	 , 3	 , 9	 , 149.9999, 
150	 , 55868	 , 0	 , 10	 , 150.0, 
150	 , 51896	 , 3	 , 9	 , 150.0, 
150	 , 57306	 , 5	 , 10	 , 150.0, 
150	 , 57712	 , 5	 , 10	 , 149.99999, 
150	 , 56722	 , 2	 , 10	 , 150.0, 
150	 , 51790	 , 5	 , 9	 , 150.0, 
150	 , 57900	 , 5	 , 10	 , 149.99999, 
150	 , 51272	 , 3	 , 9	 , 150.0, 
200	 , 58664	 , 2	 , 8	 , 149.99999, 
200	 , 58524	 , 2	 , 8	 , 149.99999, 
200	 , 59758	 , 3	 , 8	 , 149.99999, 
200	 , 59408	 , 2	 , 8	 , 150.0, 
200	 , 51322	 , 3	 , 7	 , 149.99999, 
200	 , 60004	 , 2	 , 8	 , 150.0, 
200	 , 59404	 , 3	 , 8	 , 149.99999, 
200	 , 58978	 , 3	 , 8	 , 149.99999, 
200	 , 59448	 , 3	 , 8	 , 149.99999, 
200	 , 59152	 , 2	 , 8	 , 150.0, 
200	 , 59474	 , 3	 , 8	 , 149.99999, 
200	 , 59674	 , 3	 , 8	 , 150.0, 
200	 , 51304	 , 1	 , 7	 , 150.0, 
200	 , 58852	 , 3	 , 8	 , 150.0, 
200	 , 58758	 , 0	 , 8	 , 150.0, 
200	 , 51536	 , 0	 , 7	 , 150.0, 
200	 , 55956	 , 2	 , 8	 , 150.0, 
200	 , 58200	 , 2	 , 8	 , 150.0, 
200	 , 59158	 , 3	 , 8	 , 149.99999, 
200	 , 59058	 , 2	 , 8	 , 150.0, 
200	 , 59638	 , 4	 , 8	 , 149.99999, 
200	 , 56982	 , 3	 , 8	 , 149.99999, 
200	 , 59544	 , 3	 , 8	 , 149.99999, 
200	 , 59268	 , 3	 , 8	 , 150.0, 
200	 , 59566	 , 0	 , 8	 , 150.0, 
200	 , 59596	 , 3	 , 8	 , 149.99999, 
200	 , 56376	 , 1	 , 8	 , 150.0, 
200	 , 60152	 , 4	 , 8	 , 150.0, 
200	 , 51784	 , 2	 , 7	 , 149.99999, 
200	 , 58248	 , 3	 , 8	 , 149.99999, 
200	 , 58436	 , 2	 , 8	 , 149.99999, 
200	 , 59096	 , 3	 , 8	 , 149.99999, 
200	 , 58392	 , 2	 , 8	 , 149.99999, 
200	 , 59170	 , 0	 , 8	 , 150.0, 
200	 , 58300	 , 1	 , 8	 , 150.0, 
200	 , 51394	 , 2	 , 7	 , 150.0, 
200	 , 59078	 , 2	 , 8	 , 150.0, 
200	 , 51312	 , 1	 , 7	 , 149.99999, 
200	 , 59604	 , 1	 , 8	 , 150.0, 
200	 , 51214	 , 2	 , 7	 , 149.99999, 
200	 , 51594	 , 0	 , 7	 , 150.0, 
200	 , 60070	 , 3	 , 8	 , 150.0, 
200	 , 59176	 , 3	 , 8	 , 150.0, 
200	 , 51230	 , 2	 , 7	 , 150.0, 
200	 , 57340	 , 0	 , 8	 , 150.0, 
200	 , 58382	 , 2	 , 8	 , 150.0, 
200	 , 59448	 , 3	 , 8	 , 150.0, 
200	 , 58430	 , 2	 , 8	 , 150.0, 
200	 , 58178	 , 3	 , 8	 , 150.0, 
200	 , 56968	 , 3	 , 8	 , 150.0, 
200	 , 59646	 , 2	 , 8	 , 149.99999, 
200	 , 58246	 , 1	 , 8	 , 150.0, 
200	 , 59362	 , 1	 , 8	 , 150.0, 
200	 , 58666	 , 2	 , 8	 , 150.0, 
200	 , 51836	 , 2	 , 7	 , 149.99999, 
200	 , 57084	 , 1	 , 8	 , 150.0, 
200	 , 51920	 , 3	 , 7	 , 149.99999, 
200	 , 55964	 , 3	 , 8	 , 150.0, 
200	 , 59738	 , 3	 , 8	 , 150.0, 
200	 , 59192	 , 2	 , 8	 , 150.0, 
200	 , 57078	 , 2	 , 8	 , 150.0, 
200	 , 58750	 , 2	 , 8	 , 149.99999, 
200	 , 58582	 , 3	 , 8	 , 150.0, 
200	 , 58406	 , 2	 , 8	 , 150.0, 
200	 , 57192	 , 0	 , 8	 , 150.0, 
200	 , 58958	 , 3	 , 8	 , 150.0, 
200	 , 59558	 , 3	 , 8	 , 150.0, 
200	 , 51626	 , 3	 , 7	 , 149.99999, 
200	 , 59482	 , 3	 , 8	 , 149.99999, 
200	 , 58192	 , 2	 , 8	 , 149.99999, 
200	 , 58950	 , 0	 , 8	 , 149.99999, 
200	 , 59668	 , 0	 , 8	 , 149.99999, 
200	 , 60184	 , 3	 , 8	 , 149.99999, 
200	 , 51350	 , 1	 , 7	 , 150.0, 
200	 , 51244	 , 3	 , 7	 , 149.99999, 
200	 , 59804	 , 3	 , 8	 , 150.0, 
200	 , 59228	 , 2	 , 8	 , 149.99999, 
200	 , 57580	 , 2	 , 8	 , 150.0, 
200	 , 59794	 , 3	 , 8	 , 150.0, 
200	 , 59180	 , 2	 , 8	 , 150.0, 
200	 , 59048	 , 2	 , 8	 , 150.0, 
200	 , 59264	 , 3	 , 8	 , 150.0, 
200	 , 51378	 , 3	 , 7	 , 149.99999, 
200	 , 59446	 , 3	 , 8	 , 149.99999, 
200	 , 59754	 , 3	 , 8	 , 150.0, 
200	 , 58756	 , 3	 , 8	 , 150.0, 
200	 , 58446	 , 3	 , 8	 , 150.0, 
200	 , 58724	 , 4	 , 8	 , 150.0, 
200	 , 58588	 , 1	 , 8	 , 149.99999, 
200	 , 59494	 , 3	 , 8	 , 149.99999, 
200	 , 57670	 , 3	 , 8	 , 150.0, 
200	 , 59202	 , 3	 , 8	 , 149.99999, 
200	 , 59684	 , 2	 , 8	 , 150.0, 
200	 , 58740	 , 2	 , 8	 , 150.0, 
200	 , 59720	 , 3	 , 8	 , 149.99999, 
200	 , 59190	 , 3	 , 8	 , 149.99999, 
200	 , 59520	 , 1	 , 8	 , 150.0, 
200	 , 57076	 , 2	 , 8	 , 149.99999, 
200	 , 51614	 , 1	 , 7	 , 149.99999, 
200	 , 57734	 , 3	 , 8	 , 150.0, 
200	 , 58610	 , 2	 , 8	 , 150.0, 
200	 , 59840	 , 2	 , 8	 , 150.0, 
200	 , 59602	 , 3	 , 8	 , 150.0, 
200	 , 59074	 , 2	 , 8	 , 149.99998, 
200	 , 59288	 , 2	 , 8	 , 150.0, 
200	 , 58312	 , 3	 , 8	 , 149.99999, 
200	 , 59512	 , 3	 , 8	 , 150.0, 
200	 , 52268	 , 2	 , 7	 , 150.0, 
200	 , 58964	 , 2	 , 8	 , 149.99999, 
200	 , 59072	 , 2	 , 8	 , 149.99999, 
200	 , 59620	 , 3	 , 8	 , 150.0, 
200	 , 59944	 , 3	 , 8	 , 149.99999, 
200	 , 51518	 , 2	 , 7	 , 150.0, 
200	 , 58706	 , 1	 , 8	 , 150.0, 
200	 , 59466	 , 3	 , 8	 , 150.0, 
200	 , 51914	 , 3	 , 7	 , 149.99999, 
200	 , 59386	 , 2	 , 8	 , 150.0, 
200	 , 59484	 , 0	 , 8	 , 150.0, 
200	 , 59600	 , 3	 , 8	 , 149.99999, 
200	 , 59418	 , 2	 , 8	 , 150.0, 
200	 , 57218	 , 3	 , 8	 , 150.0, 
200	 , 58452	 , 2	 , 8	 , 149.99999, 
200	 , 60178	 , 3	 , 8	 , 149.99999, 
200	 , 58516	 , 3	 , 8	 , 150.0, 
200	 , 57826	 , 1	 , 8	 , 150.0, 
200	 , 60222	 , 2	 , 8	 , 149.99999, 
200	 , 59558	 , 2	 , 8	 , 150.0, 
200	 , 58634	 , 2	 , 8	 , 149.99999, 
200	 , 51650	 , 2	 , 7	 , 149.99999, 
200	 , 57660	 , 1	 , 8	 , 150.0, 
200	 , 59118	 , 0	 , 8	 , 150.0, 
200	 , 59718	 , 3	 , 8	 , 149.99999, 
200	 , 58678	 , 1	 , 8	 , 150.0, 
200	 , 51722	 , 1	 , 7	 , 149.99999, 
200	 , 60100	 , 2	 , 8	 , 149.99999, 
200	 , 51282	 , 1	 , 7	 , 150.0, 
200	 , 58988	 , 2	 , 8	 , 150.0, 
200	 , 58568	 , 3	 , 8	 , 150.0, 
200	 , 58708	 , 3	 , 8	 , 150.0, 
200	 , 58502	 , 1	 , 8	 , 149.99999, 
200	 , 60114	 , 3	 , 8	 , 149.99999, 
200	 , 57846	 , 2	 , 8	 , 150.0, 
200	 , 59658	 , 3	 , 8	 , 149.99999, 
200	 , 59876	 , 3	 , 8	 , 149.99999, 
200	 , 59478	 , 4	 , 8	 , 149.99999, 
200	 , 57966	 , 1	 , 8	 , 149.99999, 
200	 , 58652	 , 0	 , 8	 , 150.0, 
200	 , 59496	 , 1	 , 8	 , 149.99999, 
200	 , 59244	 , 3	 , 8	 , 150.0, 
200	 , 58960	 , 3	 , 8	 , 150.0, 
200	 , 59794	 , 3	 , 8	 , 150.0, 
200	 , 51310	 , 1	 , 7	 , 150.0, 
200	 , 59032	 , 2	 , 8	 , 150.0, 
200	 , 59580	 , 3	 , 8	 , 149.99999, 
200	 , 51654	 , 2	 , 7	 , 150.0, 
200	 , 58208	 , 1	 , 8	 , 150.0, 
200	 , 59918	 , 2	 , 8	 , 150.0, 
200	 , 59604	 , 2	 , 8	 , 150.0, 
200	 , 59834	 , 3	 , 8	 , 150.0, 
200	 , 51210	 , 1	 , 7	 , 150.0, 
200	 , 59614	 , 3	 , 8	 , 150.0, 
200	 , 58992	 , 3	 , 8	 , 150.0, 
200	 , 51548	 , 2	 , 7	 , 149.99999, 
200	 , 51480	 , 2	 , 7	 , 149.99999, 
200	 , 58586	 , 2	 , 8	 , 150.0, 
200	 , 58930	 , 3	 , 8	 , 150.0, 
200	 , 58824	 , 3	 , 8	 , 149.99999, 
200	 , 60040	 , 3	 , 8	 , 150.0, 
200	 , 59148	 , 1	 , 8	 , 149.99999, 
200	 , 58294	 , 3	 , 8	 , 150.0, 
200	 , 51630	 , 2	 , 7	 , 149.99999, 
200	 , 59014	 , 3	 , 8	 , 149.99999, 
200	 , 58770	 , 3	 , 8	 , 149.99999, 
200	 , 59636	 , 3	 , 8	 , 149.99999, 
200	 , 51660	 , 2	 , 7	 , 150.0, 
200	 , 58174	 , 3	 , 8	 , 150.0, 
200	 , 59424	 , 3	 , 8	 , 149.99999, 
200	 , 59152	 , 2	 , 8	 , 150.0, 
200	 , 59598	 , 3	 , 8	 , 149.99999, 
200	 , 58360	 , 2	 , 8	 , 150.0, 
200	 , 57950	 , 3	 , 8	 , 150.0, 
200	 , 59316	 , 2	 , 8	 , 149.99999, 
200	 , 59932	 , 2	 , 8	 , 150.0, 
200	 , 59854	 , 2	 , 8	 , 150.0, 
200	 , 59708	 , 2	 , 8	 , 149.99999, 
200	 , 59452	 , 3	 , 8	 , 150.0, 
200	 , 58466	 , 1	 , 8	 , 150.0, 
200	 , 59326	 , 3	 , 8	 , 150.0, 
200	 , 58994	 , 1	 , 8	 , 150.0, 
200	 , 51250	 , 2	 , 7	 , 149.99999, 
200	 , 59526	 , 1	 , 8	 , 150.0, 
200	 , 58940	 , 2	 , 8	 , 149.99999, 
200	 , 60038	 , 2	 , 8	 , 150.0, 
200	 , 58564	 , 1	 , 8	 , 149.99999, 
200	 , 59454	 , 3	 , 8	 , 150.0, 
200	 , 51264	 , 1	 , 7	 , 149.99999, 
200	 , 51558	 , 2	 , 7	 , 149.99999, 
200	 , 59728	 , 3	 , 8	 , 150.0, 
200	 , 59432	 , 3	 , 8	 , 149.99999, 
200	 , 59154	 , 3	 , 8	 , 149.99999, 
200	 , 59284	 , 3	 , 8	 , 149.99999, 
200	 , 59240	 , 3	 , 8	 , 149.99999, 
200	 , 59550	 , 2	 , 8	 , 150.0, 
200	 , 51704	 , 2	 , 7	 , 149.99999, 
200	 , 59042	 , 2	 , 8	 , 150.0, 
200	 , 58684	 , 2	 , 8	 , 150.0, 
200	 , 59506	 , 3	 , 8	 , 149.99999, 
200	 , 59796	 , 4	 , 8	 , 150.0, 
200	 , 60212	 , 2	 , 8	 , 149.99999, 
200	 , 60024	 , 3	 , 8	 , 149.99999, 
200	 , 51514	 , 0	 , 7	 , 150.0, 
200	 , 60152	 , 3	 , 8	 , 150.0, 
200	 , 51490	 , 2	 , 7	 , 150.0, 
200	 , 58454	 , 2	 , 8	 , 150.0, 
200	 , 58314	 , 3	 , 8	 , 150.0, 
200	 , 57352	 , 1	 , 8	 , 150.0, 
200	 , 58880	 , 2	 , 8	 , 149.99999, 
200	 , 59226	 , 2	 , 8	 , 150.0, 
200	 , 59024	 , 2	 , 8	 , 150.0, 
200	 , 59694	 , 2	 , 8	 , 150.0, 
200	 , 59328	 , 0	 , 8	 , 149.99999, 
200	 , 59218	 , 2	 , 8	 , 149.99999, 
200	 , 57252	 , 3	 , 8	 , 150.0, 
200	 , 58602	 , 3	 , 8	 , 150.0, 
200	 , 58812	 , 2	 , 8	 , 149.99996, 
200	 , 51434	 , 1	 , 7	 , 149.99999, 
200	 , 58906	 , 2	 , 8	 , 149.99999, 
200	 , 59712	 , 1	 , 8	 , 150.0, 
200	 , 59526	 , 2	 , 8	 , 149.99999, 
200	 , 58878	 , 2	 , 8	 , 150.0, 
200	 , 59772	 , 2	 , 8	 , 150.0, 
200	 , 56898	 , 2	 , 8	 , 149.99999, 
200	 , 59514	 , 3	 , 8	 , 150.0, 
200	 , 59956	 , 2	 , 8	 , 149.99999, 
200	 , 59724	 , 3	 , 8	 , 149.99996, 
200	 , 58996	 , 2	 , 8	 , 149.99999, 
200	 , 59330	 , 0	 , 8	 , 150.0, 
200	 , 59170	 , 2	 , 8	 , 150.0, 
200	 , 59508	 , 3	 , 8	 , 150.0, 
200	 , 58194	 , 2	 , 8	 , 150.0, 
200	 , 58682	 , 3	 , 8	 , 150.0, 
200	 , 59152	 , 2	 , 8	 , 150.0, 
200	 , 59848	 , 3	 , 8	 , 149.99999, 
200	 , 57984	 , 3	 , 8	 , 150.0, 
200	 , 51744	 , 2	 , 7	 , 150.0, 
200	 , 51260	 , 2	 , 7	 , 149.99999, 
200	 , 58804	 , 2	 , 8	 , 150.0, 
200	 , 51558	 , 1	 , 7	 , 149.99999, 
200	 , 58968	 , 3	 , 8	 , 150.0, 
200	 , 57040	 , 2	 , 8	 , 149.99999, 
250	 , 53472	 , 1	 , 6	 , 149.99999, 
250	 , 51494	 , 1	 , 6	 , 150.0, 
250	 , 53630	 , 1	 , 6	 , 150.0, 
250	 , 53596	 , 1	 , 6	 , 149.99999, 
250	 , 52592	 , 1	 , 6	 , 150.0, 
250	 , 62072	 , 1	 , 7	 , 150.0, 
250	 , 51858	 , 0	 , 6	 , 149.99998, 
250	 , 51822	 , 1	 , 6	 , 149.99998, 
250	 , 51984	 , 1	 , 6	 , 149.99999, 
250	 , 51586	 , 1	 , 6	 , 149.99999, 
250	 , 51476	 , 2	 , 6	 , 149.99999, 
250	 , 51936	 , 1	 , 6	 , 150.0, 
250	 , 62374	 , 2	 , 7	 , 150.0, 
250	 , 52268	 , 1	 , 6	 , 149.99999, 
250	 , 51442	 , 1	 , 6	 , 150.0, 
250	 , 51334	 , 1	 , 6	 , 149.99999, 
250	 , 52154	 , 1	 , 6	 , 150.0, 
250	 , 51988	 , 1	 , 6	 , 149.99999, 
250	 , 51978	 , 1	 , 6	 , 149.99999, 
250	 , 51690	 , 1	 , 6	 , 149.99997, 
250	 , 51798	 , 1	 , 6	 , 150.0, 
250	 , 53304	 , 1	 , 6	 , 150.0, 
250	 , 61880	 , 1	 , 7	 , 149.99999, 
250	 , 62026	 , 2	 , 7	 , 150.0, 
250	 , 59438	 , 3	 , 7	 , 149.99999, 
250	 , 52204	 , 0	 , 6	 , 150.0, 
250	 , 61852	 , 2	 , 7	 , 150.0, 
250	 , 61674	 , 2	 , 7	 , 150.0, 
250	 , 52354	 , 1	 , 6	 , 149.99999, 
250	 , 52016	 , 0	 , 6	 , 149.99999, 
250	 , 52464	 , 1	 , 6	 , 150.0, 
250	 , 52730	 , 0	 , 6	 , 150.0, 
250	 , 51808	 , 2	 , 6	 , 150.0, 
250	 , 62138	 , 1	 , 7	 , 149.99999, 
250	 , 61822	 , 2	 , 7	 , 150.0, 
250	 , 52480	 , 1	 , 6	 , 149.99999, 
250	 , 62026	 , 2	 , 7	 , 150.0, 
250	 , 51308	 , 1	 , 6	 , 150.0, 
250	 , 53314	 , 1	 , 6	 , 150.0, 
250	 , 51440	 , 2	 , 6	 , 150.0, 
250	 , 52370	 , 1	 , 6	 , 149.99999, 
250	 , 61550	 , 1	 , 7	 , 150.0, 
250	 , 51786	 , 1	 , 6	 , 149.99999, 
250	 , 52538	 , 0	 , 6	 , 150.0, 
250	 , 53254	 , 1	 , 6	 , 149.99999, 
250	 , 60082	 , 1	 , 7	 , 150.0, 
250	 , 51360	 , 1	 , 6	 , 149.99999, 
250	 , 52930	 , 1	 , 6	 , 150.0, 
250	 , 51462	 , 1	 , 6	 , 149.99999, 
250	 , 52760	 , 1	 , 6	 , 149.99999, 
250	 , 61564	 , 1	 , 7	 , 150.0, 
250	 , 52098	 , 1	 , 6	 , 149.99999, 
250	 , 62228	 , 2	 , 7	 , 150.0, 
250	 , 62308	 , 2	 , 7	 , 150.0, 
250	 , 51710	 , 1	 , 6	 , 149.99999, 
250	 , 61564	 , 1	 , 7	 , 150.0, 
250	 , 52520	 , 1	 , 6	 , 150.0, 
250	 , 51822	 , 1	 , 6	 , 149.99999, 
250	 , 51804	 , 1	 , 6	 , 149.99999, 
250	 , 62284	 , 2	 , 7	 , 149.99999, 
250	 , 62396	 , 2	 , 7	 , 150.0, 
250	 , 61956	 , 1	 , 7	 , 149.99999, 
250	 , 53336	 , 1	 , 6	 , 149.99999, 
250	 , 51816	 , 1	 , 6	 , 150.0, 
250	 , 62464	 , 1	 , 7	 , 150.0, 
250	 , 52564	 , 1	 , 6	 , 150.0, 
250	 , 53152	 , 1	 , 6	 , 149.99999, 
250	 , 53382	 , 2	 , 6	 , 149.99999, 
250	 , 53596	 , 1	 , 6	 , 149.99999, 
250	 , 52584	 , 1	 , 6	 , 149.99999, 
250	 , 62052	 , 1	 , 7	 , 150.0, 
250	 , 51626	 , 1	 , 6	 , 150.0, 
250	 , 62114	 , 1	 , 7	 , 150.0, 
250	 , 52130	 , 1	 , 6	 , 150.0, 
250	 , 60146	 , 2	 , 7	 , 150.0, 
250	 , 62426	 , 2	 , 7	 , 149.99999, 
250	 , 53438	 , 2	 , 6	 , 149.99999, 
250	 , 51988	 , 0	 , 6	 , 150.0, 
250	 , 62074	 , 2	 , 7	 , 150.0, 
250	 , 51446	 , 1	 , 6	 , 150.0, 
250	 , 51340	 , 1	 , 6	 , 150.0, 
250	 , 62412	 , 1	 , 7	 , 150.0, 
250	 , 52802	 , 0	 , 6	 , 149.99999, 
250	 , 51810	 , 1	 , 6	 , 150.0, 
250	 , 58986	 , 1	 , 7	 , 150.0, 
250	 , 51970	 , 1	 , 6	 , 149.99998, 
250	 , 62202	 , 2	 , 7	 , 150.0, 
250	 , 52460	 , 1	 , 6	 , 149.99999, 
250	 , 53630	 , 1	 , 6	 , 150.0, 
250	 , 52352	 , 0	 , 6	 , 149.99999, 
250	 , 62040	 , 1	 , 7	 , 150.0, 
250	 , 53038	 , 2	 , 6	 , 149.99999, 
250	 , 61178	 , 2	 , 7	 , 150.0, 
250	 , 52642	 , 2	 , 6	 , 150.0, 
250	 , 52858	 , 1	 , 6	 , 149.99999, 
250	 , 51730	 , 1	 , 6	 , 149.99999, 
250	 , 52018	 , 1	 , 6	 , 149.99999, 
250	 , 51840	 , 1	 , 6	 , 149.99999, 
250	 , 51616	 , 0	 , 6	 , 150.0, 
250	 , 51482	 , 0	 , 6	 , 150.0, 
250	 , 62156	 , 1	 , 7	 , 149.99999, 
250	 , 51388	 , 0	 , 6	 , 149.99993, 
250	 , 52676	 , 0	 , 6	 , 149.99999, 
250	 , 61338	 , 2	 , 7	 , 149.99999, 
250	 , 52746	 , 1	 , 6	 , 149.99999, 
250	 , 52204	 , 1	 , 6	 , 150.0, 
250	 , 62440	 , 2	 , 7	 , 149.99999, 
250	 , 61808	 , 0	 , 7	 , 150.0, 
250	 , 51312	 , 0	 , 6	 , 150.0, 
250	 , 51814	 , 1	 , 6	 , 149.99999, 
250	 , 51284	 , 1	 , 6	 , 149.99999, 
250	 , 62354	 , 1	 , 7	 , 149.99999, 
250	 , 51788	 , 1	 , 6	 , 149.99999, 
250	 , 51322	 , 0	 , 6	 , 149.99999, 
250	 , 51402	 , 1	 , 6	 , 150.0, 
250	 , 51830	 , 0	 , 6	 , 150.0, 
250	 , 52610	 , 0	 , 6	 , 150.0, 
250	 , 61162	 , 0	 , 7	 , 150.0, 
250	 , 51314	 , 0	 , 6	 , 149.99999, 
250	 , 52518	 , 0	 , 6	 , 150.0, 
250	 , 53292	 , 1	 , 6	 , 150.0, 
250	 , 52390	 , 0	 , 6	 , 150.0, 
250	 , 52414	 , 0	 , 6	 , 150.0, 
250	 , 51302	 , 0	 , 6	 , 149.99999, 
250	 , 52282	 , 2	 , 6	 , 150.0, 
250	 , 51342	 , 0	 , 6	 , 149.99999, 
250	 , 61130	 , 1	 , 7	 , 150.0, 
250	 , 53308	 , 1	 , 6	 , 149.99999, 
250	 , 51774	 , 1	 , 6	 , 149.99999, 
250	 , 61542	 , 0	 , 7	 , 149.99999, 
250	 , 52784	 , 1	 , 6	 , 150.0, 
250	 , 51274	 , 0	 , 6	 , 149.9999, 
250	 , 51610	 , 1	 , 6	 , 149.99966, 
250	 , 57814	 , 1	 , 7	 , 150.0, 
250	 , 52126	 , 0	 , 6	 , 149.99999, 
250	 , 53206	 , 0	 , 6	 , 150.0, 
250	 , 52786	 , 0	 , 6	 , 149.99999, 
250	 , 52588	 , 0	 , 6	 , 149.99999, 
250	 , 62040	 , 1	 , 7	 , 150.0, 
250	 , 51878	 , 1	 , 6	 , 149.99998, 
250	 , 51582	 , 0	 , 6	 , 149.99999, 
250	 , 51588	 , 1	 , 6	 , 149.99998, 
250	 , 60316	 , 2	 , 7	 , 150.0, 
250	 , 51390	 , 1	 , 6	 , 150.0, 
250	 , 51718	 , 2	 , 6	 , 150.0, 
250	 , 51578	 , 2	 , 6	 , 149.99999, 
250	 , 53454	 , 1	 , 6	 , 150.0, 
250	 , 52768	 , 1	 , 6	 , 149.99999, 
250	 , 51536	 , 1	 , 6	 , 150.0, 
250	 , 52074	 , 0	 , 6	 , 150.0, 
250	 , 62064	 , 2	 , 7	 , 149.99999, 
250	 , 61756	 , 0	 , 7	 , 150.0, 
250	 , 51458	 , 1	 , 6	 , 150.0, 
250	 , 62212	 , 2	 , 7	 , 150.0, 
250	 , 51822	 , 1	 , 6	 , 150.0, 
250	 , 51816	 , 2	 , 6	 , 150.0, 
250	 , 51296	 , 1	 , 6	 , 149.99999, 
250	 , 61398	 , 2	 , 7	 , 150.0, 
250	 , 52656	 , 1	 , 6	 , 149.99999, 
250	 , 52210	 , 0	 , 6	 , 150.0, 
250	 , 61334	 , 0	 , 7	 , 149.99999, 
250	 , 52358	 , 1	 , 6	 , 149.99999, 
250	 , 51856	 , 1	 , 6	 , 150.0, 
250	 , 52142	 , 1	 , 6	 , 150.0, 
250	 , 52062	 , 1	 , 6	 , 150.0, 
250	 , 62340	 , 2	 , 7	 , 149.99999, 
250	 , 52044	 , 0	 , 6	 , 150.0, 
250	 , 51442	 , 0	 , 6	 , 150.0, 
250	 , 52722	 , 1	 , 6	 , 150.0, 
250	 , 60598	 , 1	 , 7	 , 150.0, 
250	 , 51236	 , 0	 , 6	 , 149.99999, 
250	 , 61836	 , 1	 , 7	 , 149.99999, 
250	 , 62006	 , 1	 , 7	 , 150.0, 
250	 , 51518	 , 1	 , 6	 , 150.0, 
250	 , 53522	 , 2	 , 6	 , 149.99999, 
250	 , 62130	 , 0	 , 7	 , 150.0, 
250	 , 51810	 , 1	 , 6	 , 150.0, 
250	 , 52756	 , 0	 , 6	 , 150.0, 
250	 , 62304	 , 0	 , 7	 , 150.0, 
250	 , 51930	 , 1	 , 6	 , 149.99999, 
250	 , 52734	 , 1	 , 6	 , 149.99999, 
250	 , 51904	 , 1	 , 6	 , 149.99999, 
250	 , 52048	 , 0	 , 6	 , 149.99999, 
250	 , 51894	 , 1	 , 6	 , 149.99999, 
250	 , 51496	 , 0	 , 6	 , 150.0, 
250	 , 52318	 , 0	 , 6	 , 150.0, 
250	 , 51480	 , 2	 , 6	 , 149.99999, 
250	 , 53162	 , 1	 , 6	 , 149.99999, 
250	 , 51688	 , 0	 , 6	 , 150.0, 
250	 , 51604	 , 1	 , 6	 , 150.0, 
250	 , 52296	 , 1	 , 6	 , 150.0, 
250	 , 52994	 , 1	 , 6	 , 149.99999, 
250	 , 51370	 , 1	 , 6	 , 150.0, 
250	 , 51676	 , 2	 , 6	 , 149.99999, 
250	 , 51684	 , 0	 , 6	 , 149.99998, 
250	 , 51362	 , 1	 , 6	 , 149.99999, 
250	 , 62076	 , 3	 , 7	 , 150.0, 
250	 , 51444	 , 1	 , 6	 , 150.0, 
250	 , 51500	 , 0	 , 6	 , 150.0, 
250	 , 51284	 , 0	 , 6	 , 149.99999, 
250	 , 51488	 , 0	 , 6	 , 150.0, 
250	 , 51670	 , 1	 , 6	 , 149.99999, 
250	 , 52204	 , 0	 , 6	 , 149.99999, 
250	 , 52734	 , 0	 , 6	 , 150.0, 
250	 , 52136	 , 1	 , 6	 , 149.99999, 
250	 , 61928	 , 0	 , 7	 , 149.99999, 
250	 , 52252	 , 2	 , 6	 , 150.0, 
250	 , 61318	 , 2	 , 7	 , 150.0, 
250	 , 52518	 , 1	 , 6	 , 150.0, 
250	 , 51566	 , 1	 , 6	 , 150.0, 
250	 , 51944	 , 0	 , 6	 , 150.0, 
250	 , 51672	 , 0	 , 6	 , 150.0, 
250	 , 52680	 , 2	 , 6	 , 149.99999, 
250	 , 61924	 , 0	 , 7	 , 150.0, 
250	 , 51698	 , 0	 , 6	 , 150.0, 
250	 , 51448	 , 0	 , 6	 , 150.0, 
250	 , 52158	 , 0	 , 6	 , 150.0, 
250	 , 62332	 , 2	 , 7	 , 150.0, 
250	 , 62302	 , 2	 , 7	 , 150.0, 
250	 , 51332	 , 1	 , 6	 , 149.99999, 
250	 , 51508	 , 1	 , 6	 , 149.99999, 
250	 , 51302	 , 1	 , 6	 , 150.0, 
250	 , 52102	 , 0	 , 6	 , 150.0, 
250	 , 62358	 , 2	 , 7	 , 150.0, 
250	 , 52302	 , 1	 , 6	 , 150.0, 
250	 , 60934	 , 2	 , 7	 , 150.0, 
250	 , 51684	 , 2	 , 6	 , 149.99999, 
250	 , 51958	 , 2	 , 6	 , 150.0, 
250	 , 61602	 , 2	 , 7	 , 150.0, 
250	 , 52768	 , 1	 , 6	 , 149.99999, 
250	 , 51270	 , 1	 , 6	 , 149.99999, 
250	 , 51642	 , 0	 , 6	 , 149.99999, 
250	 , 51380	 , 1	 , 6	 , 150.0, 
250	 , 53168	 , 0	 , 6	 , 149.99999, 
250	 , 51606	 , 2	 , 6	 , 150.0, 
250	 , 51426	 , 0	 , 6	 , 150.0, 
250	 , 51454	 , 0	 , 6	 , 150.0, 
250	 , 60384	 , 1	 , 7	 , 150.0, 
250	 , 53034	 , 1	 , 6	 , 149.99999, 
250	 , 51420	 , 1	 , 6	 , 150.0, 
250	 , 51692	 , 2	 , 6	 , 149.99998, 
250	 , 52556	 , 1	 , 6	 , 149.99999, 
250	 , 52130	 , 2	 , 6	 , 150.0, 
250	 , 52242	 , 0	 , 6	 , 149.99997, 
250	 , 51918	 , 0	 , 6	 , 150.0, 
250	 , 51968	 , 0	 , 6	 , 150.0, 
250	 , 52760	 , 1	 , 6	 , 150.0, 
250	 , 52120	 , 2	 , 6	 , 149.99999, 
250	 , 52502	 , 1	 , 6	 , 149.99999, 
250	 , 52640	 , 1	 , 6	 , 150.0, 
300	 , 62374	 , 1	 , 6	 , 149.99999, 
300	 , 62126	 , 1	 , 6	 , 150.0, 
300	 , 61572	 , 0	 , 6	 , 149.99999, 
300	 , 61214	 , 1	 , 6	 , 150.0, 
300	 , 63238	 , 1	 , 6	 , 149.99999, 
300	 , 63142	 , 1	 , 6	 , 149.99999, 
300	 , 61898	 , 1	 , 6	 , 149.99999, 
300	 , 63200	 , 1	 , 6	 , 150.0, 
300	 , 64726	 , 2	 , 6	 , 149.99999, 
300	 , 62622	 , 1	 , 6	 , 150.0, 
300	 , 61740	 , 1	 , 6	 , 150.0, 
300	 , 59740	 , 0	 , 6	 , 150.0, 
300	 , 62648	 , 1	 , 6	 , 149.99998, 
300	 , 62668	 , 1	 , 6	 , 150.0, 
300	 , 62574	 , 0	 , 6	 , 150.0, 
300	 , 60854	 , 2	 , 6	 , 149.99999, 
300	 , 62388	 , 1	 , 6	 , 149.99999, 
300	 , 61824	 , 1	 , 6	 , 150.0, 
300	 , 63470	 , 1	 , 6	 , 149.99999, 
300	 , 61714	 , 2	 , 6	 , 149.99999, 
300	 , 61562	 , 1	 , 6	 , 149.99999, 
300	 , 62946	 , 1	 , 6	 , 150.0, 
300	 , 61028	 , 1	 , 6	 , 150.0, 
300	 , 59552	 , 0	 , 6	 , 150.0, 
300	 , 61548	 , 1	 , 6	 , 150.0, 
300	 , 63284	 , 1	 , 6	 , 149.99999, 
300	 , 60982	 , 0	 , 6	 , 149.99999, 
300	 , 61862	 , 0	 , 6	 , 150.0, 
300	 , 63706	 , 2	 , 6	 , 149.99999, 
300	 , 63386	 , 1	 , 6	 , 149.99999, 
300	 , 62552	 , 1	 , 6	 , 149.99999, 
300	 , 62256	 , 3	 , 6	 , 149.99999, 
300	 , 62308	 , 1	 , 6	 , 150.0, 
300	 , 62266	 , 0	 , 6	 , 150.0, 
300	 , 61172	 , 0	 , 6	 , 150.0, 
300	 , 60886	 , 2	 , 6	 , 149.99999, 
300	 , 61932	 , 0	 , 6	 , 150.0, 
300	 , 61666	 , 1	 , 6	 , 150.0, 
300	 , 61904	 , 1	 , 6	 , 150.0, 
300	 , 63882	 , 1	 , 6	 , 149.99999, 
300	 , 59106	 , 1	 , 6	 , 149.99999, 
300	 , 63300	 , 1	 , 6	 , 149.99999, 
300	 , 59660	 , 1	 , 6	 , 150.0, 
300	 , 61868	 , 1	 , 6	 , 150.0, 
300	 , 62464	 , 1	 , 6	 , 149.99999, 
300	 , 60222	 , 1	 , 6	 , 150.0, 
300	 , 60526	 , 0	 , 6	 , 150.0, 
300	 , 63324	 , 1	 , 6	 , 150.0, 
300	 , 60838	 , 2	 , 6	 , 150.0, 
300	 , 61950	 , 1	 , 6	 , 150.0, 
300	 , 61632	 , 1	 , 6	 , 150.0, 
300	 , 60802	 , 0	 , 6	 , 149.99999, 
300	 , 61880	 , 0	 , 6	 , 149.99999, 
300	 , 59370	 , 1	 , 6	 , 150.0, 
300	 , 62558	 , 0	 , 6	 , 149.99998, 
300	 , 63076	 , 0	 , 6	 , 149.99999, 
300	 , 60956	 , 1	 , 6	 , 150.0, 
300	 , 61082	 , 1	 , 6	 , 149.99999, 
300	 , 62934	 , 1	 , 6	 , 150.0, 
300	 , 62038	 , 1	 , 6	 , 149.99999, 
300	 , 62806	 , 0	 , 6	 , 150.0, 
300	 , 60092	 , 1	 , 6	 , 150.0, 
300	 , 61530	 , 1	 , 6	 , 149.99999, 
300	 , 63318	 , 0	 , 6	 , 150.0, 
300	 , 62714	 , 0	 , 6	 , 149.99999, 
300	 , 62670	 , 1	 , 6	 , 150.0, 
300	 , 61570	 , 2	 , 6	 , 150.0, 
300	 , 61872	 , 0	 , 6	 , 149.99999, 
300	 , 62764	 , 1	 , 6	 , 150.0, 
300	 , 61102	 , 2	 , 6	 , 150.0, 
300	 , 61542	 , 1	 , 6	 , 150.0, 
300	 , 63160	 , 1	 , 6	 , 149.99999, 
300	 , 63140	 , 2	 , 6	 , 149.99999, 
300	 , 61774	 , 0	 , 6	 , 150.0, 
300	 , 61554	 , 0	 , 6	 , 149.99999, 
300	 , 61268	 , 1	 , 6	 , 149.99999, 
300	 , 61624	 , 1	 , 6	 , 149.99999, 
300	 , 61758	 , 0	 , 6	 , 149.99999, 
300	 , 62220	 , 0	 , 6	 , 150.0, 
300	 , 60040	 , 1	 , 6	 , 150.0, 
300	 , 63390	 , 1	 , 6	 , 150.0, 
300	 , 62768	 , 2	 , 6	 , 149.99999, 
300	 , 62360	 , 1	 , 6	 , 149.99999, 
300	 , 61704	 , 2	 , 6	 , 150.0, 
300	 , 62254	 , 1	 , 6	 , 150.0, 
300	 , 60838	 , 1	 , 6	 , 150.0, 
300	 , 61452	 , 0	 , 6	 , 150.0, 
300	 , 60744	 , 0	 , 6	 , 150.0, 
300	 , 62438	 , 3	 , 6	 , 150.0, 
300	 , 60318	 , 0	 , 6	 , 150.0, 
300	 , 60612	 , 1	 , 6	 , 150.0, 
300	 , 61334	 , 1	 , 6	 , 150.0, 
300	 , 60610	 , 0	 , 6	 , 150.0, 
300	 , 62430	 , 1	 , 6	 , 150.0, 
300	 , 60670	 , 2	 , 6	 , 149.99999, 
300	 , 63400	 , 1	 , 6	 , 150.0, 
300	 , 61282	 , 0	 , 6	 , 149.99999, 
300	 , 60302	 , 2	 , 6	 , 150.0, 
300	 , 62432	 , 1	 , 6	 , 149.99999, 
300	 , 63590	 , 3	 , 6	 , 149.99999, 
300	 , 62722	 , 2	 , 6	 , 149.99999, 
300	 , 61850	 , 0	 , 6	 , 150.0, 
300	 , 60852	 , 1	 , 6	 , 150.0, 
300	 , 62706	 , 1	 , 6	 , 149.99999, 
300	 , 61262	 , 1	 , 6	 , 150.0, 
300	 , 62870	 , 2	 , 6	 , 149.99999, 
300	 , 61274	 , 1	 , 6	 , 150.0, 
300	 , 63716	 , 1	 , 6	 , 150.0, 
300	 , 62756	 , 1	 , 6	 , 149.99999, 
300	 , 61898	 , 1	 , 6	 , 150.0, 
300	 , 62458	 , 0	 , 6	 , 150.0, 
300	 , 60514	 , 0	 , 6	 , 150.0, 
300	 , 62332	 , 1	 , 6	 , 149.99999, 
300	 , 61924	 , 2	 , 6	 , 149.99999, 
300	 , 61290	 , 0	 , 6	 , 149.99999, 
300	 , 62448	 , 2	 , 6	 , 150.0, 
300	 , 63630	 , 1	 , 6	 , 149.99999, 
300	 , 61656	 , 1	 , 6	 , 149.99997, 
300	 , 63566	 , 2	 , 6	 , 149.99999, 
300	 , 61322	 , 1	 , 6	 , 149.99999, 
300	 , 62284	 , 2	 , 6	 , 150.0, 
300	 , 62172	 , 1	 , 6	 , 150.0, 
300	 , 60796	 , 1	 , 6	 , 150.0, 
300	 , 60992	 , 1	 , 6	 , 150.0, 
300	 , 62432	 , 1	 , 6	 , 150.0, 
300	 , 61870	 , 0	 , 6	 , 149.99999, 
300	 , 60682	 , 0	 , 6	 , 150.0, 
300	 , 61904	 , 1	 , 6	 , 149.99999, 
300	 , 61914	 , 1	 , 6	 , 150.0, 
300	 , 61570	 , 2	 , 6	 , 150.0, 
300	 , 62612	 , 1	 , 6	 , 150.0, 
300	 , 61624	 , 1	 , 6	 , 149.99999, 
300	 , 62154	 , 1	 , 6	 , 150.0, 
300	 , 62642	 , 2	 , 6	 , 149.99999, 
300	 , 62252	 , 0	 , 6	 , 150.0, 
300	 , 63432	 , 1	 , 6	 , 150.0, 
300	 , 61112	 , 2	 , 6	 , 150.0, 
300	 , 63476	 , 0	 , 6	 , 150.0, 
300	 , 61562	 , 0	 , 6	 , 150.0, 
300	 , 62286	 , 2	 , 6	 , 150.0, 
300	 , 61702	 , 1	 , 6	 , 149.99999, 
300	 , 61182	 , 1	 , 6	 , 150.0, 
300	 , 61542	 , 1	 , 6	 , 149.99999, 
300	 , 61616	 , 0	 , 6	 , 150.0, 
300	 , 63656	 , 2	 , 6	 , 149.99999, 
300	 , 62058	 , 1	 , 6	 , 149.99998, 
300	 , 64760	 , 1	 , 6	 , 150.0, 
300	 , 61952	 , 0	 , 6	 , 149.99999, 
300	 , 62494	 , 0	 , 6	 , 150.0, 
300	 , 60642	 , 1	 , 6	 , 149.99999, 
300	 , 62112	 , 0	 , 6	 , 150.0, 
300	 , 63738	 , 0	 , 6	 , 150.0, 
300	 , 61312	 , 1	 , 6	 , 150.0, 
300	 , 61390	 , 1	 , 6	 , 150.0, 
300	 , 61786	 , 1	 , 6	 , 149.99999, 
300	 , 62604	 , 0	 , 6	 , 150.0, 
300	 , 63046	 , 2	 , 6	 , 150.0, 
300	 , 60846	 , 1	 , 6	 , 150.0, 
300	 , 61686	 , 0	 , 6	 , 150.0, 
300	 , 61050	 , 0	 , 6	 , 150.0, 
300	 , 61876	 , 1	 , 6	 , 150.0, 
300	 , 62754	 , 2	 , 6	 , 150.0, 
300	 , 61230	 , 0	 , 6	 , 149.99996, 
300	 , 60640	 , 1	 , 6	 , 149.99999, 
300	 , 63384	 , 1	 , 6	 , 149.99999, 
300	 , 61028	 , 1	 , 6	 , 150.0, 
300	 , 61690	 , 1	 , 6	 , 150.0, 
300	 , 60688	 , 1	 , 6	 , 150.0, 
300	 , 62608	 , 2	 , 6	 , 149.99999, 
300	 , 62238	 , 1	 , 6	 , 149.99999, 
300	 , 62014	 , 1	 , 6	 , 150.0, 
300	 , 62458	 , 2	 , 6	 , 149.99999, 
300	 , 62100	 , 1	 , 6	 , 149.99999, 
300	 , 62942	 , 0	 , 6	 , 150.0, 
300	 , 62170	 , 1	 , 6	 , 150.0, 
300	 , 63954	 , 2	 , 6	 , 150.0, 
300	 , 61412	 , 2	 , 6	 , 149.99999, 
300	 , 62952	 , 1	 , 6	 , 150.0, 
300	 , 60790	 , 2	 , 6	 , 150.0, 
300	 , 62034	 , 1	 , 6	 , 149.99999, 
300	 , 61516	 , 1	 , 6	 , 150.0, 
300	 , 61642	 , 0	 , 6	 , 149.99999, 
300	 , 61678	 , 0	 , 6	 , 150.0, 
300	 , 62910	 , 0	 , 6	 , 150.0, 
300	 , 62314	 , 1	 , 6	 , 149.99999, 
300	 , 62084	 , 2	 , 6	 , 149.99999, 
300	 , 62570	 , 2	 , 6	 , 149.99999, 
300	 , 63666	 , 1	 , 6	 , 150.0, 
300	 , 62484	 , 0	 , 6	 , 149.99999, 
300	 , 61310	 , 1	 , 6	 , 150.0, 
300	 , 62862	 , 1	 , 6	 , 149.99999, 
300	 , 60792	 , 1	 , 6	 , 150.0, 
300	 , 61550	 , 0	 , 6	 , 150.0, 
300	 , 61782	 , 1	 , 6	 , 150.0, 
300	 , 62238	 , 0	 , 6	 , 150.0, 
300	 , 63656	 , 1	 , 6	 , 150.0, 
300	 , 61424	 , 0	 , 6	 , 150.0, 
300	 , 60688	 , 1	 , 6	 , 150.0, 
300	 , 61356	 , 1	 , 6	 , 149.99999, 
300	 , 60474	 , 0	 , 6	 , 150.0, 
300	 , 62100	 , 0	 , 6	 , 150.0, 
300	 , 61960	 , 1	 , 6	 , 149.99999, 
300	 , 61626	 , 1	 , 6	 , 149.99999, 
300	 , 60624	 , 0	 , 6	 , 149.99998, 
300	 , 63314	 , 1	 , 6	 , 149.99999, 
300	 , 61754	 , 1	 , 6	 , 150.0, 
300	 , 60826	 , 0	 , 6	 , 150.0, 
300	 , 62032	 , 0	 , 6	 , 150.0, 
300	 , 62824	 , 0	 , 6	 , 150.0, 
300	 , 61972	 , 0	 , 6	 , 150.0, 
300	 , 61864	 , 0	 , 6	 , 149.99999, 
300	 , 62776	 , 1	 , 6	 , 150.0, 
300	 , 63938	 , 1	 , 6	 , 150.0, 
300	 , 62864	 , 1	 , 6	 , 149.99999, 
300	 , 61424	 , 1	 , 6	 , 149.99999, 
300	 , 62368	 , 2	 , 6	 , 150.0, 
300	 , 61142	 , 1	 , 6	 , 149.99999, 
300	 , 63858	 , 2	 , 6	 , 150.0, 
300	 , 60584	 , 0	 , 6	 , 150.0, 
300	 , 62914	 , 1	 , 6	 , 149.99999, 
300	 , 61556	 , 0	 , 6	 , 149.99999, 
300	 , 61156	 , 1	 , 6	 , 150.0, 
300	 , 63510	 , 2	 , 6	 , 149.99999, 
300	 , 61778	 , 0	 , 6	 , 150.0, 
300	 , 58214	 , 0	 , 6	 , 149.99999, 
300	 , 61446	 , 1	 , 6	 , 150.0, 
300	 , 63522	 , 1	 , 6	 , 149.99999, 
300	 , 63786	 , 2	 , 6	 , 149.99999, 
300	 , 60724	 , 0	 , 6	 , 150.0, 
300	 , 62536	 , 1	 , 6	 , 149.99999, 
300	 , 62466	 , 0	 , 6	 , 150.0, 
300	 , 61136	 , 1	 , 6	 , 149.99999, 
300	 , 63250	 , 1	 , 6	 , 150.0, 
300	 , 61826	 , 1	 , 6	 , 149.99999, 
300	 , 63522	 , 1	 , 6	 , 149.99999, 
300	 , 60938	 , 1	 , 6	 , 150.0, 
300	 , 63764	 , 1	 , 6	 , 150.0, 
300	 , 62804	 , 0	 , 6	 , 149.99999, 
300	 , 63832	 , 1	 , 6	 , 149.99999, 
300	 , 61488	 , 0	 , 6	 , 150.0, 
300	 , 61670	 , 1	 , 6	 , 150.0, 
300	 , 62038	 , 0	 , 6	 , 150.0, 
300	 , 61234	 , 1	 , 6	 , 150.0, 
300	 , 61496	 , 0	 , 6	 , 150.0, 
300	 , 63038	 , 0	 , 6	 , 150.0, 
300	 , 60806	 , 0	 , 6	 , 150.0, 
300	 , 61438	 , 1	 , 6	 , 150.0, 
300	 , 61370	 , 0	 , 6	 , 149.99999, 
300	 , 60048	 , 0	 , 6	 , 150.0, 
300	 , 60426	 , 1	 , 6	 , 150.0, 
350	 , 57890	 , 0	 , 5	 , 149.99999, 
350	 , 56858	 , 0	 , 5	 , 149.99999, 
350	 , 56720	 , 0	 , 5	 , 149.99998, 
350	 , 57126	 , 1	 , 5	 , 150.0, 
350	 , 57620	 , 1	 , 5	 , 149.99999, 
350	 , 54334	 , 0	 , 5	 , 150.0, 
350	 , 54464	 , 0	 , 5	 , 149.99998, 
350	 , 56370	 , 0	 , 5	 , 150.0, 
350	 , 56786	 , 0	 , 5	 , 149.99999, 
350	 , 56438	 , 0	 , 5	 , 150.0, 
350	 , 55510	 , 0	 , 5	 , 150.0, 
350	 , 55908	 , 0	 , 5	 , 150.0, 
350	 , 55846	 , 0	 , 5	 , 149.99999, 
350	 , 56020	 , 1	 , 5	 , 149.99999, 
350	 , 56748	 , 0	 , 5	 , 150.0, 
350	 , 55282	 , 0	 , 5	 , 149.99993, 
350	 , 56224	 , 0	 , 5	 , 149.99999, 
350	 , 55964	 , 0	 , 5	 , 150.0, 
350	 , 55166	 , 0	 , 5	 , 150.0, 
350	 , 56794	 , 0	 , 5	 , 150.0, 
350	 , 58186	 , 0	 , 5	 , 149.99999, 
350	 , 58318	 , 0	 , 5	 , 150.0, 
350	 , 58306	 , 0	 , 5	 , 149.99998, 
350	 , 59326	 , 0	 , 5	 , 149.99999, 
350	 , 55476	 , 0	 , 5	 , 150.0, 
350	 , 56688	 , 1	 , 5	 , 150.0, 
350	 , 57878	 , 0	 , 5	 , 149.99999, 
350	 , 56572	 , 0	 , 5	 , 150.0, 
350	 , 57152	 , 0	 , 5	 , 150.0, 
350	 , 56190	 , 0	 , 5	 , 150.0, 
350	 , 55838	 , 0	 , 5	 , 149.99999, 
350	 , 56700	 , 0	 , 5	 , 149.99999, 
350	 , 56070	 , 1	 , 5	 , 149.99999, 
350	 , 57074	 , 0	 , 5	 , 150.0, 
350	 , 57892	 , 1	 , 5	 , 149.99999, 
350	 , 57136	 , 0	 , 5	 , 150.0, 
350	 , 56646	 , 0	 , 5	 , 149.99999, 
350	 , 56858	 , 0	 , 5	 , 149.99999, 
350	 , 56208	 , 0	 , 5	 , 150.0, 
350	 , 58904	 , 0	 , 5	 , 150.0, 
350	 , 56900	 , 0	 , 5	 , 149.99999, 
350	 , 56252	 , 1	 , 5	 , 149.99999, 
350	 , 54500	 , 0	 , 5	 , 149.99999, 
350	 , 58564	 , 1	 , 5	 , 149.99999, 
350	 , 56570	 , 0	 , 5	 , 149.99997, 
350	 , 58208	 , 1	 , 5	 , 150.0, 
350	 , 56582	 , 0	 , 5	 , 149.99999, 
350	 , 56870	 , 0	 , 5	 , 150.0, 
350	 , 59214	 , 0	 , 5	 , 149.99999, 
350	 , 55752	 , 1	 , 5	 , 150.0, 
350	 , 56992	 , 1	 , 5	 , 149.99999, 
350	 , 55626	 , 0	 , 5	 , 150.0, 
350	 , 56656	 , 0	 , 5	 , 150.0, 
350	 , 57586	 , 0	 , 5	 , 150.0, 
350	 , 56750	 , 0	 , 5	 , 150.0, 
350	 , 56244	 , 0	 , 5	 , 150.0, 
350	 , 56548	 , 1	 , 5	 , 149.99999, 
350	 , 56966	 , 0	 , 5	 , 149.99999, 
350	 , 58758	 , 0	 , 5	 , 149.99998, 
350	 , 55756	 , 0	 , 5	 , 150.0, 
350	 , 54390	 , 0	 , 5	 , 149.99999, 
350	 , 55840	 , 0	 , 5	 , 149.99998, 
350	 , 55744	 , 0	 , 5	 , 150.0, 
350	 , 58502	 , 0	 , 5	 , 149.99999, 
350	 , 56842	 , 0	 , 5	 , 150.0, 
350	 , 56700	 , 0	 , 5	 , 150.0, 
350	 , 59264	 , 1	 , 5	 , 149.99999, 
350	 , 55654	 , 0	 , 5	 , 149.99999, 
350	 , 56660	 , 0	 , 5	 , 150.0, 
350	 , 56616	 , 0	 , 5	 , 149.99999, 
350	 , 56498	 , 0	 , 5	 , 149.99999, 
350	 , 57464	 , 0	 , 5	 , 150.0, 
350	 , 57502	 , 0	 , 5	 , 149.99999, 
350	 , 57132	 , 0	 , 5	 , 149.99999, 
350	 , 56814	 , 0	 , 5	 , 149.99999, 
350	 , 58840	 , 0	 , 5	 , 149.99999, 
350	 , 55096	 , 0	 , 5	 , 150.0, 
350	 , 55128	 , 0	 , 5	 , 149.99998, 
350	 , 56230	 , 0	 , 5	 , 149.99995, 
350	 , 58284	 , 0	 , 5	 , 150.0, 
350	 , 56378	 , 1	 , 5	 , 150.0, 
350	 , 56198	 , 0	 , 5	 , 149.99999, 
350	 , 58058	 , 0	 , 5	 , 149.99999, 
350	 , 56138	 , 0	 , 5	 , 149.99998, 
350	 , 57664	 , 0	 , 5	 , 149.99997, 
350	 , 56984	 , 0	 , 5	 , 149.99999, 
350	 , 55700	 , 0	 , 5	 , 149.99999, 
350	 , 55646	 , 0	 , 5	 , 150.0, 
350	 , 55612	 , 0	 , 5	 , 150.0, 
350	 , 58206	 , 0	 , 5	 , 149.99999, 
350	 , 56332	 , 0	 , 5	 , 150.0, 
350	 , 57570	 , 0	 , 5	 , 150.0, 
350	 , 56626	 , 1	 , 5	 , 150.0, 
350	 , 57790	 , 0	 , 5	 , 150.0, 
350	 , 58448	 , 0	 , 5	 , 150.0, 
350	 , 54986	 , 0	 , 5	 , 150.0, 
350	 , 56364	 , 1	 , 5	 , 150.0, 
350	 , 56988	 , 0	 , 5	 , 149.99993, 
350	 , 56990	 , 0	 , 5	 , 149.99998, 
350	 , 58264	 , 0	 , 5	 , 150.0, 
350	 , 56196	 , 0	 , 5	 , 150.0, 
350	 , 57612	 , 0	 , 5	 , 149.99999, 
350	 , 56784	 , 0	 , 5	 , 149.99998, 
350	 , 58136	 , 0	 , 5	 , 150.0, 
350	 , 58202	 , 0	 , 5	 , 149.99998, 
350	 , 57116	 , 0	 , 5	 , 149.99999, 
350	 , 56168	 , 0	 , 5	 , 150.0, 
350	 , 56700	 , 0	 , 5	 , 149.99999, 
350	 , 55994	 , 0	 , 5	 , 150.0, 
350	 , 56794	 , 0	 , 5	 , 149.99994, 
350	 , 55000	 , 0	 , 5	 , 149.99993, 
350	 , 59252	 , 0	 , 5	 , 149.99999, 
350	 , 55748	 , 0	 , 5	 , 149.99999, 
350	 , 56656	 , 1	 , 5	 , 149.99999, 
350	 , 56584	 , 0	 , 5	 , 149.99999, 
350	 , 57052	 , 0	 , 5	 , 150.0, 
350	 , 57528	 , 0	 , 5	 , 149.99999, 
350	 , 56630	 , 0	 , 5	 , 149.99994, 
350	 , 57296	 , 0	 , 5	 , 149.99999, 
350	 , 57444	 , 0	 , 5	 , 149.99999, 
350	 , 56180	 , 0	 , 5	 , 149.99999, 
350	 , 58746	 , 0	 , 5	 , 150.0, 
350	 , 55950	 , 0	 , 5	 , 150.0, 
350	 , 56734	 , 0	 , 5	 , 150.0, 
350	 , 58424	 , 1	 , 5	 , 149.99999, 
350	 , 56396	 , 0	 , 5	 , 150.0, 
350	 , 57342	 , 0	 , 5	 , 149.99999, 
350	 , 58768	 , 0	 , 5	 , 149.99997, 
350	 , 56068	 , 0	 , 5	 , 150.0, 
350	 , 57844	 , 0	 , 5	 , 150.0, 
350	 , 56558	 , 1	 , 5	 , 149.99997, 
350	 , 58930	 , 0	 , 5	 , 149.99999, 
350	 , 56086	 , 1	 , 5	 , 149.99999, 
350	 , 56176	 , 0	 , 5	 , 149.99999, 
350	 , 56786	 , 0	 , 5	 , 149.99997, 
350	 , 57312	 , 0	 , 5	 , 149.99999, 
350	 , 58282	 , 0	 , 5	 , 149.99999, 
350	 , 57146	 , 0	 , 5	 , 149.99999, 
350	 , 54854	 , 0	 , 5	 , 149.99992, 
350	 , 56222	 , 0	 , 5	 , 150.0, 
350	 , 56738	 , 0	 , 5	 , 150.0, 
350	 , 56752	 , 0	 , 5	 , 149.99999, 
350	 , 55800	 , 0	 , 5	 , 150.0, 
350	 , 55958	 , 0	 , 5	 , 149.99999, 
350	 , 56244	 , 0	 , 5	 , 150.0, 
350	 , 56382	 , 1	 , 5	 , 150.0, 
350	 , 58174	 , 0	 , 5	 , 150.0, 
350	 , 57110	 , 0	 , 5	 , 149.99998, 
350	 , 54204	 , 0	 , 5	 , 149.99996, 
350	 , 55774	 , 0	 , 5	 , 150.0, 
350	 , 55772	 , 1	 , 5	 , 150.0, 
350	 , 57168	 , 0	 , 5	 , 149.99999, 
350	 , 55918	 , 0	 , 5	 , 150.0, 
350	 , 55318	 , 0	 , 5	 , 150.0, 
350	 , 57240	 , 0	 , 5	 , 150.0, 
350	 , 55306	 , 0	 , 5	 , 149.99999, 
350	 , 56134	 , 0	 , 5	 , 149.99995, 
350	 , 55158	 , 0	 , 5	 , 150.0, 
350	 , 56642	 , 0	 , 5	 , 149.99999, 
350	 , 56474	 , 0	 , 5	 , 149.99999, 
350	 , 56880	 , 0	 , 5	 , 149.99999, 
350	 , 58210	 , 0	 , 5	 , 149.99999, 
350	 , 56436	 , 0	 , 5	 , 149.99999, 
350	 , 56038	 , 0	 , 5	 , 150.0, 
350	 , 57848	 , 0	 , 5	 , 149.99999, 
350	 , 57098	 , 0	 , 5	 , 149.99999, 
350	 , 55442	 , 0	 , 5	 , 150.0, 
350	 , 56150	 , 0	 , 5	 , 149.99999, 
350	 , 56146	 , 0	 , 5	 , 149.99999, 
350	 , 56328	 , 0	 , 5	 , 149.99999, 
350	 , 56596	 , 0	 , 5	 , 149.99999, 
350	 , 57014	 , 1	 , 5	 , 150.0, 
350	 , 56398	 , 1	 , 5	 , 149.99999, 
350	 , 56002	 , 0	 , 5	 , 149.99996, 
350	 , 58106	 , 0	 , 5	 , 150.0, 
350	 , 56370	 , 2	 , 5	 , 149.99999, 
350	 , 55834	 , 0	 , 5	 , 150.0, 
350	 , 57064	 , 0	 , 5	 , 149.99999, 
350	 , 57898	 , 0	 , 5	 , 149.99999, 
350	 , 56434	 , 0	 , 5	 , 150.0, 
350	 , 56222	 , 0	 , 5	 , 150.0, 
350	 , 57038	 , 0	 , 5	 , 150.0, 
350	 , 57826	 , 0	 , 5	 , 150.0, 
350	 , 58024	 , 1	 , 5	 , 149.99999, 
350	 , 55996	 , 0	 , 5	 , 150.0, 
350	 , 58488	 , 0	 , 5	 , 149.99999, 
350	 , 56776	 , 0	 , 5	 , 150.0, 
350	 , 56092	 , 1	 , 5	 , 150.0, 
350	 , 56514	 , 0	 , 5	 , 149.99999, 
350	 , 55658	 , 0	 , 5	 , 149.99995, 
350	 , 56846	 , 1	 , 5	 , 150.0, 
350	 , 59654	 , 1	 , 5	 , 149.99999, 
350	 , 55948	 , 0	 , 5	 , 149.99999, 
350	 , 54646	 , 0	 , 5	 , 149.99999, 
350	 , 57158	 , 0	 , 5	 , 149.99999, 
350	 , 55732	 , 0	 , 5	 , 150.0, 
350	 , 56200	 , 0	 , 5	 , 149.99998, 
350	 , 55476	 , 0	 , 5	 , 149.99999, 
350	 , 57430	 , 0	 , 5	 , 149.99999, 
350	 , 56182	 , 1	 , 5	 , 149.99997, 
350	 , 56806	 , 0	 , 5	 , 150.0, 
350	 , 57540	 , 0	 , 5	 , 149.99999, 
350	 , 56896	 , 0	 , 5	 , 149.99999, 
350	 , 57928	 , 1	 , 5	 , 149.99999, 
350	 , 56746	 , 0	 , 5	 , 149.99999, 
350	 , 58650	 , 0	 , 5	 , 149.99999, 
350	 , 56394	 , 0	 , 5	 , 150.0, 
350	 , 54964	 , 0	 , 5	 , 150.0, 
350	 , 57066	 , 1	 , 5	 , 150.0, 
350	 , 56576	 , 1	 , 5	 , 149.99999, 
350	 , 57662	 , 0	 , 5	 , 150.0, 
350	 , 55584	 , 1	 , 5	 , 149.99999, 
350	 , 56612	 , 1	 , 5	 , 150.0, 
350	 , 55712	 , 0	 , 5	 , 149.99996, 
350	 , 56392	 , 0	 , 5	 , 149.99993, 
350	 , 56872	 , 0	 , 5	 , 149.99999, 
350	 , 56588	 , 0	 , 5	 , 150.0, 
350	 , 55750	 , 0	 , 5	 , 149.99996, 
350	 , 56378	 , 0	 , 5	 , 150.0, 
350	 , 56242	 , 0	 , 5	 , 149.9999, 
350	 , 56430	 , 0	 , 5	 , 150.0, 
350	 , 57032	 , 0	 , 5	 , 150.0, 
350	 , 58120	 , 2	 , 5	 , 149.99999, 
350	 , 55916	 , 0	 , 5	 , 150.0, 
350	 , 57390	 , 0	 , 5	 , 150.0, 
350	 , 56892	 , 0	 , 5	 , 149.99999, 
350	 , 56572	 , 1	 , 5	 , 150.0, 
350	 , 55840	 , 0	 , 5	 , 150.0, 
350	 , 56018	 , 0	 , 5	 , 149.99998, 
350	 , 55260	 , 0	 , 5	 , 150.0, 
350	 , 57472	 , 0	 , 5	 , 150.0, 
350	 , 55338	 , 0	 , 5	 , 149.99999, 
350	 , 55112	 , 0	 , 5	 , 150.0, 
350	 , 58774	 , 1	 , 5	 , 149.99999, 
350	 , 58814	 , 0	 , 5	 , 149.99999, 
350	 , 57306	 , 0	 , 5	 , 150.0, 
350	 , 57600	 , 0	 , 5	 , 149.99999, 
350	 , 56082	 , 0	 , 5	 , 150.0, 
350	 , 55330	 , 0	 , 5	 , 150.0, 
350	 , 58618	 , 1	 , 5	 , 149.99999, 
350	 , 56394	 , 0	 , 5	 , 149.99999, 
350	 , 55808	 , 0	 , 5	 , 149.99999, 
350	 , 58814	 , 1	 , 5	 , 149.99999, 
350	 , 55732	 , 1	 , 5	 , 149.99999, 
350	 , 55776	 , 0	 , 5	 , 149.99999, 
350	 , 57464	 , 0	 , 5	 , 149.99997, 
350	 , 56398	 , 0	 , 5	 , 150.0, 
350	 , 56432	 , 0	 , 5	 , 149.99999, 
350	 , 57854	 , 0	 , 5	 , 150.0, 
350	 , 56472	 , 0	 , 5	 , 150.0, 
400	 , 66344	 , 0	 , 5	 , 150.0, 
400	 , 66220	 , 1	 , 5	 , 149.99999, 
400	 , 65816	 , 0	 , 5	 , 150.0, 
400	 , 65196	 , 1	 , 5	 , 149.99999, 
400	 , 63548	 , 0	 , 5	 , 149.99999, 
400	 , 64262	 , 0	 , 5	 , 149.99999, 
400	 , 63482	 , 0	 , 5	 , 150.0, 
400	 , 65812	 , 0	 , 5	 , 149.99999, 
400	 , 64212	 , 0	 , 5	 , 150.0, 
400	 , 66654	 , 0	 , 5	 , 150.0, 
400	 , 64046	 , 0	 , 5	 , 149.99999, 
400	 , 63370	 , 0	 , 5	 , 150.0, 
400	 , 63904	 , 0	 , 5	 , 149.99999, 
400	 , 65116	 , 0	 , 5	 , 149.99996, 
400	 , 63048	 , 0	 , 5	 , 150.0, 
400	 , 65036	 , 0	 , 5	 , 149.99999, 
400	 , 64302	 , 0	 , 5	 , 149.99999, 
400	 , 63402	 , 0	 , 5	 , 150.0, 
400	 , 63722	 , 0	 , 5	 , 149.99999, 
400	 , 63706	 , 0	 , 5	 , 150.0, 
400	 , 64718	 , 0	 , 5	 , 149.99993, 
400	 , 64736	 , 0	 , 5	 , 149.99999, 
400	 , 65218	 , 0	 , 5	 , 150.0, 
400	 , 65492	 , 0	 , 5	 , 149.99998, 
400	 , 66158	 , 1	 , 5	 , 149.99999, 
400	 , 66648	 , 0	 , 5	 , 149.99999, 
400	 , 64002	 , 1	 , 5	 , 150.0, 
400	 , 64832	 , 1	 , 5	 , 149.99999, 
400	 , 63200	 , 0	 , 5	 , 149.99999, 
400	 , 63800	 , 0	 , 5	 , 150.0, 
400	 , 66800	 , 1	 , 5	 , 150.0, 
400	 , 63774	 , 0	 , 5	 , 149.99997, 
400	 , 65330	 , 0	 , 5	 , 149.99999, 
400	 , 64490	 , 1	 , 5	 , 149.99999, 
400	 , 63954	 , 0	 , 5	 , 149.99999, 
400	 , 62404	 , 0	 , 5	 , 149.99999, 
400	 , 65016	 , 0	 , 5	 , 150.0, 
400	 , 64306	 , 0	 , 5	 , 149.99998, 
400	 , 64020	 , 0	 , 5	 , 150.0, 
400	 , 63856	 , 0	 , 5	 , 150.0, 
400	 , 64186	 , 0	 , 5	 , 149.99999, 
400	 , 64322	 , 0	 , 5	 , 150.0, 
400	 , 64222	 , 0	 , 5	 , 149.99999, 
400	 , 64104	 , 0	 , 5	 , 149.99999, 
400	 , 62918	 , 0	 , 5	 , 150.0, 
400	 , 64514	 , 1	 , 5	 , 149.99999, 
400	 , 65650	 , 0	 , 5	 , 150.0, 
400	 , 63466	 , 0	 , 5	 , 149.99994, 
400	 , 64886	 , 0	 , 5	 , 150.0, 
400	 , 64724	 , 1	 , 5	 , 149.99999, 
400	 , 65972	 , 0	 , 5	 , 149.99999, 
400	 , 65782	 , 0	 , 5	 , 150.0, 
400	 , 65372	 , 1	 , 5	 , 150.0, 
400	 , 64850	 , 0	 , 5	 , 149.99999, 
400	 , 67618	 , 1	 , 5	 , 150.0, 
400	 , 66992	 , 0	 , 5	 , 150.0, 
400	 , 65288	 , 0	 , 5	 , 150.0, 
400	 , 64440	 , 1	 , 5	 , 149.99999, 
400	 , 63416	 , 0	 , 5	 , 149.99999, 
400	 , 63894	 , 0	 , 5	 , 150.0, 
400	 , 64138	 , 0	 , 5	 , 149.99999, 
400	 , 62856	 , 0	 , 5	 , 150.0, 
400	 , 61884	 , 0	 , 5	 , 149.99998, 
400	 , 64466	 , 0	 , 5	 , 149.99999, 
400	 , 64430	 , 0	 , 5	 , 150.0, 
400	 , 64414	 , 0	 , 5	 , 149.99998, 
400	 , 64158	 , 0	 , 5	 , 150.0, 
400	 , 65332	 , 0	 , 5	 , 149.99999, 
400	 , 64018	 , 0	 , 5	 , 149.99999, 
400	 , 65590	 , 0	 , 5	 , 149.99999, 
400	 , 63968	 , 0	 , 5	 , 149.99999, 
400	 , 64560	 , 0	 , 5	 , 150.0, 
400	 , 63828	 , 0	 , 5	 , 149.99999, 
400	 , 63012	 , 1	 , 5	 , 150.0, 
400	 , 67916	 , 0	 , 5	 , 149.99998, 
400	 , 66602	 , 0	 , 5	 , 150.0, 
400	 , 64672	 , 0	 , 5	 , 149.99999, 
400	 , 66128	 , 0	 , 5	 , 150.0, 
400	 , 64198	 , 0	 , 5	 , 149.99999, 
400	 , 65528	 , 0	 , 5	 , 149.99999, 
400	 , 63488	 , 0	 , 5	 , 150.0, 
400	 , 65074	 , 0	 , 5	 , 149.99993, 
400	 , 64456	 , 0	 , 5	 , 150.0, 
400	 , 66426	 , 1	 , 5	 , 149.99999, 
400	 , 65490	 , 0	 , 5	 , 149.99999, 
400	 , 64746	 , 1	 , 5	 , 150.0, 
400	 , 65610	 , 1	 , 5	 , 150.0, 
400	 , 65828	 , 0	 , 5	 , 149.99999, 
400	 , 64438	 , 0	 , 5	 , 150.0, 
400	 , 65944	 , 0	 , 5	 , 150.0, 
400	 , 63796	 , 0	 , 5	 , 150.0, 
400	 , 65680	 , 0	 , 5	 , 149.99999, 
400	 , 64982	 , 0	 , 5	 , 150.0, 
400	 , 64502	 , 0	 , 5	 , 150.0, 
400	 , 66498	 , 1	 , 5	 , 149.99999, 
400	 , 64524	 , 0	 , 5	 , 149.99999, 
400	 , 66032	 , 0	 , 5	 , 149.99999, 
400	 , 66638	 , 1	 , 5	 , 149.99999, 
400	 , 64494	 , 0	 , 5	 , 149.99999, 
400	 , 64270	 , 0	 , 5	 , 150.0, 
400	 , 67148	 , 0	 , 5	 , 149.99999, 
400	 , 66604	 , 0	 , 5	 , 149.99999, 
400	 , 62958	 , 0	 , 5	 , 150.0, 
400	 , 66830	 , 1	 , 5	 , 150.0, 
400	 , 65016	 , 0	 , 5	 , 149.99999, 
400	 , 63456	 , 0	 , 5	 , 150.0, 
400	 , 62864	 , 0	 , 5	 , 149.99999, 
400	 , 66852	 , 1	 , 5	 , 149.99999, 
400	 , 66926	 , 1	 , 5	 , 149.99999, 
400	 , 66154	 , 0	 , 5	 , 149.99998, 
400	 , 64982	 , 0	 , 5	 , 150.0, 
400	 , 63006	 , 0	 , 5	 , 149.99999, 
400	 , 65238	 , 0	 , 5	 , 149.99998, 
400	 , 64840	 , 0	 , 5	 , 149.99992, 
400	 , 66072	 , 0	 , 5	 , 149.99999, 
400	 , 66034	 , 0	 , 5	 , 149.99999, 
400	 , 66778	 , 0	 , 5	 , 150.0, 
400	 , 64174	 , 0	 , 5	 , 150.0, 
400	 , 66572	 , 1	 , 5	 , 149.99999, 
400	 , 63520	 , 0	 , 5	 , 150.0, 
400	 , 63706	 , 0	 , 5	 , 150.0, 
400	 , 65062	 , 1	 , 5	 , 150.0, 
400	 , 64738	 , 0	 , 5	 , 149.99999, 
400	 , 64442	 , 0	 , 5	 , 149.99999, 
400	 , 64194	 , 1	 , 5	 , 149.99999, 
400	 , 63972	 , 0	 , 5	 , 150.0, 
400	 , 63786	 , 0	 , 5	 , 150.0, 
400	 , 64266	 , 0	 , 5	 , 150.0, 
400	 , 66206	 , 0	 , 5	 , 150.0, 
400	 , 66706	 , 2	 , 5	 , 149.99999, 
400	 , 62230	 , 0	 , 5	 , 149.99976, 
400	 , 63424	 , 0	 , 5	 , 149.99999, 
400	 , 65008	 , 0	 , 5	 , 150.0, 
400	 , 65282	 , 0	 , 5	 , 150.0, 
400	 , 63822	 , 0	 , 5	 , 149.99999, 
400	 , 64566	 , 0	 , 5	 , 150.0, 
400	 , 65242	 , 0	 , 5	 , 149.99998, 
400	 , 65246	 , 0	 , 5	 , 150.0, 
400	 , 64186	 , 0	 , 5	 , 149.99999, 
400	 , 66480	 , 1	 , 5	 , 150.0, 
400	 , 64536	 , 0	 , 5	 , 150.0, 
400	 , 65228	 , 1	 , 5	 , 149.99999, 
400	 , 64782	 , 0	 , 5	 , 149.99999, 
400	 , 63322	 , 1	 , 5	 , 150.0, 
400	 , 65138	 , 1	 , 5	 , 150.0, 
400	 , 65208	 , 0	 , 5	 , 149.99999, 
400	 , 64474	 , 0	 , 5	 , 150.0, 
400	 , 65004	 , 0	 , 5	 , 149.99999, 
400	 , 66584	 , 1	 , 5	 , 150.0, 
400	 , 65190	 , 1	 , 5	 , 149.99999, 
400	 , 65144	 , 0	 , 5	 , 149.99999, 
400	 , 62868	 , 0	 , 5	 , 150.0, 
400	 , 67106	 , 1	 , 5	 , 149.99999, 
400	 , 65730	 , 0	 , 5	 , 149.99999, 
400	 , 66796	 , 0	 , 5	 , 150.0, 
400	 , 63472	 , 0	 , 5	 , 150.0, 
400	 , 64170	 , 1	 , 5	 , 150.0, 
400	 , 63286	 , 0	 , 5	 , 150.0, 
400	 , 63734	 , 0	 , 5	 , 150.0, 
400	 , 65288	 , 0	 , 5	 , 150.0, 
400	 , 65196	 , 0	 , 5	 , 150.0, 
400	 , 64032	 , 0	 , 5	 , 149.99999, 
400	 , 62268	 , 0	 , 5	 , 150.0, 
400	 , 64396	 , 0	 , 5	 , 150.0, 
400	 , 65324	 , 0	 , 5	 , 150.0, 
400	 , 63244	 , 0	 , 5	 , 150.0, 
400	 , 64738	 , 1	 , 5	 , 150.0, 
400	 , 64342	 , 0	 , 5	 , 149.99999, 
400	 , 64970	 , 1	 , 5	 , 149.99999, 
400	 , 65624	 , 0	 , 5	 , 149.99999, 
400	 , 63374	 , 0	 , 5	 , 150.0, 
400	 , 66374	 , 1	 , 5	 , 149.99999, 
400	 , 65972	 , 1	 , 5	 , 150.0, 
400	 , 67134	 , 0	 , 5	 , 150.0, 
400	 , 65310	 , 0	 , 5	 , 149.99996, 
400	 , 64804	 , 0	 , 5	 , 149.99999, 
400	 , 63914	 , 0	 , 5	 , 150.0, 
400	 , 63774	 , 0	 , 5	 , 150.0, 
400	 , 64730	 , 0	 , 5	 , 149.99999, 
400	 , 63980	 , 1	 , 5	 , 150.0, 
400	 , 64370	 , 0	 , 5	 , 149.99999, 
400	 , 66400	 , 0	 , 5	 , 149.99999, 
400	 , 61350	 , 0	 , 5	 , 149.99999, 
400	 , 64952	 , 0	 , 5	 , 150.0, 
400	 , 63990	 , 0	 , 5	 , 150.0, 
400	 , 64328	 , 2	 , 5	 , 150.0, 
400	 , 64426	 , 0	 , 5	 , 150.0, 
400	 , 66456	 , 1	 , 5	 , 150.0, 
400	 , 64440	 , 1	 , 5	 , 150.0, 
400	 , 64184	 , 0	 , 5	 , 150.0, 
400	 , 63532	 , 0	 , 5	 , 149.99999, 
400	 , 64570	 , 0	 , 5	 , 149.99998, 
400	 , 63566	 , 1	 , 5	 , 150.0, 
400	 , 64322	 , 0	 , 5	 , 150.0, 
400	 , 63266	 , 1	 , 5	 , 150.0, 
400	 , 64576	 , 1	 , 5	 , 149.99999, 
400	 , 66090	 , 1	 , 5	 , 150.0, 
400	 , 66532	 , 0	 , 5	 , 149.99999, 
400	 , 64654	 , 0	 , 5	 , 149.99999, 
400	 , 65490	 , 0	 , 5	 , 149.99999, 
400	 , 66390	 , 1	 , 5	 , 149.99999, 
400	 , 63802	 , 0	 , 5	 , 149.99999, 
400	 , 64336	 , 0	 , 5	 , 150.0, 
400	 , 64742	 , 0	 , 5	 , 150.0, 
400	 , 65838	 , 1	 , 5	 , 149.99998, 
400	 , 63282	 , 0	 , 5	 , 150.0, 
400	 , 66150	 , 0	 , 5	 , 150.0, 
400	 , 65010	 , 0	 , 5	 , 149.99999, 
400	 , 62932	 , 0	 , 5	 , 149.99999, 
400	 , 62226	 , 0	 , 5	 , 150.0, 
400	 , 64548	 , 0	 , 5	 , 150.0, 
400	 , 65804	 , 0	 , 5	 , 149.99999, 
400	 , 63398	 , 0	 , 5	 , 150.0, 
400	 , 65732	 , 0	 , 5	 , 149.99999, 
400	 , 65546	 , 0	 , 5	 , 149.99999, 
400	 , 66044	 , 0	 , 5	 , 149.99999, 
400	 , 64336	 , 0	 , 5	 , 149.99999, 
400	 , 65872	 , 0	 , 5	 , 150.0, 
400	 , 65922	 , 1	 , 5	 , 149.99999, 
400	 , 65972	 , 0	 , 5	 , 149.99999, 
400	 , 63740	 , 0	 , 5	 , 150.0, 
400	 , 63706	 , 0	 , 5	 , 149.99999, 
400	 , 64662	 , 0	 , 5	 , 149.99999, 
400	 , 64588	 , 0	 , 5	 , 149.99999, 
400	 , 65748	 , 0	 , 5	 , 149.99999, 
400	 , 64616	 , 0	 , 5	 , 149.99999, 
400	 , 63210	 , 0	 , 5	 , 150.0, 
400	 , 65074	 , 1	 , 5	 , 150.0, 
400	 , 65494	 , 1	 , 5	 , 149.99999, 
400	 , 63642	 , 0	 , 5	 , 150.0, 
400	 , 63452	 , 0	 , 5	 , 149.99999, 
400	 , 63910	 , 0	 , 5	 , 149.99999, 
400	 , 64030	 , 1	 , 5	 , 150.0, 
400	 , 64924	 , 0	 , 5	 , 149.99999, 
400	 , 62370	 , 0	 , 5	 , 149.99999, 
400	 , 64768	 , 0	 , 5	 , 150.0, 
400	 , 63746	 , 0	 , 5	 , 150.0, 
400	 , 65790	 , 0	 , 5	 , 149.99999, 
400	 , 64370	 , 0	 , 5	 , 150.0, 
400	 , 65516	 , 0	 , 5	 , 149.99999, 
400	 , 64748	 , 1	 , 5	 , 150.0, 
400	 , 65946	 , 0	 , 5	 , 149.99999, 
400	 , 67100	 , 0	 , 5	 , 150.0, 
400	 , 66026	 , 0	 , 5	 , 150.0, 
400	 , 64944	 , 0	 , 5	 , 150.0, 
400	 , 63262	 , 0	 , 5	 , 150.0, 
400	 , 64282	 , 0	 , 5	 , 150.0, 
400	 , 67096	 , 1	 , 5	 , 149.99999, 
400	 , 62994	 , 0	 , 5	 , 150.0, 
400	 , 65764	 , 0	 , 5	 , 149.99999]