[
50	 , 52566	 , 15	 , 24	 , 1.99901, 
50	 , 51724	 , 16	 , 35	 , 1.99872, 
50	 , 51800	 , 5	 , 24	 , 1.98437, 
50	 , 53342	 , 18	 , 25	 , 1.99988, 
50	 , 46924	 , 0	 , 23	 , 2.0, 
50	 , 53036	 , 0	 , 27	 , 1.99985, 
50	 , 51882	 , 14	 , 25	 , 1.99902, 
50	 , 53430	 , 17	 , 25	 , 1.99803, 
50	 , 52010	 , 11	 , 26	 , 1.98175, 
50	 , 51964	 , 14	 , 25	 , 1.99023, 
50	 , 52586	 , 4	 , 26	 , 1.9668, 
50	 , 52764	 , 1	 , 26	 , 1.96872, 
50	 , 52206	 , 0	 , 25	 , 1.99986, 
50	 , 52344	 , 4	 , 26	 , 1.99626, 
50	 , 51742	 , 14	 , 25	 , 1.99036, 
50	 , 51814	 , 6	 , 25	 , 1.99901, 
50	 , 52086	 , 15	 , 25	 , 1.99902, 
50	 , 51730	 , 4	 , 26	 , 1.99939, 
50	 , 52340	 , 17	 , 25	 , 1.99205, 
50	 , 40174	 , 0	 , 20	 , 2.0, 
50	 , 52260	 , 11	 , 25	 , 1.99976, 
50	 , 44042	 , 0	 , 23	 , 2.0, 
50	 , 52796	 , 4	 , 27	 , 1.97656, 
50	 , 53234	 , 6	 , 26	 , 1.99707, 
50	 , 53220	 , 19	 , 26	 , 1.99792, 
50	 , 51822	 , 7	 , 26	 , 1.98239, 
50	 , 40770	 , 0	 , 20	 , 2.0, 
50	 , 51220	 , 5	 , 25	 , 1.99194, 
50	 , 52376	 , 20	 , 25	 , 1.98291, 
50	 , 52784	 , 6	 , 26	 , 1.92969, 
50	 , 52842	 , 15	 , 26	 , 1.96716, 
50	 , 51772	 , 10	 , 24	 , 1.98436, 
50	 , 52264	 , 13	 , 26	 , 1.99205, 
50	 , 52938	 , 3	 , 26	 , 1.99939, 
50	 , 52732	 , 22	 , 26	 , 1.99878, 
50	 , 51268	 , 22	 , 31	 , 1.99976, 
50	 , 52770	 , 2	 , 25	 , 1.875, 
50	 , 53256	 , 10	 , 25	 , 1.99487, 
50	 , 51888	 , 2	 , 26	 , 1.99463, 
50	 , 51784	 , 4	 , 25	 , 1.99606, 
50	 , 51476	 , 8	 , 25	 , 1.99974, 
50	 , 52058	 , 3	 , 26	 , 1.96704, 
50	 , 51530	 , 3	 , 25	 , 1.99997, 
50	 , 52438	 , 6	 , 24	 , 1.99205, 
50	 , 53174	 , 11	 , 26	 , 1.96771, 
50	 , 51884	 , 5	 , 25	 , 1.99998, 
50	 , 52458	 , 12	 , 25	 , 1.96915, 
50	 , 51992	 , 15	 , 25	 , 1.99841, 
50	 , 51350	 , 15	 , 25	 , 1.98828, 
50	 , 51714	 , 26	 , 37	 , 1.99976, 
50	 , 21412	 , 0	 , 12	 , 2.0, 
50	 , 52756	 , 19	 , 26	 , 1.99756, 
50	 , 53066	 , 17	 , 24	 , 1.99944, 
50	 , 52248	 , 8	 , 27	 , 1.99609, 
50	 , 51238	 , 14	 , 23	 , 1.99893, 
50	 , 52550	 , 0	 , 24	 , 1.998, 
50	 , 46158	 , 0	 , 23	 , 2.0, 
50	 , 52594	 , 13	 , 25	 , 1.99512, 
50	 , 52828	 , 14	 , 25	 , 1.99986, 
50	 , 53156	 , 16	 , 25	 , 1.99707, 
50	 , 53822	 , 18	 , 25	 , 1.99991, 
50	 , 51932	 , 0	 , 26	 , 1.99829, 
50	 , 52490	 , 4	 , 26	 , 1.99847, 
50	 , 51806	 , 5	 , 26	 , 1.99901, 
50	 , 52742	 , 5	 , 27	 , 1.99214, 
50	 , 51318	 , 17	 , 25	 , 1.99606, 
50	 , 51950	 , 12	 , 25	 , 1.99921, 
50	 , 51866	 , 17	 , 25	 , 1.99812, 
50	 , 51274	 , 7	 , 25	 , 1.99185, 
50	 , 51828	 , 2	 , 26	 , 1.99969, 
50	 , 53020	 , 1	 , 26	 , 1.99997, 
50	 , 53564	 , 4	 , 27	 , 1.95062, 
50	 , 36872	 , 0	 , 20	 , 2.0, 
50	 , 51642	 , 3	 , 25	 , 1.99011, 
50	 , 53362	 , 5	 , 27	 , 1.99809, 
50	 , 15622	 , 0	 , 10	 , 2.0, 
50	 , 51770	 , 50	 , 56	 , 1.99968, 
50	 , 51652	 , 14	 , 24	 , 1.9801, 
50	 , 51484	 , 10	 , 25	 , 1.99849, 
50	 , 53746	 , 4	 , 26	 , 1.99121, 
50	 , 53186	 , 7	 , 26	 , 1.99527, 
50	 , 53168	 , 2	 , 27	 , 1.96373, 
50	 , 51898	 , 5	 , 24	 , 1.98437, 
50	 , 52938	 , 6	 , 25	 , 1.96873, 
50	 , 52994	 , 5	 , 24	 , 1.99599, 
50	 , 52906	 , 16	 , 25	 , 1.98828, 
50	 , 52470	 , 20	 , 25	 , 1.98479, 
50	 , 51804	 , 13	 , 26	 , 1.99144, 
50	 , 52392	 , 10	 , 25	 , 1.9978, 
50	 , 52946	 , 16	 , 24	 , 1.9998, 
50	 , 52232	 , 20	 , 25	 , 1.99216, 
50	 , 53348	 , 17	 , 24	 , 1.99489, 
50	 , 52150	 , 10	 , 25	 , 1.98743, 
50	 , 51238	 , 6	 , 25	 , 1.99792, 
50	 , 52150	 , 6	 , 26	 , 1.99535, 
50	 , 53230	 , 18	 , 26	 , 1.99995, 
50	 , 52018	 , 0	 , 25	 , 1.99753, 
50	 , 52506	 , 18	 , 25	 , 1.98413, 
50	 , 52696	 , 4	 , 25	 , 1.99982, 
50	 , 51548	 , 7	 , 24	 , 1.99995, 
50	 , 52990	 , 19	 , 26	 , 1.99217, 
50	 , 52356	 , 2	 , 26	 , 1.99561, 
50	 , 54010	 , 5	 , 25	 , 1.99797, 
50	 , 52870	 , 5	 , 26	 , 1.96387, 
50	 , 52952	 , 4	 , 26	 , 1.99969, 
50	 , 48344	 , 0	 , 23	 , 2.0, 
50	 , 52686	 , 4	 , 25	 , 1.96875, 
50	 , 52740	 , 5	 , 27	 , 1.99838, 
50	 , 52836	 , 10	 , 25	 , 1.99966, 
50	 , 51904	 , 2	 , 24	 , 1.99219, 
50	 , 51850	 , 10	 , 25	 , 1.93744, 
50	 , 53366	 , 9	 , 26	 , 1.99963, 
50	 , 52608	 , 7	 , 25	 , 1.99707, 
50	 , 51804	 , 2	 , 24	 , 1.96826, 
50	 , 53374	 , 6	 , 25	 , 1.99673, 
50	 , 53124	 , 14	 , 27	 , 1.99841, 
50	 , 51388	 , 14	 , 24	 , 1.99266, 
50	 , 51496	 , 8	 , 26	 , 1.99944, 
50	 , 52004	 , 16	 , 24	 , 1.99826, 
50	 , 52372	 , 0	 , 25	 , 1.99707, 
50	 , 52816	 , 4	 , 26	 , 1.94481, 
50	 , 53302	 , 11	 , 27	 , 1.99997, 
50	 , 53218	 , 6	 , 25	 , 1.96875, 
50	 , 51606	 , 3	 , 24	 , 1.99774, 
50	 , 51898	 , 14	 , 25	 , 1.98582, 
50	 , 51552	 , 1	 , 27	 , 1.99606, 
50	 , 53008	 , 9	 , 26	 , 1.99995, 
50	 , 53184	 , 4	 , 26	 , 1.98437, 
50	 , 52792	 , 1	 , 26	 , 1.99948, 
50	 , 53426	 , 7	 , 25	 , 1.98791, 
50	 , 10834	 , 0	 , 7	 , 2.0, 
50	 , 53096	 , 16	 , 26	 , 1.99998, 
50	 , 52498	 , 0	 , 25	 , 1.99156, 
50	 , 52588	 , 4	 , 26	 , 1.99998, 
50	 , 51576	 , 14	 , 25	 , 1.99992, 
50	 , 52936	 , 4	 , 26	 , 1.99892, 
50	 , 52490	 , 0	 , 25	 , 1.99966, 
50	 , 52328	 , 7	 , 24	 , 1.99316, 
50	 , 40840	 , 0	 , 20	 , 2.0, 
50	 , 52730	 , 8	 , 27	 , 1.98235, 
50	 , 53228	 , 5	 , 25	 , 1.99899, 
50	 , 48790	 , 0	 , 25	 , 2.0, 
50	 , 52062	 , 18	 , 25	 , 1.99998, 
50	 , 52384	 , 13	 , 25	 , 1.99963, 
50	 , 51722	 , 6	 , 26	 , 1.99821, 
50	 , 52418	 , 5	 , 26	 , 1.98437, 
50	 , 53072	 , 0	 , 25	 , 1.99901, 
50	 , 52442	 , 14	 , 26	 , 1.99805, 
50	 , 51796	 , 4	 , 26	 , 1.99414, 
50	 , 53412	 , 4	 , 26	 , 1.97751, 
50	 , 52404	 , 11	 , 26	 , 1.99606, 
50	 , 51448	 , 2	 , 25	 , 1.99796, 
50	 , 51244	 , 9	 , 25	 , 1.99911, 
50	 , 51304	 , 12	 , 24	 , 1.99992, 
50	 , 53094	 , 2	 , 26	 , 1.97748, 
50	 , 53186	 , 0	 , 26	 , 1.98437, 
50	 , 52576	 , 5	 , 27	 , 1.98279, 
50	 , 51410	 , 14	 , 25	 , 1.99591, 
50	 , 52988	 , 7	 , 27	 , 1.97266, 
50	 , 52062	 , 4	 , 26	 , 1.99992, 
50	 , 52050	 , 4	 , 26	 , 1.99985, 
50	 , 52632	 , 14	 , 25	 , 1.99216, 
50	 , 53124	 , 4	 , 27	 , 1.9985, 
50	 , 51824	 , 4	 , 25	 , 1.98422, 
50	 , 52762	 , 7	 , 27	 , 1.99994, 
50	 , 51906	 , 3	 , 25	 , 1.96872, 
50	 , 51268	 , 0	 , 24	 , 1.99608, 
50	 , 51874	 , 2	 , 26	 , 1.99213, 
50	 , 52008	 , 3	 , 26	 , 1.99915, 
50	 , 51898	 , 2	 , 25	 , 1.9998, 
50	 , 53434	 , 3	 , 25	 , 1.99219, 
50	 , 51518	 , 0	 , 25	 , 1.98625, 
50	 , 51936	 , 3	 , 25	 , 1.99854, 
50	 , 53028	 , 16	 , 26	 , 1.9917, 
50	 , 52246	 , 0	 , 25	 , 1.99994, 
50	 , 51410	 , 14	 , 23	 , 1.99994, 
50	 , 51876	 , 11	 , 25	 , 1.99945, 
50	 , 51284	 , 0	 , 25	 , 1.99924, 
50	 , 53120	 , 2	 , 27	 , 1.98509, 
50	 , 53286	 , 5	 , 25	 , 1.99994, 
50	 , 51814	 , 19	 , 25	 , 1.96849, 
50	 , 52308	 , 18	 , 25	 , 1.99966, 
50	 , 52574	 , 0	 , 25	 , 1.98262, 
50	 , 52506	 , 11	 , 26	 , 1.99802, 
50	 , 52452	 , 2	 , 26	 , 1.99986, 
50	 , 51554	 , 0	 , 25	 , 1.99994, 
50	 , 52978	 , 15	 , 24	 , 1.99707, 
50	 , 51682	 , 10	 , 25	 , 1.9834, 
50	 , 51284	 , 19	 , 25	 , 1.99023, 
50	 , 52920	 , 8	 , 27	 , 1.99915, 
50	 , 52368	 , 0	 , 26	 , 1.99947, 
50	 , 53628	 , 3	 , 27	 , 1.99902, 
50	 , 12252	 , 0	 , 8	 , 2.0, 
50	 , 51762	 , 3	 , 24	 , 1.99207, 
50	 , 53306	 , 24	 , 27	 , 1.92749, 
50	 , 51994	 , 13	 , 26	 , 1.99797, 
50	 , 40878	 , 0	 , 20	 , 2.0, 
50	 , 51344	 , 2	 , 25	 , 1.99966, 
50	 , 52652	 , 1	 , 27	 , 1.9799, 
50	 , 52624	 , 16	 , 25	 , 1.98437, 
50	 , 51384	 , 15	 , 26	 , 1.9834, 
50	 , 51486	 , 5	 , 25	 , 1.99902, 
50	 , 27678	 , 0	 , 15	 , 2.0, 
50	 , 52024	 , 0	 , 25	 , 1.99997, 
50	 , 52722	 , 13	 , 25	 , 1.99785, 
50	 , 53414	 , 8	 , 26	 , 1.99976, 
50	 , 52250	 , 7	 , 25	 , 1.99898, 
50	 , 52690	 , 0	 , 26	 , 1.97412, 
50	 , 31856	 , 0	 , 17	 , 2.0, 
50	 , 53234	 , 18	 , 26	 , 1.98419, 
50	 , 51466	 , 13	 , 25	 , 1.99876, 
50	 , 53236	 , 3	 , 25	 , 1.98534, 
50	 , 52732	 , 17	 , 25	 , 1.98817, 
50	 , 51940	 , 9	 , 24	 , 1.98044, 
50	 , 51220	 , 15	 , 25	 , 1.99608, 
50	 , 53058	 , 18	 , 25	 , 1.99219, 
50	 , 52082	 , 13	 , 25	 , 1.98437, 
50	 , 51450	 , 4	 , 25	 , 1.9989, 
50	 , 51454	 , 8	 , 25	 , 1.99997, 
50	 , 52402	 , 12	 , 26	 , 1.99797, 
50	 , 52188	 , 2	 , 25	 , 1.99994, 
50	 , 51366	 , 5	 , 27	 , 1.99994, 
50	 , 51782	 , 9	 , 26	 , 1.95018, 
50	 , 51820	 , 15	 , 25	 , 1.98021, 
50	 , 52626	 , 11	 , 27	 , 1.99609, 
50	 , 52826	 , 2	 , 26	 , 1.99512, 
50	 , 52364	 , 12	 , 25	 , 1.96442, 
50	 , 51904	 , 0	 , 25	 , 2.0, 
50	 , 51468	 , 0	 , 26	 , 1.99681, 
50	 , 51530	 , 38	 , 49	 , 1.99994, 
50	 , 53700	 , 4	 , 27	 , 1.9978, 
50	 , 51838	 , 15	 , 24	 , 1.99219, 
50	 , 52840	 , 8	 , 25	 , 1.97066, 
50	 , 53070	 , 10	 , 26	 , 1.99899, 
50	 , 52740	 , 0	 , 26	 , 1.99951, 
50	 , 51618	 , 14	 , 25	 , 1.96973, 
50	 , 52634	 , 11	 , 25	 , 1.99402, 
50	 , 52994	 , 3	 , 27	 , 1.99994, 
50	 , 51266	 , 14	 , 25	 , 1.99951, 
50	 , 25082	 , 0	 , 14	 , 2.0, 
50	 , 51848	 , 18	 , 25	 , 1.99991, 
50	 , 52450	 , 13	 , 27	 , 1.99963, 
50	 , 51332	 , 7	 , 26	 , 1.99994, 
50	 , 52594	 , 3	 , 26	 , 1.99985, 
50	 , 51998	 , 10	 , 24	 , 1.99561, 
50	 , 51564	 , 1	 , 25	 , 1.97461, 
50	 , 51384	 , 6	 , 25	 , 1.98827, 
50	 , 51586	 , 7	 , 25	 , 1.99976, 
50	 , 52130	 , 3	 , 26	 , 1.96475, 
50	 , 52760	 , 7	 , 25	 , 1.96849, 
100	 , 55820	 , 6	 , 14	 , 1.99997, 
100	 , 55508	 , 8	 , 14	 , 1.99608, 
100	 , 54382	 , 0	 , 14	 , 1.99854, 
100	 , 51268	 , 4	 , 14	 , 1.99573, 
100	 , 51838	 , 4	 , 14	 , 1.99902, 
100	 , 54764	 , 6	 , 14	 , 1.99969, 
100	 , 51438	 , 2	 , 14	 , 1.99507, 
100	 , 26054	 , 0	 , 8	 , 2.0, 
100	 , 54900	 , 7	 , 14	 , 1.9995, 
100	 , 54452	 , 5	 , 14	 , 1.99846, 
100	 , 53030	 , 0	 , 15	 , 2.0, 
100	 , 53762	 , 6	 , 13	 , 1.99992, 
100	 , 55458	 , 3	 , 15	 , 1.99802, 
100	 , 55470	 , 5	 , 15	 , 1.99515, 
100	 , 52910	 , 6	 , 13	 , 1.99973, 
100	 , 55576	 , 6	 , 14	 , 1.99582, 
100	 , 51378	 , 5	 , 14	 , 1.99605, 
100	 , 51504	 , 1	 , 14	 , 1.99998, 
100	 , 52554	 , 9	 , 13	 , 1.99744, 
100	 , 53482	 , 4	 , 14	 , 1.99997, 
100	 , 51382	 , 8	 , 13	 , 1.98138, 
100	 , 52082	 , 4	 , 14	 , 1.98621, 
100	 , 51760	 , 8	 , 14	 , 1.99808, 
100	 , 53584	 , 7	 , 14	 , 1.99182, 
100	 , 56066	 , 7	 , 14	 , 1.99445, 
100	 , 51478	 , 7	 , 13	 , 1.99585, 
100	 , 52046	 , 3	 , 14	 , 1.99832, 
100	 , 53932	 , 5	 , 14	 , 1.99998, 
100	 , 51400	 , 7	 , 13	 , 1.99991, 
100	 , 51320	 , 7	 , 13	 , 1.99995, 
100	 , 55432	 , 8	 , 14	 , 1.99988, 
100	 , 54988	 , 6	 , 14	 , 1.99213, 
100	 , 53172	 , 5	 , 14	 , 1.99902, 
100	 , 21816	 , 0	 , 7	 , 2.0, 
100	 , 51790	 , 3	 , 14	 , 1.99121, 
100	 , 52342	 , 7	 , 14	 , 1.99995, 
100	 , 54736	 , 3	 , 15	 , 1.99979, 
100	 , 55562	 , 6	 , 14	 , 1.99998, 
100	 , 54700	 , 3	 , 15	 , 1.99992, 
100	 , 55232	 , 3	 , 15	 , 1.99988, 
100	 , 52434	 , 2	 , 14	 , 1.99947, 
100	 , 53954	 , 6	 , 13	 , 1.9939, 
100	 , 52560	 , 4	 , 14	 , 1.98437, 
100	 , 54980	 , 3	 , 14	 , 1.99953, 
100	 , 51294	 , 0	 , 14	 , 1.99966, 
100	 , 52288	 , 13	 , 21	 , 1.99991, 
100	 , 52646	 , 4	 , 14	 , 1.9975, 
100	 , 54838	 , 6	 , 14	 , 1.99631, 
100	 , 54114	 , 6	 , 14	 , 1.99777, 
100	 , 21118	 , 0	 , 7	 , 2.0, 
100	 , 37800	 , 0	 , 11	 , 2.0, 
100	 , 53952	 , 6	 , 14	 , 1.9375, 
100	 , 55782	 , 8	 , 14	 , 1.99803, 
100	 , 55630	 , 5	 , 15	 , 1.98534, 
100	 , 54318	 , 7	 , 14	 , 1.97642, 
100	 , 54786	 , 3	 , 14	 , 1.99948, 
100	 , 52932	 , 0	 , 14	 , 2.0, 
100	 , 30354	 , 0	 , 9	 , 2.0, 
100	 , 56428	 , 7	 , 14	 , 1.9995, 
100	 , 55200	 , 6	 , 14	 , 1.99915, 
100	 , 52398	 , 0	 , 14	 , 1.99901, 
100	 , 53954	 , 6	 , 14	 , 1.99902, 
100	 , 51322	 , 4	 , 14	 , 1.99902, 
100	 , 52044	 , 7	 , 13	 , 1.99097, 
100	 , 25278	 , 0	 , 8	 , 2.0, 
100	 , 53594	 , 7	 , 14	 , 1.99902, 
100	 , 54504	 , 0	 , 14	 , 1.99216, 
100	 , 56392	 , 6	 , 14	 , 1.9751, 
100	 , 54154	 , 2	 , 15	 , 1.99986, 
100	 , 51292	 , 6	 , 13	 , 1.99997, 
100	 , 53460	 , 6	 , 13	 , 1.99986, 
100	 , 53118	 , 5	 , 14	 , 1.99463, 
100	 , 53912	 , 5	 , 14	 , 1.99939, 
100	 , 52636	 , 5	 , 14	 , 1.99982, 
100	 , 55236	 , 2	 , 15	 , 1.99976, 
100	 , 52892	 , 6	 , 14	 , 1.97168, 
100	 , 55944	 , 5	 , 14	 , 1.99997, 
100	 , 54638	 , 6	 , 14	 , 1.99994, 
100	 , 52664	 , 0	 , 14	 , 1.96092, 
100	 , 54910	 , 0	 , 14	 , 1.99701, 
100	 , 54186	 , 11	 , 14	 , 1.99606, 
100	 , 54860	 , 3	 , 14	 , 1.99902, 
100	 , 54210	 , 2	 , 15	 , 1.99995, 
100	 , 22420	 , 0	 , 7	 , 2.0, 
100	 , 56022	 , 9	 , 14	 , 1.99985, 
100	 , 52900	 , 5	 , 13	 , 1.99805, 
100	 , 52754	 , 0	 , 14	 , 1.99866, 
100	 , 52940	 , 3	 , 14	 , 1.99901, 
100	 , 51446	 , 0	 , 14	 , 1.99998, 
100	 , 52990	 , 6	 , 14	 , 1.99802, 
100	 , 54902	 , 1	 , 15	 , 1.99677, 
100	 , 53078	 , 10	 , 19	 , 1.99997, 
100	 , 54104	 , 1	 , 14	 , 1.99803, 
100	 , 53376	 , 5	 , 14	 , 1.99805, 
100	 , 52526	 , 5	 , 13	 , 1.98828, 
100	 , 52990	 , 6	 , 14	 , 1.99899, 
100	 , 55640	 , 4	 , 15	 , 1.99985, 
100	 , 53734	 , 0	 , 14	 , 1.99925, 
100	 , 53956	 , 5	 , 14	 , 1.99979, 
100	 , 55004	 , 6	 , 14	 , 1.99939, 
100	 , 53748	 , 8	 , 13	 , 1.99846, 
100	 , 51454	 , 7	 , 13	 , 1.99902, 
100	 , 55598	 , 3	 , 15	 , 1.99971, 
100	 , 51392	 , 6	 , 13	 , 1.99988, 
100	 , 51308	 , 3	 , 14	 , 1.99998, 
100	 , 54662	 , 6	 , 14	 , 1.99991, 
100	 , 52466	 , 5	 , 14	 , 1.99992, 
100	 , 53268	 , 7	 , 13	 , 1.99789, 
100	 , 51710	 , 6	 , 14	 , 1.99988, 
100	 , 55716	 , 3	 , 15	 , 1.99974, 
100	 , 52320	 , 7	 , 14	 , 1.99979, 
100	 , 53192	 , 2	 , 14	 , 1.96875, 
100	 , 54766	 , 5	 , 14	 , 1.99463, 
100	 , 53514	 , 9	 , 14	 , 1.99901, 
100	 , 53482	 , 8	 , 13	 , 1.99805, 
100	 , 54044	 , 3	 , 14	 , 1.9989, 
100	 , 33008	 , 0	 , 10	 , 2.0, 
100	 , 53118	 , 4	 , 14	 , 1.99976, 
100	 , 51634	 , 5	 , 14	 , 1.99902, 
100	 , 21774	 , 0	 , 7	 , 2.0, 
100	 , 55480	 , 3	 , 15	 , 1.99944, 
100	 , 55254	 , 0	 , 14	 , 1.99213, 
100	 , 51800	 , 3	 , 14	 , 1.99998, 
100	 , 53444	 , 2	 , 14	 , 1.99878, 
100	 , 53154	 , 6	 , 14	 , 1.99005, 
100	 , 52654	 , 0	 , 13	 , 1.99535, 
100	 , 52328	 , 5	 , 13	 , 1.99805, 
100	 , 53516	 , 8	 , 13	 , 1.97653, 
100	 , 55948	 , 7	 , 14	 , 1.99995, 
100	 , 51666	 , 4	 , 14	 , 1.99083, 
100	 , 54296	 , 5	 , 14	 , 1.99219, 
100	 , 53604	 , 0	 , 14	 , 1.99973, 
100	 , 56164	 , 5	 , 15	 , 1.99925, 
100	 , 53184	 , 6	 , 14	 , 1.99998, 
100	 , 54692	 , 8	 , 14	 , 1.99956, 
100	 , 56160	 , 8	 , 14	 , 1.99858, 
100	 , 52228	 , 6	 , 14	 , 1.99928, 
100	 , 53100	 , 4	 , 14	 , 1.998, 
100	 , 51926	 , 5	 , 13	 , 1.99806, 
100	 , 52860	 , 7	 , 14	 , 1.99408, 
100	 , 54550	 , 8	 , 14	 , 1.99803, 
100	 , 53400	 , 4	 , 14	 , 1.99997, 
100	 , 33854	 , 0	 , 10	 , 2.0, 
100	 , 52086	 , 6	 , 13	 , 1.97455, 
100	 , 53982	 , 0	 , 15	 , 1.98437, 
100	 , 55976	 , 6	 , 14	 , 1.99976, 
100	 , 52666	 , 4	 , 13	 , 1.96684, 
100	 , 55298	 , 4	 , 14	 , 1.98396, 
100	 , 55280	 , 8	 , 14	 , 1.99994, 
100	 , 54034	 , 9	 , 17	 , 1.99998, 
100	 , 56556	 , 8	 , 14	 , 1.99998, 
100	 , 55102	 , 7	 , 14	 , 1.97604, 
100	 , 53060	 , 4	 , 14	 , 1.99998, 
100	 , 52992	 , 7	 , 13	 , 1.96869, 
100	 , 38122	 , 0	 , 11	 , 2.0, 
100	 , 54698	 , 3	 , 15	 , 1.99992, 
100	 , 54260	 , 7	 , 14	 , 1.9998, 
100	 , 24828	 , 0	 , 8	 , 2.0, 
100	 , 56350	 , 7	 , 14	 , 1.9998, 
100	 , 22766	 , 0	 , 7	 , 2.0, 
100	 , 55312	 , 4	 , 15	 , 1.99994, 
100	 , 52074	 , 17	 , 24	 , 1.99998, 
100	 , 52424	 , 5	 , 14	 , 1.99982, 
100	 , 52150	 , 4	 , 14	 , 1.99998, 
100	 , 52306	 , 0	 , 14	 , 1.99976, 
100	 , 52888	 , 6	 , 13	 , 1.99983, 
100	 , 53314	 , 3	 , 14	 , 1.99214, 
100	 , 54980	 , 8	 , 14	 , 1.98485, 
100	 , 51946	 , 7	 , 13	 , 1.99902, 
100	 , 54948	 , 2	 , 14	 , 1.99864, 
100	 , 47960	 , 0	 , 14	 , 2.0, 
100	 , 53084	 , 8	 , 13	 , 1.99854, 
100	 , 53740	 , 7	 , 14	 , 1.99988, 
100	 , 54034	 , 3	 , 14	 , 1.99023, 
100	 , 53816	 , 2	 , 15	 , 1.99998, 
100	 , 55248	 , 9	 , 14	 , 1.99976, 
100	 , 51696	 , 8	 , 13	 , 1.99994, 
100	 , 54290	 , 6	 , 14	 , 1.99902, 
100	 , 52144	 , 5	 , 14	 , 1.99768, 
100	 , 54952	 , 8	 , 14	 , 1.99988, 
100	 , 54896	 , 6	 , 14	 , 1.99998, 
100	 , 53586	 , 5	 , 14	 , 1.99962, 
100	 , 54690	 , 0	 , 15	 , 1.99966, 
100	 , 53258	 , 0	 , 14	 , 1.98907, 
100	 , 51896	 , 0	 , 13	 , 1.99074, 
100	 , 56088	 , 7	 , 14	 , 1.99998, 
100	 , 53286	 , 0	 , 14	 , 1.99988, 
100	 , 55842	 , 6	 , 14	 , 1.99898, 
100	 , 55234	 , 6	 , 14	 , 1.99988, 
100	 , 53160	 , 7	 , 14	 , 1.99992, 
100	 , 52976	 , 7	 , 14	 , 1.99597, 
100	 , 54792	 , 0	 , 15	 , 1.99951, 
100	 , 52272	 , 3	 , 14	 , 1.99597, 
100	 , 52842	 , 6	 , 14	 , 1.99962, 
100	 , 53618	 , 4	 , 14	 , 1.99994, 
100	 , 53248	 , 4	 , 14	 , 1.98778, 
100	 , 52616	 , 3	 , 14	 , 1.99805, 
100	 , 53182	 , 7	 , 13	 , 1.99803, 
100	 , 28620	 , 0	 , 9	 , 2.0, 
100	 , 54720	 , 5	 , 14	 , 1.99982, 
100	 , 51236	 , 7	 , 13	 , 1.99234, 
100	 , 54250	 , 3	 , 14	 , 1.99211, 
100	 , 53782	 , 4	 , 14	 , 1.99902, 
100	 , 20854	 , 0	 , 7	 , 2.0, 
100	 , 54890	 , 3	 , 15	 , 1.99527, 
100	 , 25696	 , 0	 , 8	 , 2.0, 
100	 , 55140	 , 3	 , 15	 , 1.99854, 
100	 , 54516	 , 8	 , 14	 , 1.99994, 
100	 , 53168	 , 6	 , 14	 , 1.99437, 
100	 , 51838	 , 8	 , 13	 , 1.99207, 
100	 , 52286	 , 5	 , 14	 , 1.99512, 
100	 , 51466	 , 13	 , 21	 , 1.99997, 
100	 , 22870	 , 0	 , 7	 , 2.0, 
100	 , 55186	 , 9	 , 14	 , 1.99692, 
100	 , 55526	 , 7	 , 14	 , 1.99994, 
100	 , 56066	 , 7	 , 13	 , 1.99995, 
100	 , 55352	 , 7	 , 14	 , 1.9985, 
100	 , 51888	 , 4	 , 14	 , 1.99202, 
100	 , 54952	 , 3	 , 15	 , 1.99998, 
100	 , 52390	 , 9	 , 18	 , 1.99997, 
100	 , 53412	 , 7	 , 14	 , 1.99826, 
100	 , 54008	 , 7	 , 14	 , 1.99936, 
100	 , 53888	 , 6	 , 14	 , 1.99608, 
100	 , 53190	 , 5	 , 14	 , 1.99799, 
100	 , 55780	 , 4	 , 15	 , 1.95116, 
100	 , 51410	 , 5	 , 13	 , 1.99951, 
100	 , 24756	 , 0	 , 8	 , 2.0, 
100	 , 52894	 , 4	 , 14	 , 1.98851, 
100	 , 55784	 , 7	 , 14	 , 1.99982, 
100	 , 55296	 , 7	 , 13	 , 1.99988, 
100	 , 55778	 , 9	 , 14	 , 1.9823, 
100	 , 56028	 , 8	 , 14	 , 1.99997, 
100	 , 54076	 , 4	 , 14	 , 1.99219, 
100	 , 51670	 , 2	 , 15	 , 1.99998, 
100	 , 55622	 , 8	 , 14	 , 1.99164, 
100	 , 51770	 , 7	 , 13	 , 1.99902, 
100	 , 52208	 , 3	 , 14	 , 1.99985, 
100	 , 51262	 , 8	 , 13	 , 1.99803, 
100	 , 53426	 , 6	 , 14	 , 1.99413, 
100	 , 53572	 , 7	 , 14	 , 1.99854, 
100	 , 54554	 , 6	 , 14	 , 1.99976, 
100	 , 52570	 , 1	 , 14	 , 1.99548, 
100	 , 54376	 , 8	 , 13	 , 1.99997, 
100	 , 51758	 , 5	 , 14	 , 1.98236, 
100	 , 54618	 , 1	 , 15	 , 1.9939, 
100	 , 28888	 , 0	 , 9	 , 2.0, 
100	 , 53070	 , 6	 , 14	 , 1.99841, 
100	 , 54624	 , 6	 , 14	 , 1.99585, 
100	 , 51804	 , 7	 , 13	 , 1.998, 
100	 , 29190	 , 0	 , 9	 , 2.0, 
150	 , 52034	 , 2	 , 10	 , 1.99988, 
150	 , 51968	 , 6	 , 12	 , 1.99998, 
150	 , 53020	 , 0	 , 10	 , 1.99825, 
150	 , 51680	 , 2	 , 11	 , 1.99998, 
150	 , 52938	 , 3	 , 10	 , 1.99216, 
150	 , 52282	 , 1	 , 10	 , 1.99603, 
150	 , 52060	 , 1	 , 10	 , 1.99902, 
150	 , 59280	 , 5	 , 10	 , 1.99411, 
150	 , 55562	 , 3	 , 10	 , 1.99997, 
150	 , 55414	 , 4	 , 10	 , 1.9834, 
150	 , 19956	 , 0	 , 5	 , 2.0, 
150	 , 19654	 , 0	 , 5	 , 2.0, 
150	 , 55928	 , 4	 , 10	 , 1.99901, 
150	 , 52064	 , 0	 , 10	 , 1.9998, 
150	 , 57642	 , 4	 , 10	 , 1.99892, 
150	 , 52982	 , 3	 , 10	 , 1.99902, 
150	 , 55892	 , 5	 , 10	 , 1.9989, 
150	 , 54566	 , 6	 , 10	 , 1.99951, 
150	 , 53346	 , 3	 , 10	 , 1.98431, 
150	 , 52838	 , 2	 , 10	 , 1.99948, 
150	 , 53466	 , 2	 , 10	 , 1.99902, 
150	 , 53842	 , 4	 , 10	 , 1.99597, 
150	 , 51256	 , 3	 , 11	 , 1.99998, 
150	 , 52638	 , 2	 , 10	 , 1.99998, 
150	 , 52438	 , 0	 , 10	 , 1.99997, 
150	 , 52950	 , 0	 , 10	 , 1.9917, 
150	 , 37312	 , 0	 , 8	 , 2.0, 
150	 , 52470	 , 0	 , 10	 , 1.99977, 
150	 , 54192	 , 3	 , 10	 , 1.98242, 
150	 , 53104	 , 2	 , 10	 , 1.99994, 
150	 , 54030	 , 4	 , 10	 , 1.99219, 
150	 , 43164	 , 0	 , 9	 , 2.0, 
150	 , 53526	 , 4	 , 10	 , 1.99878, 
150	 , 52418	 , 1	 , 10	 , 1.98437, 
150	 , 22778	 , 0	 , 5	 , 2.0, 
150	 , 51124	 , 0	 , 10	 , 2.0, 
150	 , 51934	 , 1	 , 10	 , 1.99951, 
150	 , 54396	 , 4	 , 10	 , 1.99805, 
150	 , 54488	 , 4	 , 10	 , 1.99976, 
150	 , 55192	 , 2	 , 10	 , 1.99951, 
150	 , 32218	 , 0	 , 7	 , 2.0, 
150	 , 52650	 , 0	 , 10	 , 1.99924, 
150	 , 53642	 , 0	 , 10	 , 1.99991, 
150	 , 52568	 , 3	 , 10	 , 1.99971, 
150	 , 54394	 , 2	 , 10	 , 1.99612, 
150	 , 52680	 , 1	 , 10	 , 1.99997, 
150	 , 53716	 , 0	 , 10	 , 1.99937, 
150	 , 53540	 , 3	 , 10	 , 1.99994, 
150	 , 52904	 , 2	 , 10	 , 1.99976, 
150	 , 52136	 , 1	 , 10	 , 1.99901, 
150	 , 51858	 , 2	 , 10	 , 1.99997, 
150	 , 53674	 , 4	 , 10	 , 1.99608, 
150	 , 52356	 , 0	 , 10	 , 1.99902, 
150	 , 53534	 , 3	 , 10	 , 1.99998, 
150	 , 54864	 , 2	 , 10	 , 1.99878, 
150	 , 52174	 , 0	 , 10	 , 1.99609, 
150	 , 55518	 , 4	 , 10	 , 1.99976, 
150	 , 52220	 , 1	 , 10	 , 1.99924, 
150	 , 54526	 , 4	 , 10	 , 1.99982, 
150	 , 20530	 , 0	 , 5	 , 2.0, 
150	 , 55222	 , 3	 , 10	 , 1.99992, 
150	 , 53084	 , 2	 , 10	 , 1.99988, 
150	 , 52000	 , 1	 , 10	 , 1.99895, 
150	 , 58340	 , 6	 , 10	 , 1.99216, 
150	 , 52782	 , 0	 , 10	 , 1.9839, 
150	 , 54068	 , 5	 , 10	 , 1.99196, 
150	 , 26714	 , 0	 , 6	 , 2.0, 
150	 , 52104	 , 1	 , 10	 , 1.99219, 
150	 , 52164	 , 0	 , 10	 , 1.99992, 
150	 , 54532	 , 4	 , 10	 , 1.99998, 
150	 , 51370	 , 4	 , 9	 , 1.99213, 
150	 , 53012	 , 3	 , 10	 , 1.98825, 
150	 , 52154	 , 3	 , 10	 , 1.99994, 
150	 , 51794	 , 2	 , 10	 , 1.99597, 
150	 , 57144	 , 4	 , 10	 , 1.99988, 
150	 , 52998	 , 2	 , 10	 , 1.99998, 
150	 , 58502	 , 6	 , 10	 , 1.99698, 
150	 , 52034	 , 1	 , 10	 , 1.99951, 
150	 , 55968	 , 6	 , 10	 , 1.98828, 
150	 , 21856	 , 0	 , 5	 , 2.0, 
150	 , 53442	 , 2	 , 10	 , 1.99217, 
150	 , 54020	 , 3	 , 10	 , 1.99951, 
150	 , 51450	 , 0	 , 10	 , 1.99994, 
150	 , 51838	 , 4	 , 9	 , 1.99998, 
150	 , 44286	 , 0	 , 9	 , 2.0, 
150	 , 52324	 , 0	 , 10	 , 1.99992, 
150	 , 52602	 , 0	 , 10	 , 1.99017, 
150	 , 44230	 , 0	 , 9	 , 2.0, 
150	 , 33654	 , 0	 , 7	 , 2.0, 
150	 , 52594	 , 3	 , 10	 , 1.99377, 
150	 , 52646	 , 1	 , 10	 , 1.99951, 
150	 , 51838	 , 0	 , 10	 , 1.99927, 
150	 , 52606	 , 2	 , 10	 , 1.99902, 
150	 , 37708	 , 0	 , 8	 , 2.0, 
150	 , 40698	 , 0	 , 8	 , 2.0, 
150	 , 53544	 , 3	 , 10	 , 1.99997, 
150	 , 52292	 , 10	 , 16	 , 1.99988, 
150	 , 32422	 , 0	 , 7	 , 2.0, 
150	 , 53494	 , 3	 , 10	 , 1.98437, 
150	 , 53738	 , 7	 , 14	 , 1.99994, 
150	 , 53038	 , 3	 , 10	 , 1.99976, 
150	 , 53898	 , 5	 , 10	 , 1.99998, 
150	 , 55726	 , 5	 , 10	 , 1.99994, 
150	 , 57252	 , 7	 , 10	 , 1.99217, 
150	 , 52084	 , 0	 , 10	 , 1.96875, 
150	 , 52722	 , 2	 , 10	 , 1.99805, 
150	 , 55424	 , 4	 , 10	 , 1.99997, 
150	 , 52676	 , 2	 , 10	 , 1.99219, 
150	 , 49222	 , 0	 , 10	 , 2.0, 
150	 , 53286	 , 3	 , 10	 , 1.99899, 
150	 , 55098	 , 4	 , 10	 , 1.98828, 
150	 , 27734	 , 0	 , 6	 , 2.0, 
150	 , 52178	 , 0	 , 10	 , 1.99971, 
150	 , 54436	 , 3	 , 10	 , 1.99973, 
150	 , 53234	 , 3	 , 10	 , 1.99973, 
150	 , 52348	 , 2	 , 10	 , 1.99805, 
150	 , 52482	 , 0	 , 10	 , 1.9996, 
150	 , 53444	 , 0	 , 10	 , 1.99786, 
150	 , 55766	 , 5	 , 10	 , 1.99976, 
150	 , 54714	 , 4	 , 10	 , 1.99997, 
150	 , 55092	 , 3	 , 10	 , 1.99951, 
150	 , 31304	 , 0	 , 7	 , 2.0, 
150	 , 54016	 , 4	 , 10	 , 1.99994, 
150	 , 51900	 , 2	 , 10	 , 1.99896, 
150	 , 54956	 , 1	 , 10	 , 1.99951, 
150	 , 51996	 , 2	 , 10	 , 1.99997, 
150	 , 26358	 , 0	 , 6	 , 2.0, 
150	 , 53674	 , 2	 , 10	 , 1.99609, 
150	 , 54012	 , 3	 , 10	 , 1.99997, 
150	 , 26258	 , 0	 , 6	 , 2.0, 
150	 , 52064	 , 1	 , 10	 , 1.99998, 
150	 , 39882	 , 0	 , 8	 , 2.0, 
150	 , 57030	 , 5	 , 10	 , 1.99974, 
150	 , 54348	 , 5	 , 10	 , 1.99219, 
150	 , 52484	 , 3	 , 10	 , 1.99994, 
150	 , 55058	 , 4	 , 10	 , 1.99756, 
150	 , 52156	 , 1	 , 10	 , 1.99992, 
150	 , 52242	 , 0	 , 10	 , 1.99976, 
150	 , 54344	 , 4	 , 10	 , 1.99605, 
150	 , 52104	 , 1	 , 10	 , 1.98631, 
150	 , 54766	 , 0	 , 10	 , 1.99904, 
150	 , 52442	 , 1	 , 10	 , 1.99977, 
150	 , 38230	 , 0	 , 8	 , 2.0, 
150	 , 52224	 , 0	 , 10	 , 1.99992, 
150	 , 56412	 , 5	 , 10	 , 1.99994, 
150	 , 52786	 , 3	 , 10	 , 1.99976, 
150	 , 54488	 , 3	 , 10	 , 1.99854, 
150	 , 52908	 , 2	 , 10	 , 1.99988, 
150	 , 52340	 , 0	 , 10	 , 1.99754, 
150	 , 52208	 , 3	 , 10	 , 1.99994, 
150	 , 32874	 , 0	 , 7	 , 2.0, 
150	 , 45790	 , 0	 , 9	 , 2.0, 
150	 , 51834	 , 2	 , 10	 , 1.99997, 
150	 , 53250	 , 2	 , 10	 , 1.99994, 
150	 , 52696	 , 1	 , 10	 , 1.99017, 
150	 , 52886	 , 2	 , 10	 , 1.99976, 
150	 , 52470	 , 1	 , 10	 , 1.97641, 
150	 , 52766	 , 2	 , 10	 , 1.99927, 
150	 , 55548	 , 6	 , 10	 , 1.99994, 
150	 , 52840	 , 2	 , 10	 , 1.99963, 
150	 , 56388	 , 5	 , 10	 , 1.99805, 
150	 , 52962	 , 3	 , 10	 , 1.99606, 
150	 , 54900	 , 4	 , 10	 , 1.99969, 
150	 , 52256	 , 0	 , 10	 , 1.99976, 
150	 , 52038	 , 0	 , 10	 , 1.99998, 
150	 , 52818	 , 4	 , 10	 , 1.99854, 
150	 , 52306	 , 2	 , 10	 , 1.99954, 
150	 , 53022	 , 0	 , 10	 , 1.99408, 
150	 , 52376	 , 2	 , 10	 , 1.99988, 
150	 , 55742	 , 5	 , 10	 , 1.99582, 
150	 , 52196	 , 1	 , 10	 , 1.99606, 
150	 , 54214	 , 4	 , 10	 , 1.99852, 
150	 , 58592	 , 6	 , 10	 , 1.99805, 
150	 , 53168	 , 3	 , 10	 , 1.99951, 
150	 , 59388	 , 6	 , 10	 , 1.99997, 
150	 , 52500	 , 2	 , 10	 , 1.99994, 
150	 , 55416	 , 4	 , 10	 , 1.99898, 
150	 , 52712	 , 2	 , 10	 , 1.99779, 
150	 , 53404	 , 3	 , 10	 , 1.99193, 
150	 , 56326	 , 5	 , 10	 , 1.99998, 
150	 , 16068	 , 0	 , 4	 , 2.0, 
150	 , 52118	 , 0	 , 10	 , 1.99997, 
150	 , 54000	 , 0	 , 10	 , 1.99988, 
150	 , 52106	 , 0	 , 10	 , 2.0, 
150	 , 54872	 , 4	 , 10	 , 1.99896, 
150	 , 53118	 , 3	 , 10	 , 1.99986, 
150	 , 54880	 , 5	 , 10	 , 1.99219, 
150	 , 52678	 , 2	 , 10	 , 1.99963, 
150	 , 52028	 , 0	 , 10	 , 1.99989, 
150	 , 52224	 , 2	 , 10	 , 1.99901, 
150	 , 52666	 , 3	 , 10	 , 1.99991, 
150	 , 55952	 , 5	 , 10	 , 1.99976, 
150	 , 55380	 , 5	 , 10	 , 1.99985, 
150	 , 52446	 , 3	 , 10	 , 1.99869, 
150	 , 53760	 , 4	 , 10	 , 1.99319, 
150	 , 26416	 , 0	 , 6	 , 2.0, 
150	 , 53364	 , 4	 , 10	 , 1.99998, 
150	 , 53276	 , 0	 , 10	 , 2.0, 
150	 , 51852	 , 1	 , 10	 , 1.99974, 
150	 , 53628	 , 2	 , 10	 , 1.99805, 
150	 , 52868	 , 3	 , 10	 , 1.99957, 
150	 , 52770	 , 3	 , 10	 , 1.99998, 
150	 , 54674	 , 4	 , 10	 , 1.99997, 
150	 , 52030	 , 2	 , 10	 , 1.99998, 
150	 , 53298	 , 5	 , 10	 , 1.99403, 
150	 , 45256	 , 0	 , 9	 , 2.0, 
150	 , 52496	 , 1	 , 10	 , 1.9995, 
150	 , 52468	 , 0	 , 10	 , 1.99988, 
150	 , 26444	 , 0	 , 6	 , 2.0, 
150	 , 51754	 , 0	 , 10	 , 1.99982, 
150	 , 55724	 , 2	 , 10	 , 1.99954, 
150	 , 57782	 , 4	 , 10	 , 1.99512, 
150	 , 26678	 , 0	 , 6	 , 2.0, 
150	 , 53298	 , 4	 , 10	 , 1.99988, 
150	 , 52714	 , 2	 , 10	 , 1.99609, 
150	 , 53894	 , 3	 , 10	 , 1.99609, 
150	 , 54120	 , 0	 , 10	 , 1.99994, 
150	 , 39914	 , 0	 , 9	 , 2.0, 
150	 , 53692	 , 3	 , 10	 , 1.99994, 
150	 , 52170	 , 2	 , 10	 , 1.99998, 
150	 , 54756	 , 3	 , 10	 , 1.99561, 
150	 , 53990	 , 0	 , 10	 , 1.99805, 
150	 , 52780	 , 0	 , 10	 , 1.99994, 
150	 , 55890	 , 4	 , 10	 , 1.99216, 
150	 , 52330	 , 0	 , 10	 , 1.99902, 
150	 , 53374	 , 3	 , 10	 , 1.99802, 
150	 , 40152	 , 0	 , 8	 , 2.0, 
150	 , 51956	 , 2	 , 10	 , 1.98827, 
150	 , 25784	 , 0	 , 6	 , 2.0, 
150	 , 52196	 , 14	 , 17	 , 1.99994, 
150	 , 52336	 , 3	 , 10	 , 1.99976, 
150	 , 25750	 , 0	 , 6	 , 2.0, 
150	 , 52478	 , 1	 , 10	 , 1.99976, 
150	 , 39678	 , 0	 , 8	 , 2.0, 
150	 , 51926	 , 1	 , 10	 , 1.99512, 
150	 , 54530	 , 3	 , 10	 , 1.99976, 
150	 , 52556	 , 3	 , 10	 , 1.99997, 
150	 , 52352	 , 0	 , 10	 , 1.99976, 
150	 , 52192	 , 0	 , 10	 , 1.99925, 
150	 , 54142	 , 4	 , 10	 , 1.99986, 
150	 , 37462	 , 0	 , 8	 , 2.0, 
150	 , 38426	 , 0	 , 8	 , 2.0, 
150	 , 56616	 , 4	 , 10	 , 1.99998, 
150	 , 55464	 , 1	 , 10	 , 1.99609, 
150	 , 54298	 , 3	 , 10	 , 1.99976, 
150	 , 52094	 , 0	 , 10	 , 1.99921, 
150	 , 54320	 , 0	 , 10	 , 1.99982, 
150	 , 56044	 , 5	 , 10	 , 1.99976, 
150	 , 52776	 , 1	 , 10	 , 1.9917, 
150	 , 52238	 , 0	 , 10	 , 1.99602, 
200	 , 54186	 , 1	 , 8	 , 1.99995, 
200	 , 54332	 , 0	 , 8	 , 1.99973, 
200	 , 54066	 , 1	 , 8	 , 1.99997, 
200	 , 53768	 , 1	 , 8	 , 1.99902, 
200	 , 54104	 , 1	 , 8	 , 1.99994, 
200	 , 55704	 , 3	 , 8	 , 1.99902, 
200	 , 53828	 , 2	 , 8	 , 1.9984, 
200	 , 54340	 , 1	 , 8	 , 1.99829, 
200	 , 54074	 , 1	 , 8	 , 1.99976, 
200	 , 45984	 , 0	 , 8	 , 2.0, 
200	 , 54238	 , 0	 , 8	 , 1.99706, 
200	 , 54272	 , 1	 , 8	 , 1.99995, 
200	 , 36272	 , 0	 , 6	 , 2.0, 
200	 , 54154	 , 0	 , 8	 , 1.99971, 
200	 , 53978	 , 0	 , 8	 , 1.99998, 
200	 , 51744	 , 6	 , 11	 , 1.99998, 
200	 , 54396	 , 3	 , 8	 , 1.99998, 
200	 , 54190	 , 0	 , 8	 , 1.99997, 
200	 , 35390	 , 0	 , 6	 , 2.0, 
200	 , 54308	 , 2	 , 8	 , 1.99205, 
200	 , 54672	 , 0	 , 8	 , 1.99609, 
200	 , 55126	 , 2	 , 8	 , 1.99997, 
200	 , 51778	 , 0	 , 8	 , 2.0, 
200	 , 34566	 , 0	 , 6	 , 2.0, 
200	 , 56068	 , 7	 , 12	 , 1.99997, 
200	 , 54180	 , 2	 , 8	 , 1.99998, 
200	 , 54074	 , 1	 , 8	 , 1.99982, 
200	 , 54076	 , 2	 , 8	 , 1.99887, 
200	 , 42892	 , 0	 , 7	 , 2.0, 
200	 , 54702	 , 3	 , 8	 , 1.99998, 
200	 , 37416	 , 0	 , 6	 , 2.0, 
200	 , 53856	 , 1	 , 8	 , 1.99802, 
200	 , 54128	 , 2	 , 8	 , 1.99997, 
200	 , 54614	 , 3	 , 8	 , 1.99994, 
200	 , 53644	 , 0	 , 8	 , 2.0, 
200	 , 54342	 , 2	 , 8	 , 1.99997, 
200	 , 57304	 , 4	 , 8	 , 1.99976, 
200	 , 54138	 , 1	 , 8	 , 1.99706, 
200	 , 54186	 , 1	 , 8	 , 1.99994, 
200	 , 54300	 , 2	 , 8	 , 1.99988, 
200	 , 51956	 , 0	 , 8	 , 1.99994, 
200	 , 54268	 , 2	 , 8	 , 1.99939, 
200	 , 53724	 , 2	 , 8	 , 1.99693, 
200	 , 37408	 , 0	 , 6	 , 2.0, 
200	 , 41942	 , 0	 , 7	 , 2.0, 
200	 , 55384	 , 3	 , 8	 , 1.99966, 
200	 , 54088	 , 0	 , 8	 , 1.99965, 
200	 , 54068	 , 1	 , 8	 , 1.99805, 
200	 , 54014	 , 2	 , 8	 , 1.99805, 
200	 , 53856	 , 0	 , 8	 , 1.99992, 
200	 , 54198	 , 0	 , 8	 , 1.99939, 
200	 , 56432	 , 1	 , 8	 , 1.99768, 
200	 , 54168	 , 0	 , 8	 , 1.99995, 
200	 , 52080	 , 0	 , 8	 , 2.0, 
200	 , 35308	 , 0	 , 6	 , 2.0, 
200	 , 54078	 , 2	 , 8	 , 1.99998, 
200	 , 44860	 , 0	 , 7	 , 2.0, 
200	 , 54158	 , 1	 , 8	 , 1.99998, 
200	 , 54018	 , 0	 , 8	 , 1.99985, 
200	 , 53660	 , 0	 , 8	 , 1.99852, 
200	 , 43384	 , 0	 , 7	 , 2.0, 
200	 , 54352	 , 1	 , 8	 , 1.99994, 
200	 , 53948	 , 1	 , 8	 , 1.99951, 
200	 , 53684	 , 1	 , 8	 , 1.99994, 
200	 , 54186	 , 1	 , 8	 , 1.99973, 
200	 , 54160	 , 2	 , 8	 , 1.99995, 
200	 , 54960	 , 2	 , 8	 , 1.99998, 
200	 , 54460	 , 3	 , 8	 , 1.99995, 
200	 , 45462	 , 0	 , 7	 , 2.0, 
200	 , 54216	 , 1	 , 8	 , 1.99998, 
200	 , 54258	 , 0	 , 8	 , 1.99202, 
200	 , 54096	 , 4	 , 8	 , 1.99982, 
200	 , 35576	 , 0	 , 6	 , 2.0, 
200	 , 54148	 , 1	 , 8	 , 1.99988, 
200	 , 50768	 , 0	 , 8	 , 2.0, 
200	 , 54258	 , 0	 , 8	 , 1.99974, 
200	 , 54412	 , 3	 , 8	 , 1.99994, 
200	 , 53830	 , 0	 , 8	 , 1.99998, 
200	 , 53962	 , 0	 , 8	 , 1.99994, 
200	 , 54226	 , 3	 , 8	 , 1.99976, 
200	 , 50442	 , 0	 , 8	 , 2.0, 
200	 , 54178	 , 1	 , 8	 , 1.99994, 
200	 , 55430	 , 3	 , 8	 , 1.99902, 
200	 , 54098	 , 1	 , 8	 , 1.99974, 
200	 , 54156	 , 0	 , 8	 , 1.99944, 
200	 , 54248	 , 0	 , 8	 , 1.99998, 
200	 , 53690	 , 2	 , 8	 , 1.99731, 
200	 , 54112	 , 3	 , 8	 , 1.99997, 
200	 , 27886	 , 0	 , 5	 , 2.0, 
200	 , 53858	 , 0	 , 8	 , 1.99997, 
200	 , 55116	 , 3	 , 8	 , 1.99951, 
200	 , 54572	 , 0	 , 8	 , 1.9969, 
200	 , 55068	 , 0	 , 8	 , 1.99927, 
200	 , 54846	 , 2	 , 8	 , 1.99951, 
200	 , 54142	 , 1	 , 8	 , 1.99986, 
200	 , 54300	 , 1	 , 8	 , 1.99937, 
200	 , 43112	 , 0	 , 7	 , 2.0, 
200	 , 53560	 , 4	 , 9	 , 1.99997, 
200	 , 53744	 , 2	 , 8	 , 1.99805, 
200	 , 54228	 , 3	 , 8	 , 1.99706, 
200	 , 54124	 , 1	 , 8	 , 1.99998, 
200	 , 54128	 , 2	 , 8	 , 1.99998, 
200	 , 54126	 , 1	 , 8	 , 1.99994, 
200	 , 54628	 , 3	 , 8	 , 1.99208, 
200	 , 53878	 , 1	 , 8	 , 1.99951, 
200	 , 55674	 , 3	 , 8	 , 1.99969, 
200	 , 54112	 , 1	 , 8	 , 1.99995, 
200	 , 54138	 , 0	 , 8	 , 1.99988, 
200	 , 54194	 , 0	 , 8	 , 1.99997, 
200	 , 53952	 , 2	 , 8	 , 1.99989, 
200	 , 57558	 , 4	 , 8	 , 1.99902, 
200	 , 36038	 , 0	 , 6	 , 2.0, 
200	 , 54332	 , 0	 , 8	 , 1.99805, 
200	 , 54364	 , 0	 , 8	 , 1.99988, 
200	 , 54132	 , 1	 , 8	 , 1.99988, 
200	 , 53894	 , 2	 , 8	 , 1.99974, 
200	 , 37460	 , 0	 , 6	 , 2.0, 
200	 , 54168	 , 1	 , 8	 , 1.99413, 
200	 , 49866	 , 0	 , 8	 , 2.0, 
200	 , 54016	 , 1	 , 8	 , 1.99954, 
200	 , 53874	 , 0	 , 9	 , 2.0, 
200	 , 55384	 , 3	 , 8	 , 1.9989, 
200	 , 55164	 , 2	 , 8	 , 1.99997, 
200	 , 43948	 , 0	 , 7	 , 2.0, 
200	 , 54054	 , 0	 , 8	 , 1.99997, 
200	 , 53744	 , 2	 , 8	 , 1.99805, 
200	 , 57060	 , 5	 , 8	 , 1.99803, 
200	 , 53564	 , 0	 , 9	 , 2.0, 
200	 , 54010	 , 0	 , 8	 , 1.99995, 
200	 , 54216	 , 0	 , 8	 , 1.99937, 
200	 , 54372	 , 0	 , 8	 , 1.99989, 
200	 , 53992	 , 1	 , 8	 , 1.99609, 
200	 , 54704	 , 1	 , 8	 , 1.99995, 
200	 , 54302	 , 0	 , 8	 , 1.99898, 
200	 , 51268	 , 1	 , 8	 , 1.99902, 
200	 , 53948	 , 1	 , 8	 , 1.99854, 
200	 , 54364	 , 1	 , 8	 , 1.99989, 
200	 , 28554	 , 0	 , 5	 , 2.0, 
200	 , 27040	 , 0	 , 5	 , 2.0, 
200	 , 51114	 , 0	 , 8	 , 2.0, 
200	 , 56124	 , 4	 , 8	 , 1.99997, 
200	 , 53814	 , 2	 , 8	 , 1.9995, 
200	 , 54120	 , 2	 , 8	 , 1.9995, 
200	 , 45914	 , 0	 , 8	 , 2.0, 
200	 , 54540	 , 0	 , 8	 , 1.9919, 
200	 , 54464	 , 0	 , 8	 , 1.99976, 
200	 , 54198	 , 0	 , 8	 , 1.99979, 
200	 , 54396	 , 0	 , 8	 , 1.99948, 
200	 , 35344	 , 0	 , 6	 , 2.0, 
200	 , 54244	 , 0	 , 8	 , 1.99995, 
200	 , 53808	 , 1	 , 8	 , 1.99608, 
200	 , 54824	 , 3	 , 8	 , 1.99992, 
200	 , 54082	 , 1	 , 8	 , 1.99998, 
200	 , 54024	 , 0	 , 8	 , 1.99994, 
200	 , 50664	 , 0	 , 8	 , 2.0, 
200	 , 56978	 , 1	 , 8	 , 1.99805, 
200	 , 55078	 , 3	 , 8	 , 1.98817, 
200	 , 54116	 , 2	 , 8	 , 1.99751, 
200	 , 51546	 , 0	 , 8	 , 2.0, 
200	 , 44812	 , 0	 , 7	 , 2.0, 
200	 , 55972	 , 0	 , 8	 , 1.99974, 
200	 , 37750	 , 0	 , 6	 , 2.0, 
200	 , 53782	 , 2	 , 8	 , 1.99976, 
200	 , 53788	 , 2	 , 8	 , 1.99988, 
200	 , 54990	 , 1	 , 8	 , 1.99902, 
200	 , 50754	 , 0	 , 8	 , 2.0, 
200	 , 55172	 , 4	 , 8	 , 1.99998, 
200	 , 54144	 , 0	 , 8	 , 1.99892, 
200	 , 55220	 , 3	 , 8	 , 1.99994, 
200	 , 52968	 , 0	 , 8	 , 2.0, 
200	 , 54034	 , 0	 , 8	 , 1.99995, 
200	 , 54870	 , 0	 , 8	 , 1.99202, 
200	 , 54248	 , 0	 , 8	 , 1.99971, 
200	 , 43426	 , 0	 , 7	 , 2.0, 
200	 , 54148	 , 2	 , 8	 , 1.99606, 
200	 , 37042	 , 0	 , 6	 , 2.0, 
200	 , 38544	 , 0	 , 6	 , 2.0, 
200	 , 52642	 , 0	 , 8	 , 2.0, 
200	 , 55092	 , 3	 , 8	 , 1.98437, 
200	 , 54728	 , 3	 , 8	 , 1.99969, 
200	 , 54032	 , 1	 , 8	 , 1.99805, 
200	 , 53372	 , 0	 , 8	 , 1.99998, 
200	 , 56002	 , 3	 , 8	 , 1.99994, 
200	 , 54254	 , 3	 , 8	 , 1.99976, 
200	 , 54014	 , 2	 , 8	 , 1.99976, 
200	 , 54232	 , 0	 , 8	 , 1.99982, 
200	 , 54128	 , 0	 , 8	 , 1.99994, 
200	 , 53892	 , 0	 , 8	 , 1.99846, 
200	 , 54262	 , 1	 , 8	 , 1.99976, 
200	 , 46412	 , 0	 , 7	 , 2.0, 
200	 , 42760	 , 0	 , 7	 , 2.0, 
200	 , 54090	 , 1	 , 8	 , 1.99963, 
200	 , 53686	 , 2	 , 8	 , 1.99609, 
200	 , 54008	 , 1	 , 8	 , 1.99982, 
200	 , 54086	 , 0	 , 8	 , 1.99994, 
200	 , 54278	 , 0	 , 8	 , 1.99997, 
200	 , 53998	 , 1	 , 8	 , 1.99988, 
200	 , 35874	 , 0	 , 6	 , 2.0, 
200	 , 54862	 , 2	 , 8	 , 1.99986, 
200	 , 53896	 , 0	 , 8	 , 1.99974, 
200	 , 54080	 , 3	 , 8	 , 1.98047, 
200	 , 56064	 , 2	 , 8	 , 1.99998, 
200	 , 54312	 , 1	 , 8	 , 1.99976, 
200	 , 53878	 , 1	 , 8	 , 1.99994, 
200	 , 54438	 , 1	 , 8	 , 1.99948, 
200	 , 54880	 , 0	 , 8	 , 1.99997, 
200	 , 54280	 , 0	 , 8	 , 1.99794, 
200	 , 54338	 , 0	 , 8	 , 1.99973, 
200	 , 54132	 , 2	 , 8	 , 1.99927, 
200	 , 49922	 , 0	 , 8	 , 2.0, 
200	 , 54170	 , 0	 , 8	 , 1.99561, 
200	 , 54100	 , 1	 , 8	 , 1.99989, 
200	 , 54196	 , 0	 , 8	 , 1.99997, 
200	 , 56174	 , 3	 , 8	 , 1.99998, 
200	 , 45928	 , 0	 , 7	 , 2.0, 
200	 , 57206	 , 3	 , 8	 , 1.99992, 
200	 , 54266	 , 3	 , 10	 , 1.99997, 
200	 , 54114	 , 1	 , 8	 , 1.99997, 
200	 , 54222	 , 1	 , 8	 , 1.99994, 
200	 , 54334	 , 2	 , 8	 , 1.99998, 
200	 , 44044	 , 0	 , 7	 , 2.0, 
200	 , 55174	 , 0	 , 8	 , 1.99854, 
200	 , 54404	 , 2	 , 8	 , 1.99998, 
200	 , 42856	 , 0	 , 7	 , 2.0, 
200	 , 54068	 , 0	 , 8	 , 1.99989, 
200	 , 53984	 , 0	 , 8	 , 1.99976, 
200	 , 54444	 , 0	 , 8	 , 1.9995, 
200	 , 54284	 , 0	 , 8	 , 1.99983, 
200	 , 54040	 , 2	 , 8	 , 1.99998, 
200	 , 54022	 , 1	 , 8	 , 1.99988, 
200	 , 38024	 , 0	 , 6	 , 2.0, 
200	 , 54258	 , 1	 , 8	 , 1.99998, 
200	 , 52082	 , 2	 , 9	 , 1.99959, 
200	 , 50234	 , 0	 , 8	 , 2.0, 
200	 , 58410	 , 2	 , 8	 , 1.98434, 
200	 , 53744	 , 1	 , 8	 , 1.99745, 
200	 , 54238	 , 0	 , 8	 , 1.99968, 
200	 , 42628	 , 0	 , 7	 , 2.0, 
200	 , 53924	 , 1	 , 8	 , 1.99988, 
200	 , 44444	 , 0	 , 7	 , 2.0, 
200	 , 54128	 , 0	 , 8	 , 1.99901, 
200	 , 54458	 , 1	 , 8	 , 1.99998, 
200	 , 54124	 , 2	 , 8	 , 1.99988, 
200	 , 54006	 , 0	 , 8	 , 1.99205, 
200	 , 54254	 , 0	 , 8	 , 1.99995, 
200	 , 54066	 , 1	 , 8	 , 1.99998, 
200	 , 56488	 , 4	 , 8	 , 1.96091, 
200	 , 34858	 , 0	 , 6	 , 2.0, 
200	 , 55136	 , 3	 , 8	 , 1.99945, 
200	 , 54162	 , 0	 , 8	 , 1.99969, 
250	 , 57764	 , 0	 , 7	 , 1.99559, 
250	 , 57270	 , 0	 , 7	 , 2.0, 
250	 , 57880	 , 0	 , 7	 , 1.99994, 
250	 , 57576	 , 2	 , 7	 , 1.99976, 
250	 , 58174	 , 0	 , 7	 , 1.99899, 
250	 , 58208	 , 0	 , 7	 , 1.99997, 
250	 , 60046	 , 4	 , 7	 , 1.99219, 
250	 , 58784	 , 1	 , 7	 , 1.99803, 
250	 , 58208	 , 0	 , 7	 , 1.99992, 
250	 , 57990	 , 0	 , 7	 , 1.99805, 
250	 , 58178	 , 1	 , 7	 , 1.9995, 
250	 , 58008	 , 0	 , 7	 , 1.99892, 
250	 , 53940	 , 0	 , 7	 , 2.0, 
250	 , 57674	 , 2	 , 7	 , 1.99973, 
250	 , 58232	 , 0	 , 7	 , 1.99951, 
250	 , 58194	 , 0	 , 7	 , 1.99995, 
250	 , 58316	 , 0	 , 7	 , 1.99997, 
250	 , 58186	 , 0	 , 7	 , 1.99988, 
250	 , 57786	 , 0	 , 7	 , 1.99997, 
250	 , 45776	 , 0	 , 6	 , 2.0, 
250	 , 58280	 , 2	 , 7	 , 1.99997, 
250	 , 58450	 , 0	 , 7	 , 1.99991, 
250	 , 58376	 , 2	 , 7	 , 1.99994, 
250	 , 57488	 , 2	 , 7	 , 1.99951, 
250	 , 58092	 , 1	 , 7	 , 1.99988, 
250	 , 58254	 , 0	 , 7	 , 1.99989, 
250	 , 58004	 , 1	 , 7	 , 1.99998, 
250	 , 57746	 , 1	 , 7	 , 1.99994, 
250	 , 58158	 , 0	 , 7	 , 1.99998, 
250	 , 52688	 , 0	 , 7	 , 2.0, 
250	 , 58362	 , 2	 , 7	 , 1.99997, 
250	 , 58182	 , 0	 , 7	 , 1.99994, 
250	 , 57530	 , 0	 , 7	 , 1.99976, 
250	 , 58210	 , 1	 , 7	 , 1.99994, 
250	 , 57962	 , 1	 , 7	 , 1.99997, 
250	 , 58084	 , 0	 , 7	 , 1.99992, 
250	 , 58100	 , 0	 , 7	 , 1.99973, 
250	 , 53832	 , 0	 , 7	 , 2.0, 
250	 , 58314	 , 0	 , 7	 , 1.99997, 
250	 , 53938	 , 1	 , 7	 , 1.99997, 
250	 , 58096	 , 0	 , 7	 , 1.99997, 
250	 , 53650	 , 0	 , 7	 , 2.0, 
250	 , 57826	 , 0	 , 7	 , 2.0, 
250	 , 35072	 , 0	 , 5	 , 2.0, 
250	 , 57840	 , 0	 , 7	 , 1.99991, 
250	 , 33054	 , 0	 , 5	 , 2.0, 
250	 , 58002	 , 1	 , 7	 , 1.99951, 
250	 , 58032	 , 0	 , 7	 , 1.99928, 
250	 , 58260	 , 1	 , 7	 , 1.99988, 
250	 , 58214	 , 0	 , 7	 , 1.99966, 
250	 , 57998	 , 0	 , 7	 , 1.99902, 
250	 , 58628	 , 2	 , 7	 , 1.99413, 
250	 , 58130	 , 0	 , 7	 , 1.99995, 
250	 , 58038	 , 0	 , 7	 , 1.99998, 
250	 , 58098	 , 0	 , 7	 , 1.9995, 
250	 , 58114	 , 0	 , 7	 , 1.99998, 
250	 , 45160	 , 0	 , 6	 , 2.0, 
250	 , 58098	 , 0	 , 7	 , 1.99901, 
250	 , 58006	 , 1	 , 7	 , 1.99969, 
250	 , 58388	 , 2	 , 7	 , 1.99988, 
250	 , 58360	 , 0	 , 7	 , 1.99997, 
250	 , 58002	 , 1	 , 7	 , 1.99994, 
250	 , 56290	 , 0	 , 7	 , 2.0, 
250	 , 57694	 , 0	 , 7	 , 1.99997, 
250	 , 56554	 , 0	 , 7	 , 2.0, 
250	 , 57824	 , 0	 , 7	 , 1.99902, 
250	 , 57640	 , 0	 , 7	 , 1.99988, 
250	 , 56970	 , 0	 , 7	 , 1.99998, 
250	 , 57962	 , 1	 , 7	 , 1.99998, 
250	 , 58396	 , 0	 , 7	 , 1.99986, 
250	 , 57976	 , 2	 , 7	 , 1.99902, 
250	 , 57914	 , 1	 , 7	 , 1.99998, 
250	 , 58012	 , 0	 , 7	 , 1.99988, 
250	 , 58164	 , 0	 , 7	 , 1.99997, 
250	 , 57976	 , 0	 , 7	 , 1.99997, 
250	 , 48066	 , 0	 , 6	 , 2.0, 
250	 , 58198	 , 0	 , 7	 , 1.99994, 
250	 , 58014	 , 2	 , 7	 , 1.99991, 
250	 , 57950	 , 1	 , 7	 , 1.99992, 
250	 , 57804	 , 2	 , 7	 , 1.99994, 
250	 , 58244	 , 0	 , 7	 , 1.99928, 
250	 , 57970	 , 0	 , 7	 , 1.99902, 
250	 , 58140	 , 0	 , 7	 , 1.99986, 
250	 , 59098	 , 3	 , 7	 , 1.99994, 
250	 , 58058	 , 0	 , 7	 , 1.9995, 
250	 , 58118	 , 0	 , 7	 , 1.99988, 
250	 , 58220	 , 0	 , 7	 , 1.99995, 
250	 , 58152	 , 1	 , 7	 , 1.99988, 
250	 , 58200	 , 0	 , 7	 , 1.99998, 
250	 , 57640	 , 2	 , 7	 , 1.99985, 
250	 , 57992	 , 2	 , 7	 , 1.99997, 
250	 , 58030	 , 0	 , 7	 , 1.99994, 
250	 , 58218	 , 1	 , 7	 , 1.99998, 
250	 , 58022	 , 1	 , 7	 , 1.99994, 
250	 , 57654	 , 1	 , 7	 , 1.99902, 
250	 , 58130	 , 0	 , 7	 , 1.99742, 
250	 , 57438	 , 1	 , 7	 , 1.99998, 
250	 , 58072	 , 1	 , 7	 , 1.99805, 
250	 , 58168	 , 0	 , 7	 , 1.99998, 
250	 , 57768	 , 1	 , 7	 , 1.99922, 
250	 , 57958	 , 0	 , 7	 , 1.99988, 
250	 , 58098	 , 2	 , 7	 , 1.99963, 
250	 , 58228	 , 1	 , 7	 , 1.99982, 
250	 , 45196	 , 0	 , 6	 , 2.0, 
250	 , 58234	 , 3	 , 7	 , 1.99995, 
250	 , 52116	 , 0	 , 7	 , 2.0, 
250	 , 58144	 , 0	 , 7	 , 1.99976, 
250	 , 58076	 , 0	 , 7	 , 1.99991, 
250	 , 58458	 , 2	 , 7	 , 1.99991, 
250	 , 58084	 , 0	 , 7	 , 1.99997, 
250	 , 58154	 , 0	 , 7	 , 1.99985, 
250	 , 24312	 , 0	 , 4	 , 2.0, 
250	 , 58594	 , 3	 , 7	 , 1.99997, 
250	 , 57906	 , 1	 , 7	 , 1.99988, 
250	 , 56902	 , 0	 , 7	 , 1.99997, 
250	 , 58030	 , 0	 , 7	 , 1.99898, 
250	 , 57736	 , 2	 , 7	 , 1.99982, 
250	 , 57778	 , 2	 , 7	 , 1.99797, 
250	 , 57842	 , 0	 , 7	 , 1.99998, 
250	 , 54348	 , 2	 , 7	 , 1.99997, 
250	 , 58286	 , 0	 , 7	 , 1.99974, 
250	 , 58026	 , 0	 , 7	 , 1.9998, 
250	 , 57788	 , 1	 , 7	 , 1.99998, 
250	 , 53320	 , 0	 , 7	 , 2.0, 
250	 , 58086	 , 0	 , 7	 , 1.99954, 
250	 , 32942	 , 0	 , 5	 , 2.0, 
250	 , 59540	 , 2	 , 7	 , 1.99986, 
250	 , 57624	 , 1	 , 7	 , 1.99654, 
250	 , 49476	 , 0	 , 7	 , 2.0, 
250	 , 58714	 , 0	 , 7	 , 1.99902, 
250	 , 58120	 , 1	 , 7	 , 1.99994, 
250	 , 34002	 , 0	 , 5	 , 2.0, 
250	 , 58316	 , 0	 , 7	 , 1.99989, 
250	 , 59738	 , 2	 , 7	 , 1.99901, 
250	 , 57948	 , 1	 , 7	 , 1.99995, 
250	 , 57928	 , 0	 , 7	 , 1.99988, 
250	 , 58104	 , 2	 , 7	 , 1.99902, 
250	 , 33806	 , 0	 , 5	 , 2.0, 
250	 , 56482	 , 0	 , 7	 , 2.0, 
250	 , 58168	 , 0	 , 7	 , 1.99986, 
250	 , 58266	 , 0	 , 7	 , 1.99988, 
250	 , 58120	 , 1	 , 7	 , 1.99995, 
250	 , 58016	 , 0	 , 7	 , 1.99925, 
250	 , 57892	 , 1	 , 7	 , 1.99609, 
250	 , 58268	 , 0	 , 7	 , 1.99997, 
250	 , 57812	 , 0	 , 7	 , 1.99988, 
250	 , 58450	 , 2	 , 7	 , 1.99904, 
250	 , 58980	 , 3	 , 7	 , 1.99988, 
250	 , 57844	 , 1	 , 7	 , 1.99939, 
250	 , 59744	 , 3	 , 7	 , 1.99998, 
250	 , 58212	 , 0	 , 7	 , 1.99997, 
250	 , 57892	 , 1	 , 7	 , 1.99608, 
250	 , 34278	 , 0	 , 5	 , 2.0, 
250	 , 58008	 , 2	 , 7	 , 1.99998, 
250	 , 57886	 , 0	 , 7	 , 1.99994, 
250	 , 58102	 , 0	 , 7	 , 1.99995, 
250	 , 58280	 , 0	 , 7	 , 1.9991, 
250	 , 58108	 , 0	 , 7	 , 1.99965, 
250	 , 58642	 , 2	 , 7	 , 1.99951, 
250	 , 58012	 , 2	 , 7	 , 1.9989, 
250	 , 58294	 , 2	 , 7	 , 1.99998, 
250	 , 58210	 , 1	 , 7	 , 1.99994, 
250	 , 58296	 , 0	 , 7	 , 1.99994, 
250	 , 44700	 , 0	 , 6	 , 2.0, 
250	 , 57934	 , 0	 , 7	 , 1.99998, 
250	 , 58114	 , 0	 , 7	 , 1.99988, 
250	 , 58480	 , 2	 , 7	 , 1.99982, 
250	 , 58172	 , 1	 , 7	 , 1.99973, 
250	 , 59182	 , 3	 , 7	 , 1.99998, 
250	 , 53656	 , 0	 , 7	 , 2.0, 
250	 , 58238	 , 0	 , 7	 , 1.99998, 
250	 , 58140	 , 0	 , 7	 , 1.99989, 
250	 , 58226	 , 0	 , 7	 , 1.99994, 
250	 , 57842	 , 0	 , 7	 , 1.99989, 
250	 , 57952	 , 1	 , 7	 , 1.99994, 
250	 , 43874	 , 0	 , 6	 , 2.0, 
250	 , 58074	 , 0	 , 7	 , 1.9967, 
250	 , 58022	 , 0	 , 7	 , 1.99953, 
250	 , 58186	 , 0	 , 7	 , 1.99992, 
250	 , 58058	 , 0	 , 7	 , 1.99109, 
250	 , 57146	 , 0	 , 7	 , 2.0, 
250	 , 58026	 , 0	 , 7	 , 1.99802, 
250	 , 58028	 , 0	 , 7	 , 1.99997, 
250	 , 58328	 , 0	 , 7	 , 1.99902, 
250	 , 58674	 , 3	 , 7	 , 1.99994, 
250	 , 35498	 , 0	 , 5	 , 2.0, 
250	 , 58246	 , 0	 , 7	 , 1.99995, 
250	 , 57790	 , 0	 , 7	 , 1.99791, 
250	 , 57484	 , 1	 , 7	 , 1.99962, 
250	 , 57888	 , 0	 , 7	 , 1.9995, 
250	 , 58010	 , 1	 , 7	 , 1.98437, 
250	 , 58812	 , 0	 , 7	 , 1.99988, 
250	 , 43868	 , 0	 , 6	 , 2.0, 
250	 , 60260	 , 4	 , 7	 , 1.99995, 
250	 , 58016	 , 0	 , 7	 , 1.99609, 
250	 , 58214	 , 0	 , 7	 , 1.99994, 
250	 , 58394	 , 0	 , 7	 , 1.99997, 
250	 , 58250	 , 1	 , 7	 , 1.99969, 
250	 , 46646	 , 0	 , 6	 , 2.0, 
250	 , 43470	 , 0	 , 6	 , 2.0, 
250	 , 57812	 , 0	 , 7	 , 1.99925, 
250	 , 58194	 , 0	 , 7	 , 1.99988, 
250	 , 57968	 , 1	 , 7	 , 1.99974, 
250	 , 57542	 , 2	 , 7	 , 1.99902, 
250	 , 58134	 , 1	 , 7	 , 1.99992, 
250	 , 58090	 , 0	 , 7	 , 1.99995, 
250	 , 58008	 , 0	 , 7	 , 1.99976, 
250	 , 56442	 , 0	 , 7	 , 2.0, 
250	 , 58064	 , 1	 , 7	 , 1.99998, 
250	 , 59018	 , 3	 , 7	 , 1.99603, 
250	 , 58154	 , 0	 , 7	 , 1.99959, 
250	 , 57960	 , 1	 , 7	 , 1.99986, 
250	 , 57834	 , 0	 , 7	 , 1.99974, 
250	 , 58250	 , 0	 , 7	 , 1.99998, 
250	 , 52556	 , 4	 , 9	 , 1.99991, 
250	 , 58134	 , 0	 , 7	 , 1.99977, 
250	 , 53916	 , 4	 , 9	 , 1.99994, 
250	 , 43728	 , 0	 , 6	 , 2.0, 
250	 , 58462	 , 0	 , 7	 , 2.0, 
250	 , 58242	 , 0	 , 7	 , 1.99985, 
250	 , 46602	 , 0	 , 6	 , 2.0, 
250	 , 57942	 , 1	 , 7	 , 1.99951, 
250	 , 57504	 , 0	 , 7	 , 1.99977, 
250	 , 58060	 , 0	 , 7	 , 1.99878, 
250	 , 58518	 , 0	 , 7	 , 1.99969, 
250	 , 58280	 , 0	 , 7	 , 1.99997, 
250	 , 57676	 , 2	 , 7	 , 1.99994, 
250	 , 43340	 , 0	 , 6	 , 2.0, 
250	 , 54466	 , 4	 , 9	 , 1.99998, 
250	 , 58236	 , 0	 , 7	 , 1.99944, 
250	 , 52756	 , 0	 , 7	 , 2.0, 
250	 , 58124	 , 2	 , 7	 , 1.99982, 
250	 , 57920	 , 0	 , 7	 , 1.99997, 
250	 , 51474	 , 4	 , 8	 , 1.99998, 
250	 , 57836	 , 1	 , 7	 , 1.99997, 
250	 , 58076	 , 1	 , 7	 , 1.99977, 
250	 , 57912	 , 3	 , 7	 , 1.99899, 
250	 , 56972	 , 0	 , 7	 , 2.0, 
250	 , 58066	 , 0	 , 7	 , 1.99986, 
250	 , 58054	 , 1	 , 7	 , 1.99173, 
250	 , 58088	 , 1	 , 7	 , 1.99951, 
250	 , 58208	 , 1	 , 7	 , 1.99998, 
250	 , 28888	 , 0	 , 5	 , 2.0, 
250	 , 58164	 , 0	 , 7	 , 1.99852, 
250	 , 54286	 , 0	 , 7	 , 2.0, 
250	 , 58116	 , 0	 , 7	 , 1.99974, 
250	 , 37414	 , 0	 , 5	 , 2.0, 
250	 , 58004	 , 1	 , 7	 , 1.99998, 
250	 , 57938	 , 0	 , 7	 , 1.99934, 
250	 , 57974	 , 0	 , 7	 , 1.99971, 
300	 , 53946	 , 0	 , 6	 , 2.0, 
300	 , 58088	 , 0	 , 6	 , 1.99992, 
300	 , 58196	 , 0	 , 6	 , 1.99995, 
300	 , 58212	 , 0	 , 6	 , 1.99995, 
300	 , 57936	 , 0	 , 6	 , 1.99998, 
300	 , 58170	 , 0	 , 6	 , 1.99986, 
300	 , 40700	 , 0	 , 5	 , 2.0, 
300	 , 57774	 , 2	 , 6	 , 1.99651, 
300	 , 57836	 , 0	 , 6	 , 1.99976, 
300	 , 58086	 , 0	 , 6	 , 1.99997, 
300	 , 52116	 , 0	 , 6	 , 2.0, 
300	 , 58134	 , 0	 , 6	 , 1.99948, 
300	 , 57908	 , 0	 , 6	 , 1.99985, 
300	 , 55654	 , 0	 , 6	 , 2.0, 
300	 , 58030	 , 0	 , 6	 , 1.99995, 
300	 , 58018	 , 1	 , 6	 , 1.99989, 
300	 , 57854	 , 1	 , 6	 , 1.99988, 
300	 , 57806	 , 0	 , 6	 , 1.99902, 
300	 , 58062	 , 0	 , 6	 , 1.99998, 
300	 , 56456	 , 0	 , 6	 , 2.0, 
300	 , 57976	 , 0	 , 6	 , 1.99986, 
300	 , 53942	 , 0	 , 6	 , 2.0, 
300	 , 58148	 , 1	 , 6	 , 1.99864, 
300	 , 58050	 , 0	 , 6	 , 1.99997, 
300	 , 57706	 , 1	 , 6	 , 1.99982, 
300	 , 55292	 , 0	 , 6	 , 2.0, 
300	 , 57838	 , 0	 , 6	 , 1.99989, 
300	 , 58094	 , 0	 , 6	 , 1.99988, 
300	 , 54014	 , 0	 , 6	 , 2.0, 
300	 , 57984	 , 0	 , 6	 , 1.99998, 
300	 , 57834	 , 0	 , 6	 , 1.99998, 
300	 , 58232	 , 0	 , 6	 , 1.99954, 
300	 , 55372	 , 0	 , 6	 , 2.0, 
300	 , 58732	 , 0	 , 6	 , 1.99985, 
300	 , 58164	 , 0	 , 6	 , 1.99898, 
300	 , 51980	 , 0	 , 6	 , 2.0, 
300	 , 58234	 , 0	 , 6	 , 1.99971, 
300	 , 58116	 , 1	 , 6	 , 1.99995, 
300	 , 58188	 , 0	 , 6	 , 1.99974, 
300	 , 58008	 , 0	 , 6	 , 1.9998, 
300	 , 57882	 , 0	 , 6	 , 1.99973, 
300	 , 58290	 , 0	 , 6	 , 1.99991, 
300	 , 58202	 , 0	 , 6	 , 1.99991, 
300	 , 57920	 , 1	 , 6	 , 1.98437, 
300	 , 58060	 , 0	 , 6	 , 1.99994, 
300	 , 58246	 , 0	 , 6	 , 1.99902, 
300	 , 58042	 , 0	 , 6	 , 1.99924, 
300	 , 58136	 , 1	 , 6	 , 1.99994, 
300	 , 58100	 , 0	 , 6	 , 1.99971, 
300	 , 58760	 , 2	 , 6	 , 1.99976, 
300	 , 51570	 , 0	 , 6	 , 2.0, 
300	 , 58238	 , 0	 , 6	 , 1.99998, 
300	 , 57912	 , 1	 , 6	 , 1.99985, 
300	 , 58010	 , 0	 , 6	 , 1.99997, 
300	 , 57594	 , 1	 , 6	 , 1.99997, 
300	 , 58086	 , 0	 , 6	 , 1.99992, 
300	 , 57952	 , 0	 , 6	 , 1.99985, 
300	 , 57834	 , 0	 , 6	 , 2.0, 
300	 , 52154	 , 1	 , 6	 , 1.99995, 
300	 , 58018	 , 0	 , 6	 , 1.99998, 
300	 , 58192	 , 0	 , 6	 , 1.99965, 
300	 , 54182	 , 0	 , 6	 , 1.99997, 
300	 , 58160	 , 0	 , 6	 , 1.99974, 
300	 , 57932	 , 0	 , 6	 , 1.99994, 
300	 , 45628	 , 0	 , 6	 , 2.0, 
300	 , 57920	 , 0	 , 6	 , 1.9995, 
300	 , 57862	 , 0	 , 6	 , 1.9995, 
300	 , 58046	 , 0	 , 6	 , 1.99977, 
300	 , 40722	 , 0	 , 5	 , 2.0, 
300	 , 58424	 , 0	 , 6	 , 1.99998, 
300	 , 58146	 , 0	 , 6	 , 1.99886, 
300	 , 58178	 , 0	 , 6	 , 1.99994, 
300	 , 54088	 , 1	 , 6	 , 1.99995, 
300	 , 58182	 , 0	 , 6	 , 1.99951, 
300	 , 58334	 , 0	 , 6	 , 1.99992, 
300	 , 58232	 , 0	 , 6	 , 1.99986, 
300	 , 58206	 , 0	 , 6	 , 1.99995, 
300	 , 58054	 , 0	 , 6	 , 1.99995, 
300	 , 58052	 , 0	 , 6	 , 1.99998, 
300	 , 58208	 , 0	 , 6	 , 1.99983, 
300	 , 57990	 , 0	 , 6	 , 1.99901, 
300	 , 57934	 , 0	 , 6	 , 1.99947, 
300	 , 53814	 , 0	 , 6	 , 2.0, 
300	 , 58076	 , 0	 , 6	 , 1.99992, 
300	 , 58162	 , 0	 , 6	 , 1.99998, 
300	 , 58308	 , 0	 , 6	 , 1.99994, 
300	 , 58088	 , 1	 , 6	 , 1.99971, 
300	 , 54458	 , 0	 , 6	 , 2.0, 
300	 , 57682	 , 0	 , 6	 , 1.99898, 
300	 , 55598	 , 0	 , 6	 , 2.0, 
300	 , 58188	 , 0	 , 6	 , 1.99609, 
300	 , 58038	 , 1	 , 6	 , 1.9998, 
300	 , 58034	 , 0	 , 6	 , 1.99902, 
300	 , 57996	 , 1	 , 6	 , 1.99951, 
300	 , 30548	 , 0	 , 4	 , 2.0, 
300	 , 58280	 , 0	 , 6	 , 1.99956, 
300	 , 58110	 , 0	 , 6	 , 1.9998, 
300	 , 43452	 , 0	 , 5	 , 2.0, 
300	 , 58182	 , 0	 , 6	 , 1.99979, 
300	 , 58378	 , 0	 , 6	 , 1.99986, 
300	 , 41076	 , 0	 , 5	 , 2.0, 
300	 , 58078	 , 0	 , 6	 , 1.99963, 
300	 , 58072	 , 0	 , 6	 , 1.99956, 
300	 , 58194	 , 1	 , 6	 , 1.99954, 
300	 , 57834	 , 0	 , 6	 , 1.99924, 
300	 , 58360	 , 0	 , 6	 , 1.99998, 
300	 , 58068	 , 1	 , 6	 , 1.9989, 
300	 , 58064	 , 0	 , 6	 , 1.99995, 
300	 , 58242	 , 0	 , 6	 , 1.99974, 
300	 , 58248	 , 0	 , 6	 , 1.99991, 
300	 , 57834	 , 1	 , 6	 , 1.99998, 
300	 , 58184	 , 1	 , 6	 , 1.99998, 
300	 , 57786	 , 0	 , 6	 , 1.99947, 
300	 , 58064	 , 0	 , 6	 , 1.99992, 
300	 , 58118	 , 0	 , 6	 , 1.99603, 
300	 , 53508	 , 0	 , 6	 , 1.99968, 
300	 , 58144	 , 0	 , 6	 , 1.99991, 
300	 , 40330	 , 0	 , 5	 , 2.0, 
300	 , 58094	 , 0	 , 6	 , 1.99921, 
300	 , 58110	 , 0	 , 6	 , 1.99989, 
300	 , 58078	 , 0	 , 6	 , 1.99974, 
300	 , 57786	 , 0	 , 6	 , 1.99998, 
300	 , 57736	 , 0	 , 6	 , 1.99966, 
300	 , 58186	 , 1	 , 6	 , 1.99998, 
300	 , 58318	 , 0	 , 6	 , 1.99966, 
300	 , 57980	 , 0	 , 6	 , 1.99899, 
300	 , 58166	 , 0	 , 6	 , 1.99998, 
300	 , 58078	 , 0	 , 6	 , 1.99933, 
300	 , 58198	 , 0	 , 6	 , 1.99953, 
300	 , 58008	 , 0	 , 6	 , 1.99997, 
300	 , 51890	 , 0	 , 6	 , 1.99994, 
300	 , 58130	 , 0	 , 6	 , 1.99988, 
300	 , 58182	 , 1	 , 6	 , 1.99898, 
300	 , 53668	 , 1	 , 6	 , 1.99997, 
300	 , 58130	 , 0	 , 6	 , 1.99977, 
300	 , 58036	 , 0	 , 6	 , 1.99998, 
300	 , 57882	 , 0	 , 6	 , 1.99988, 
300	 , 58172	 , 0	 , 6	 , 1.99995, 
300	 , 57974	 , 1	 , 6	 , 1.99994, 
300	 , 57984	 , 1	 , 6	 , 1.99948, 
300	 , 58074	 , 0	 , 6	 , 1.99997, 
300	 , 57880	 , 0	 , 6	 , 1.99998, 
300	 , 57978	 , 0	 , 6	 , 1.99976, 
300	 , 58146	 , 0	 , 6	 , 1.99989, 
300	 , 57950	 , 0	 , 6	 , 1.99892, 
300	 , 58216	 , 0	 , 6	 , 1.99991, 
300	 , 58164	 , 0	 , 6	 , 1.99902, 
300	 , 58244	 , 0	 , 6	 , 1.99974, 
300	 , 56440	 , 0	 , 6	 , 1.99998, 
300	 , 58040	 , 1	 , 6	 , 1.99998, 
300	 , 57586	 , 0	 , 6	 , 2.0, 
300	 , 58204	 , 0	 , 6	 , 1.99985, 
300	 , 57948	 , 1	 , 6	 , 1.99963, 
300	 , 57834	 , 0	 , 6	 , 1.99991, 
300	 , 52872	 , 0	 , 6	 , 2.0, 
300	 , 58206	 , 0	 , 6	 , 1.99823, 
300	 , 52864	 , 0	 , 6	 , 2.0, 
300	 , 58072	 , 1	 , 6	 , 1.99994, 
300	 , 51632	 , 0	 , 6	 , 2.0, 
300	 , 57756	 , 0	 , 6	 , 1.99805, 
300	 , 57872	 , 2	 , 6	 , 1.98436, 
300	 , 58272	 , 0	 , 6	 , 1.99863, 
300	 , 57984	 , 1	 , 6	 , 1.99983, 
300	 , 57658	 , 1	 , 6	 , 1.99902, 
300	 , 57876	 , 0	 , 6	 , 1.99934, 
300	 , 53790	 , 0	 , 6	 , 1.99997, 
300	 , 56126	 , 0	 , 6	 , 2.0, 
300	 , 58100	 , 0	 , 6	 , 1.99976, 
300	 , 58130	 , 0	 , 6	 , 1.99814, 
300	 , 58378	 , 0	 , 6	 , 1.99997, 
300	 , 57672	 , 0	 , 6	 , 1.99974, 
300	 , 52286	 , 0	 , 6	 , 1.99998, 
300	 , 58166	 , 0	 , 6	 , 1.99997, 
300	 , 57810	 , 0	 , 6	 , 1.99988, 
300	 , 57906	 , 0	 , 6	 , 1.99907, 
300	 , 58158	 , 0	 , 6	 , 1.9998, 
300	 , 57990	 , 0	 , 6	 , 1.99992, 
300	 , 58194	 , 0	 , 6	 , 1.99994, 
300	 , 58216	 , 0	 , 6	 , 1.99988, 
300	 , 58116	 , 0	 , 6	 , 1.99823, 
300	 , 58188	 , 0	 , 6	 , 1.99994, 
300	 , 54936	 , 0	 , 6	 , 2.0, 
300	 , 57980	 , 1	 , 6	 , 1.99986, 
300	 , 57886	 , 0	 , 6	 , 1.99989, 
300	 , 58110	 , 0	 , 6	 , 1.99924, 
300	 , 58262	 , 0	 , 6	 , 1.99956, 
300	 , 57946	 , 0	 , 6	 , 1.99995, 
300	 , 58088	 , 1	 , 6	 , 1.99968, 
300	 , 57768	 , 0	 , 6	 , 1.99991, 
300	 , 58312	 , 0	 , 6	 , 1.99982, 
300	 , 57642	 , 0	 , 6	 , 1.99968, 
300	 , 57964	 , 0	 , 6	 , 1.996, 
300	 , 58114	 , 0	 , 6	 , 1.99968, 
300	 , 58244	 , 0	 , 6	 , 1.99992, 
300	 , 55920	 , 1	 , 6	 , 1.99997, 
300	 , 57906	 , 0	 , 6	 , 1.99988, 
300	 , 41258	 , 0	 , 5	 , 2.0, 
300	 , 58200	 , 0	 , 6	 , 1.99971, 
300	 , 57482	 , 1	 , 6	 , 1.99983, 
300	 , 58158	 , 0	 , 6	 , 1.99995, 
300	 , 58210	 , 0	 , 6	 , 1.99994, 
300	 , 57830	 , 0	 , 6	 , 1.99948, 
300	 , 58206	 , 1	 , 6	 , 1.99985, 
300	 , 46144	 , 0	 , 5	 , 2.0, 
300	 , 42152	 , 0	 , 5	 , 2.0, 
300	 , 53424	 , 0	 , 6	 , 2.0, 
300	 , 57734	 , 1	 , 6	 , 1.99998, 
300	 , 57756	 , 1	 , 6	 , 1.99902, 
300	 , 57854	 , 0	 , 6	 , 1.99915, 
300	 , 51492	 , 0	 , 6	 , 2.0, 
300	 , 45016	 , 0	 , 5	 , 2.0, 
300	 , 58156	 , 0	 , 6	 , 1.99976, 
300	 , 57684	 , 2	 , 6	 , 1.99997, 
300	 , 58014	 , 0	 , 6	 , 1.9989, 
300	 , 57998	 , 0	 , 6	 , 1.99947, 
300	 , 57390	 , 0	 , 6	 , 1.99983, 
300	 , 39846	 , 0	 , 5	 , 2.0, 
300	 , 58014	 , 0	 , 6	 , 1.99986, 
300	 , 58036	 , 0	 , 6	 , 1.99995, 
300	 , 53520	 , 0	 , 6	 , 2.0, 
300	 , 58100	 , 0	 , 6	 , 1.99986, 
300	 , 58054	 , 0	 , 6	 , 1.99991, 
300	 , 58356	 , 0	 , 6	 , 1.99931, 
300	 , 58110	 , 0	 , 6	 , 1.99609, 
300	 , 58082	 , 0	 , 6	 , 1.99971, 
300	 , 58352	 , 0	 , 6	 , 1.99979, 
300	 , 57966	 , 0	 , 6	 , 1.99876, 
300	 , 57972	 , 1	 , 6	 , 1.99988, 
300	 , 52532	 , 0	 , 6	 , 2.0, 
300	 , 58092	 , 0	 , 6	 , 1.99991, 
300	 , 58184	 , 0	 , 6	 , 1.99997, 
300	 , 58114	 , 0	 , 6	 , 1.99969, 
300	 , 50718	 , 0	 , 6	 , 2.0, 
300	 , 40068	 , 0	 , 5	 , 2.0, 
300	 , 58046	 , 1	 , 6	 , 1.99998, 
300	 , 58060	 , 0	 , 6	 , 1.99983, 
300	 , 57966	 , 0	 , 6	 , 1.99998, 
300	 , 58026	 , 0	 , 6	 , 1.99998, 
300	 , 57934	 , 2	 , 6	 , 1.99982, 
300	 , 58034	 , 0	 , 6	 , 1.99902, 
300	 , 58018	 , 0	 , 6	 , 1.99988, 
300	 , 58232	 , 0	 , 6	 , 1.99985, 
300	 , 58176	 , 0	 , 6	 , 1.99995, 
300	 , 57902	 , 0	 , 6	 , 1.99794, 
300	 , 58140	 , 0	 , 6	 , 1.99889, 
300	 , 57872	 , 1	 , 6	 , 1.99998, 
300	 , 58330	 , 0	 , 6	 , 1.99992, 
300	 , 58174	 , 0	 , 6	 , 1.99995, 
300	 , 57938	 , 0	 , 6	 , 1.99998, 
300	 , 52698	 , 0	 , 6	 , 1.99998, 
350	 , 54262	 , 0	 , 5	 , 1.99884, 
350	 , 54160	 , 0	 , 5	 , 1.9995, 
350	 , 52382	 , 0	 , 5	 , 2.0, 
350	 , 54112	 , 0	 , 5	 , 1.99982, 
350	 , 54152	 , 0	 , 5	 , 1.99976, 
350	 , 54026	 , 0	 , 5	 , 1.99983, 
350	 , 54254	 , 0	 , 5	 , 1.99974, 
350	 , 54124	 , 0	 , 5	 , 1.99985, 
350	 , 54178	 , 0	 , 5	 , 1.9994, 
350	 , 54194	 , 0	 , 5	 , 1.99994, 
350	 , 54118	 , 0	 , 5	 , 1.99995, 
350	 , 53952	 , 0	 , 5	 , 1.99736, 
350	 , 54210	 , 0	 , 5	 , 1.99976, 
350	 , 54230	 , 0	 , 5	 , 1.99985, 
350	 , 54148	 , 0	 , 5	 , 1.99934, 
350	 , 54252	 , 0	 , 5	 , 1.99973, 
350	 , 54222	 , 0	 , 5	 , 1.99944, 
350	 , 54120	 , 0	 , 5	 , 1.99998, 
350	 , 54042	 , 0	 , 5	 , 1.99994, 
350	 , 54118	 , 0	 , 5	 , 1.99976, 
350	 , 49820	 , 0	 , 5	 , 2.0, 
350	 , 54004	 , 0	 , 5	 , 1.99802, 
350	 , 54036	 , 0	 , 5	 , 1.99994, 
350	 , 54250	 , 0	 , 5	 , 1.99954, 
350	 , 54118	 , 0	 , 5	 , 1.99992, 
350	 , 54122	 , 0	 , 5	 , 1.99788, 
350	 , 54128	 , 0	 , 5	 , 1.99986, 
350	 , 54176	 , 0	 , 5	 , 1.99905, 
350	 , 38672	 , 0	 , 4	 , 2.0, 
350	 , 54160	 , 0	 , 5	 , 1.99957, 
350	 , 54200	 , 0	 , 5	 , 1.99973, 
350	 , 54006	 , 0	 , 5	 , 1.99899, 
350	 , 54240	 , 0	 , 5	 , 1.99966, 
350	 , 46418	 , 0	 , 5	 , 2.0, 
350	 , 54098	 , 0	 , 5	 , 1.99991, 
350	 , 54200	 , 0	 , 5	 , 1.99998, 
350	 , 53958	 , 0	 , 5	 , 1.99959, 
350	 , 54248	 , 0	 , 5	 , 1.99997, 
350	 , 54058	 , 0	 , 5	 , 1.99998, 
350	 , 54184	 , 0	 , 5	 , 1.99994, 
350	 , 54232	 , 0	 , 5	 , 1.99966, 
350	 , 53970	 , 0	 , 5	 , 1.99989, 
350	 , 54060	 , 0	 , 5	 , 1.99786, 
350	 , 54162	 , 0	 , 5	 , 1.99777, 
350	 , 54078	 , 0	 , 5	 , 1.99969, 
350	 , 54188	 , 0	 , 5	 , 1.9995, 
350	 , 54120	 , 0	 , 5	 , 1.99994, 
350	 , 54098	 , 0	 , 5	 , 1.99994, 
350	 , 54030	 , 0	 , 5	 , 1.99963, 
350	 , 54146	 , 0	 , 5	 , 1.99986, 
350	 , 53810	 , 0	 , 5	 , 1.99997, 
350	 , 53968	 , 0	 , 5	 , 1.99998, 
350	 , 48316	 , 0	 , 5	 , 2.0, 
350	 , 54102	 , 0	 , 5	 , 1.99995, 
350	 , 54190	 , 0	 , 5	 , 1.99947, 
350	 , 54062	 , 0	 , 5	 , 1.99977, 
350	 , 54164	 , 0	 , 5	 , 1.99625, 
350	 , 54178	 , 0	 , 5	 , 1.99956, 
350	 , 53770	 , 0	 , 5	 , 1.99988, 
350	 , 54094	 , 0	 , 5	 , 1.99985, 
350	 , 54154	 , 0	 , 5	 , 1.99988, 
350	 , 53740	 , 0	 , 5	 , 1.99861, 
350	 , 53976	 , 0	 , 5	 , 1.99974, 
350	 , 54168	 , 0	 , 5	 , 1.99994, 
350	 , 53872	 , 0	 , 5	 , 1.99995, 
350	 , 54210	 , 0	 , 5	 , 1.99997, 
350	 , 54140	 , 0	 , 5	 , 1.99997, 
350	 , 54222	 , 0	 , 5	 , 1.99825, 
350	 , 54158	 , 0	 , 5	 , 1.99994, 
350	 , 54128	 , 0	 , 5	 , 1.99986, 
350	 , 54136	 , 0	 , 5	 , 1.99884, 
350	 , 54200	 , 0	 , 5	 , 1.99998, 
350	 , 54172	 , 0	 , 5	 , 1.99995, 
350	 , 54208	 , 0	 , 5	 , 1.99986, 
350	 , 54014	 , 0	 , 5	 , 1.99995, 
350	 , 54038	 , 0	 , 5	 , 1.99913, 
350	 , 54112	 , 0	 , 5	 , 1.99968, 
350	 , 53874	 , 0	 , 5	 , 1.99976, 
350	 , 54222	 , 0	 , 5	 , 1.99939, 
350	 , 54188	 , 0	 , 5	 , 1.99902, 
350	 , 54132	 , 0	 , 5	 , 1.99997, 
350	 , 54212	 , 0	 , 5	 , 1.99988, 
350	 , 54250	 , 0	 , 5	 , 1.99989, 
350	 , 54202	 , 0	 , 5	 , 1.998, 
350	 , 54016	 , 0	 , 5	 , 1.99995, 
350	 , 54080	 , 0	 , 5	 , 1.99968, 
350	 , 54172	 , 0	 , 5	 , 1.99963, 
350	 , 54156	 , 0	 , 5	 , 1.99995, 
350	 , 54132	 , 0	 , 5	 , 1.99994, 
350	 , 54174	 , 0	 , 5	 , 1.99995, 
350	 , 54178	 , 0	 , 5	 , 1.99159, 
350	 , 54000	 , 0	 , 5	 , 1.99992, 
350	 , 39276	 , 0	 , 4	 , 2.0, 
350	 , 53976	 , 0	 , 5	 , 1.99991, 
350	 , 54146	 , 0	 , 5	 , 1.99997, 
350	 , 53330	 , 0	 , 5	 , 2.0, 
350	 , 54122	 , 0	 , 5	 , 1.99983, 
350	 , 53780	 , 0	 , 5	 , 1.99991, 
350	 , 54196	 , 0	 , 5	 , 1.99998, 
350	 , 54018	 , 0	 , 5	 , 1.99997, 
350	 , 53794	 , 0	 , 5	 , 1.99997, 
350	 , 54254	 , 0	 , 5	 , 1.99998, 
350	 , 53980	 , 0	 , 5	 , 1.99951, 
350	 , 54104	 , 0	 , 5	 , 1.99966, 
350	 , 53976	 , 0	 , 5	 , 1.99997, 
350	 , 53980	 , 0	 , 5	 , 1.99883, 
350	 , 54202	 , 1	 , 5	 , 1.99979, 
350	 , 54012	 , 0	 , 5	 , 1.99959, 
350	 , 54188	 , 0	 , 5	 , 1.99911, 
350	 , 54114	 , 0	 , 5	 , 1.99992, 
350	 , 49110	 , 0	 , 5	 , 2.0, 
350	 , 53948	 , 0	 , 5	 , 1.99963, 
350	 , 54048	 , 0	 , 5	 , 1.99985, 
350	 , 54134	 , 0	 , 5	 , 1.99944, 
350	 , 54114	 , 0	 , 5	 , 1.99974, 
350	 , 54098	 , 0	 , 5	 , 1.99997, 
350	 , 54118	 , 1	 , 5	 , 1.99843, 
350	 , 54072	 , 0	 , 5	 , 1.99991, 
350	 , 53306	 , 0	 , 5	 , 1.99957, 
350	 , 54126	 , 0	 , 5	 , 1.99973, 
350	 , 54078	 , 0	 , 5	 , 1.99973, 
350	 , 54056	 , 0	 , 5	 , 1.99979, 
350	 , 54114	 , 0	 , 5	 , 1.99989, 
350	 , 54056	 , 0	 , 5	 , 1.99889, 
350	 , 54048	 , 0	 , 5	 , 1.99889, 
350	 , 54162	 , 0	 , 5	 , 1.99788, 
350	 , 54118	 , 0	 , 5	 , 1.99994, 
350	 , 53972	 , 0	 , 5	 , 1.99878, 
350	 , 54130	 , 0	 , 5	 , 1.99922, 
350	 , 54064	 , 0	 , 5	 , 1.99942, 
350	 , 54156	 , 0	 , 5	 , 1.99989, 
350	 , 54222	 , 0	 , 5	 , 1.99995, 
350	 , 54088	 , 0	 , 5	 , 1.99992, 
350	 , 54230	 , 0	 , 5	 , 1.99998, 
350	 , 54164	 , 0	 , 5	 , 1.99989, 
350	 , 54200	 , 0	 , 5	 , 1.99974, 
350	 , 53936	 , 1	 , 5	 , 1.99997, 
350	 , 54196	 , 0	 , 5	 , 1.9996, 
350	 , 54120	 , 0	 , 5	 , 1.99959, 
350	 , 54098	 , 0	 , 5	 , 1.99988, 
350	 , 53912	 , 0	 , 5	 , 1.99976, 
350	 , 54108	 , 0	 , 5	 , 1.99973, 
350	 , 54084	 , 0	 , 5	 , 1.99992, 
350	 , 54044	 , 0	 , 5	 , 1.99997, 
350	 , 54184	 , 0	 , 5	 , 1.99805, 
350	 , 54162	 , 0	 , 5	 , 1.99994, 
350	 , 53860	 , 1	 , 5	 , 1.99989, 
350	 , 54198	 , 0	 , 5	 , 1.9998, 
350	 , 54164	 , 0	 , 5	 , 1.99965, 
350	 , 54006	 , 0	 , 5	 , 1.99992, 
350	 , 53926	 , 0	 , 5	 , 1.99966, 
350	 , 54062	 , 0	 , 5	 , 1.99991, 
350	 , 54144	 , 0	 , 5	 , 1.99944, 
350	 , 54088	 , 0	 , 5	 , 1.99991, 
350	 , 54166	 , 0	 , 5	 , 1.99997, 
350	 , 54086	 , 0	 , 5	 , 1.99846, 
350	 , 54140	 , 0	 , 5	 , 1.99901, 
350	 , 54212	 , 0	 , 5	 , 1.99988, 
350	 , 46880	 , 0	 , 5	 , 2.0, 
350	 , 53974	 , 0	 , 5	 , 1.99986, 
350	 , 54094	 , 0	 , 5	 , 1.99969, 
350	 , 54074	 , 0	 , 5	 , 1.99966, 
350	 , 54060	 , 0	 , 5	 , 1.99997, 
350	 , 53836	 , 0	 , 5	 , 1.9998, 
350	 , 54324	 , 0	 , 5	 , 1.99973, 
350	 , 54176	 , 0	 , 5	 , 1.99907, 
350	 , 54032	 , 0	 , 5	 , 1.99988, 
350	 , 54168	 , 0	 , 5	 , 1.99931, 
350	 , 54154	 , 0	 , 5	 , 1.99985, 
350	 , 40038	 , 0	 , 4	 , 2.0, 
350	 , 54246	 , 0	 , 5	 , 1.99974, 
350	 , 54124	 , 0	 , 5	 , 1.99924, 
350	 , 53958	 , 0	 , 5	 , 1.99992, 
350	 , 53916	 , 1	 , 5	 , 1.99995, 
350	 , 54294	 , 0	 , 5	 , 1.99988, 
350	 , 54158	 , 0	 , 5	 , 1.99927, 
350	 , 54134	 , 0	 , 5	 , 1.99998, 
350	 , 54134	 , 0	 , 5	 , 1.99789, 
350	 , 54210	 , 0	 , 5	 , 1.99995, 
350	 , 54136	 , 0	 , 5	 , 1.99991, 
350	 , 54044	 , 0	 , 5	 , 1.99995, 
350	 , 54306	 , 0	 , 5	 , 1.99992, 
350	 , 54070	 , 0	 , 5	 , 1.99988, 
350	 , 54164	 , 0	 , 5	 , 1.99994, 
350	 , 54116	 , 0	 , 5	 , 1.99901, 
350	 , 54056	 , 0	 , 5	 , 1.99995, 
350	 , 54194	 , 0	 , 5	 , 1.99969, 
350	 , 54246	 , 0	 , 5	 , 1.9993, 
350	 , 54056	 , 0	 , 5	 , 1.99992, 
350	 , 53964	 , 0	 , 5	 , 1.99947, 
350	 , 53930	 , 0	 , 5	 , 1.99995, 
350	 , 54092	 , 0	 , 5	 , 1.99991, 
350	 , 54034	 , 0	 , 5	 , 1.9998, 
350	 , 54172	 , 0	 , 5	 , 1.99947, 
350	 , 53958	 , 0	 , 5	 , 1.99988, 
350	 , 53944	 , 0	 , 5	 , 1.99995, 
350	 , 54182	 , 0	 , 5	 , 1.99995, 
350	 , 54156	 , 0	 , 5	 , 1.99973, 
350	 , 53812	 , 0	 , 5	 , 1.99971, 
350	 , 35874	 , 0	 , 4	 , 2.0, 
350	 , 51110	 , 0	 , 5	 , 2.0, 
350	 , 38430	 , 0	 , 4	 , 2.0, 
350	 , 54240	 , 0	 , 5	 , 1.99919, 
350	 , 54212	 , 0	 , 5	 , 1.99973, 
350	 , 54030	 , 0	 , 5	 , 1.99992, 
350	 , 51124	 , 0	 , 5	 , 2.0, 
350	 , 54264	 , 0	 , 5	 , 1.99904, 
350	 , 54086	 , 0	 , 5	 , 1.99989, 
350	 , 54174	 , 1	 , 5	 , 1.99973, 
350	 , 54142	 , 0	 , 5	 , 1.99973, 
350	 , 54262	 , 0	 , 5	 , 1.99721, 
350	 , 54124	 , 0	 , 5	 , 1.99898, 
350	 , 54352	 , 0	 , 5	 , 1.99994, 
350	 , 54040	 , 0	 , 5	 , 1.99788, 
350	 , 54124	 , 0	 , 5	 , 1.99995, 
350	 , 53852	 , 0	 , 5	 , 1.99989, 
350	 , 53796	 , 0	 , 5	 , 1.99973, 
350	 , 54112	 , 0	 , 5	 , 1.99997, 
350	 , 54092	 , 0	 , 5	 , 1.99219, 
350	 , 54082	 , 0	 , 5	 , 1.99986, 
350	 , 54234	 , 0	 , 5	 , 1.99992, 
350	 , 54044	 , 0	 , 5	 , 1.99887, 
350	 , 54282	 , 0	 , 5	 , 1.99925, 
350	 , 54156	 , 0	 , 5	 , 1.99983, 
350	 , 54052	 , 0	 , 5	 , 1.99997, 
350	 , 53592	 , 2	 , 6	 , 1.99997, 
350	 , 54080	 , 0	 , 5	 , 1.99995, 
350	 , 54168	 , 0	 , 5	 , 1.99995, 
350	 , 53892	 , 0	 , 5	 , 1.99989, 
350	 , 54152	 , 0	 , 5	 , 1.99998, 
350	 , 54058	 , 0	 , 5	 , 1.9998, 
350	 , 54170	 , 0	 , 5	 , 1.998, 
350	 , 54100	 , 0	 , 5	 , 1.99994, 
350	 , 54192	 , 1	 , 5	 , 1.99998, 
350	 , 54226	 , 0	 , 5	 , 1.99991, 
350	 , 54230	 , 0	 , 5	 , 1.99985, 
350	 , 53998	 , 0	 , 5	 , 1.99979, 
350	 , 54050	 , 0	 , 5	 , 1.99983, 
350	 , 54160	 , 0	 , 5	 , 1.99802, 
350	 , 54100	 , 0	 , 5	 , 1.99998, 
350	 , 54142	 , 0	 , 5	 , 1.99976, 
350	 , 53928	 , 0	 , 5	 , 1.99988, 
350	 , 52288	 , 1	 , 6	 , 1.99998, 
350	 , 46700	 , 0	 , 5	 , 2.0, 
350	 , 54062	 , 0	 , 5	 , 1.99931, 
350	 , 54008	 , 0	 , 5	 , 1.99994, 
350	 , 54090	 , 0	 , 5	 , 1.99947, 
350	 , 54110	 , 0	 , 5	 , 1.99985, 
350	 , 54142	 , 0	 , 5	 , 1.99976, 
350	 , 54106	 , 0	 , 5	 , 1.99957, 
400	 , 61904	 , 0	 , 5	 , 1.99951, 
400	 , 61874	 , 0	 , 5	 , 1.99985, 
400	 , 61970	 , 0	 , 5	 , 1.99925, 
400	 , 61780	 , 0	 , 5	 , 1.99994, 
400	 , 61870	 , 0	 , 5	 , 1.99998, 
400	 , 61696	 , 0	 , 5	 , 1.99869, 
400	 , 61932	 , 0	 , 5	 , 1.99989, 
400	 , 62070	 , 0	 , 5	 , 1.99902, 
400	 , 61930	 , 0	 , 5	 , 1.99992, 
400	 , 61772	 , 0	 , 5	 , 1.99922, 
400	 , 61854	 , 0	 , 5	 , 1.99991, 
400	 , 61986	 , 0	 , 5	 , 1.99876, 
400	 , 62024	 , 0	 , 5	 , 1.99997, 
400	 , 44238	 , 0	 , 4	 , 2.0, 
400	 , 61928	 , 0	 , 5	 , 1.99991, 
400	 , 61954	 , 0	 , 5	 , 1.99976, 
400	 , 44304	 , 0	 , 4	 , 2.0, 
400	 , 62004	 , 0	 , 5	 , 1.99988, 
400	 , 61284	 , 0	 , 5	 , 2.0, 
400	 , 61768	 , 0	 , 5	 , 1.99995, 
400	 , 61868	 , 0	 , 5	 , 1.99989, 
400	 , 61950	 , 0	 , 5	 , 1.99998, 
400	 , 61968	 , 0	 , 5	 , 1.9998, 
400	 , 61894	 , 0	 , 5	 , 1.99977, 
400	 , 56440	 , 0	 , 5	 , 2.0, 
400	 , 62062	 , 0	 , 5	 , 1.99988, 
400	 , 62026	 , 0	 , 5	 , 1.99988, 
400	 , 61952	 , 0	 , 5	 , 1.99951, 
400	 , 56162	 , 1	 , 5	 , 1.99997, 
400	 , 61978	 , 1	 , 5	 , 1.99997, 
400	 , 61778	 , 0	 , 5	 , 1.99983, 
400	 , 61974	 , 0	 , 5	 , 1.99974, 
400	 , 61906	 , 0	 , 5	 , 1.99992, 
400	 , 61876	 , 0	 , 5	 , 1.99985, 
400	 , 61968	 , 0	 , 5	 , 1.99796, 
400	 , 61844	 , 0	 , 5	 , 1.99995, 
400	 , 61766	 , 0	 , 5	 , 1.9995, 
400	 , 61848	 , 0	 , 5	 , 1.99992, 
400	 , 61800	 , 0	 , 5	 , 1.99971, 
400	 , 61882	 , 0	 , 5	 , 1.99995, 
400	 , 61030	 , 0	 , 5	 , 2.0, 
400	 , 61856	 , 0	 , 5	 , 1.99976, 
400	 , 61896	 , 0	 , 5	 , 1.99992, 
400	 , 61732	 , 0	 , 5	 , 1.99997, 
400	 , 61768	 , 0	 , 5	 , 1.99985, 
400	 , 61812	 , 0	 , 5	 , 1.99956, 
400	 , 61994	 , 0	 , 5	 , 1.99997, 
400	 , 62002	 , 0	 , 5	 , 1.99883, 
400	 , 61908	 , 1	 , 5	 , 1.99994, 
400	 , 62000	 , 0	 , 5	 , 1.99966, 
400	 , 61900	 , 0	 , 5	 , 1.99997, 
400	 , 61978	 , 0	 , 5	 , 1.99931, 
400	 , 60382	 , 0	 , 5	 , 2.0, 
400	 , 61808	 , 0	 , 5	 , 1.99991, 
400	 , 61972	 , 0	 , 5	 , 1.99988, 
400	 , 61866	 , 0	 , 5	 , 1.99991, 
400	 , 61884	 , 0	 , 5	 , 1.99939, 
400	 , 61774	 , 0	 , 5	 , 1.99998, 
400	 , 61672	 , 0	 , 5	 , 1.99998, 
400	 , 61888	 , 0	 , 5	 , 1.99951, 
400	 , 50584	 , 0	 , 5	 , 2.0, 
400	 , 56310	 , 0	 , 5	 , 2.0, 
400	 , 62058	 , 0	 , 5	 , 1.99901, 
400	 , 61990	 , 0	 , 5	 , 1.99982, 
400	 , 61926	 , 0	 , 5	 , 1.99994, 
400	 , 43074	 , 0	 , 4	 , 2.0, 
400	 , 61750	 , 0	 , 5	 , 1.99991, 
400	 , 52728	 , 0	 , 5	 , 2.0, 
400	 , 62050	 , 0	 , 5	 , 1.99986, 
400	 , 61966	 , 0	 , 5	 , 1.99977, 
400	 , 61844	 , 0	 , 5	 , 1.99986, 
400	 , 57206	 , 0	 , 5	 , 2.0, 
400	 , 61880	 , 0	 , 5	 , 1.99876, 
400	 , 61996	 , 0	 , 5	 , 1.99959, 
400	 , 62052	 , 0	 , 5	 , 1.9991, 
400	 , 55608	 , 0	 , 5	 , 2.0, 
400	 , 61902	 , 0	 , 5	 , 1.99992, 
400	 , 61888	 , 0	 , 5	 , 1.99995, 
400	 , 61732	 , 0	 , 5	 , 1.9996, 
400	 , 55328	 , 0	 , 5	 , 2.0, 
400	 , 61888	 , 0	 , 5	 , 1.99988, 
400	 , 57418	 , 0	 , 5	 , 1.99995, 
400	 , 61868	 , 1	 , 5	 , 1.99998, 
400	 , 60400	 , 0	 , 5	 , 2.0, 
400	 , 56882	 , 0	 , 5	 , 1.99997, 
400	 , 61900	 , 0	 , 5	 , 1.99982, 
400	 , 61764	 , 0	 , 5	 , 1.99973, 
400	 , 61908	 , 0	 , 5	 , 1.99986, 
400	 , 59542	 , 0	 , 5	 , 2.0, 
400	 , 61970	 , 1	 , 5	 , 1.99994, 
400	 , 61918	 , 0	 , 5	 , 1.99913, 
400	 , 62006	 , 0	 , 5	 , 1.99849, 
400	 , 61822	 , 1	 , 5	 , 1.99986, 
400	 , 61864	 , 0	 , 5	 , 1.99998, 
400	 , 62062	 , 0	 , 5	 , 1.9994, 
400	 , 61852	 , 0	 , 5	 , 1.99979, 
400	 , 61948	 , 0	 , 5	 , 1.99837, 
400	 , 61840	 , 0	 , 5	 , 1.99997, 
400	 , 61824	 , 0	 , 5	 , 1.99805, 
400	 , 61950	 , 0	 , 5	 , 1.99992, 
400	 , 61804	 , 0	 , 5	 , 1.99956, 
400	 , 61922	 , 0	 , 5	 , 1.99948, 
400	 , 46518	 , 0	 , 5	 , 2.0, 
400	 , 61906	 , 0	 , 5	 , 1.99997, 
400	 , 61260	 , 1	 , 5	 , 1.99998, 
400	 , 61942	 , 0	 , 5	 , 1.9998, 
400	 , 61828	 , 0	 , 5	 , 1.99963, 
400	 , 43796	 , 0	 , 4	 , 2.0, 
400	 , 61998	 , 0	 , 5	 , 1.99991, 
400	 , 61914	 , 0	 , 5	 , 1.99948, 
400	 , 61708	 , 0	 , 5	 , 1.99994, 
400	 , 62024	 , 0	 , 5	 , 1.99977, 
400	 , 61936	 , 0	 , 5	 , 1.99986, 
400	 , 61900	 , 0	 , 5	 , 1.99997, 
400	 , 61756	 , 0	 , 5	 , 1.99989, 
400	 , 61864	 , 0	 , 5	 , 1.99953, 
400	 , 61918	 , 0	 , 5	 , 1.99989, 
400	 , 58576	 , 0	 , 5	 , 2.0, 
400	 , 61942	 , 0	 , 5	 , 1.99989, 
400	 , 62034	 , 0	 , 5	 , 1.99992, 
400	 , 61980	 , 0	 , 5	 , 1.99954, 
400	 , 61744	 , 0	 , 5	 , 1.99995, 
400	 , 61828	 , 0	 , 5	 , 1.99997, 
400	 , 61746	 , 1	 , 5	 , 1.99968, 
400	 , 61838	 , 0	 , 5	 , 1.99997, 
400	 , 62008	 , 0	 , 5	 , 1.9986, 
400	 , 62022	 , 0	 , 5	 , 1.99962, 
400	 , 61980	 , 0	 , 5	 , 1.99982, 
400	 , 61986	 , 0	 , 5	 , 1.99988, 
400	 , 62030	 , 0	 , 5	 , 1.99908, 
400	 , 52746	 , 1	 , 5	 , 1.99998, 
400	 , 61942	 , 0	 , 5	 , 1.9998, 
400	 , 61912	 , 0	 , 5	 , 1.99953, 
400	 , 60650	 , 0	 , 5	 , 2.0, 
400	 , 61796	 , 0	 , 5	 , 1.99989, 
400	 , 61794	 , 0	 , 5	 , 1.99963, 
400	 , 61862	 , 0	 , 5	 , 1.998, 
400	 , 61900	 , 0	 , 5	 , 1.99988, 
400	 , 61744	 , 0	 , 5	 , 1.99992, 
400	 , 61780	 , 0	 , 5	 , 1.99997, 
400	 , 61686	 , 1	 , 5	 , 1.99997, 
400	 , 53546	 , 0	 , 5	 , 2.0, 
400	 , 61686	 , 0	 , 5	 , 1.99969, 
400	 , 61866	 , 0	 , 5	 , 1.99997, 
400	 , 61984	 , 0	 , 5	 , 1.99992, 
400	 , 61930	 , 0	 , 5	 , 1.99977, 
400	 , 61934	 , 0	 , 5	 , 1.99994, 
400	 , 61960	 , 0	 , 5	 , 1.99994, 
400	 , 61894	 , 0	 , 5	 , 1.9995, 
400	 , 61882	 , 0	 , 5	 , 1.99998, 
400	 , 61486	 , 0	 , 5	 , 1.99942, 
400	 , 62128	 , 0	 , 5	 , 1.99983, 
400	 , 61912	 , 0	 , 5	 , 1.99986, 
400	 , 61762	 , 0	 , 5	 , 1.99803, 
400	 , 61960	 , 0	 , 5	 , 1.99968, 
400	 , 61762	 , 0	 , 5	 , 1.99988, 
400	 , 61662	 , 0	 , 5	 , 1.99977, 
400	 , 61846	 , 0	 , 5	 , 1.99864, 
400	 , 61832	 , 0	 , 5	 , 1.99998, 
400	 , 61900	 , 0	 , 5	 , 1.99951, 
400	 , 61588	 , 0	 , 5	 , 1.9998, 
400	 , 61756	 , 0	 , 5	 , 2.0, 
400	 , 62006	 , 0	 , 5	 , 1.99989, 
400	 , 61932	 , 0	 , 5	 , 1.99986, 
400	 , 61918	 , 0	 , 5	 , 1.99992, 
400	 , 61840	 , 0	 , 5	 , 1.99988, 
400	 , 61744	 , 0	 , 5	 , 1.99994, 
400	 , 61794	 , 0	 , 5	 , 1.99995, 
400	 , 62042	 , 0	 , 5	 , 1.99922, 
400	 , 61874	 , 0	 , 5	 , 1.99939, 
400	 , 61936	 , 0	 , 5	 , 1.99997, 
400	 , 61728	 , 0	 , 5	 , 1.99969, 
400	 , 57308	 , 0	 , 5	 , 2.0, 
400	 , 61832	 , 0	 , 5	 , 1.99997, 
400	 , 61902	 , 0	 , 5	 , 1.99998, 
400	 , 53030	 , 0	 , 5	 , 2.0, 
400	 , 61852	 , 0	 , 5	 , 1.99983, 
400	 , 61718	 , 0	 , 5	 , 1.99997, 
400	 , 61922	 , 0	 , 5	 , 1.99998, 
400	 , 61882	 , 0	 , 5	 , 1.99979, 
400	 , 61814	 , 0	 , 5	 , 1.99951, 
400	 , 61852	 , 0	 , 5	 , 1.99995, 
400	 , 62036	 , 0	 , 5	 , 1.99988, 
400	 , 61978	 , 1	 , 5	 , 1.99995, 
400	 , 62048	 , 0	 , 5	 , 1.99947, 
400	 , 61700	 , 0	 , 5	 , 1.99971, 
400	 , 61978	 , 0	 , 5	 , 1.9998, 
400	 , 61728	 , 0	 , 5	 , 1.99995, 
400	 , 59596	 , 0	 , 5	 , 2.0, 
400	 , 61810	 , 0	 , 5	 , 1.99997, 
400	 , 61994	 , 0	 , 5	 , 1.99965, 
400	 , 61762	 , 1	 , 5	 , 1.99994, 
400	 , 61854	 , 0	 , 5	 , 1.99983, 
400	 , 61824	 , 0	 , 5	 , 1.99997, 
400	 , 61858	 , 0	 , 5	 , 1.99989, 
400	 , 61854	 , 0	 , 5	 , 1.99991, 
400	 , 61912	 , 0	 , 5	 , 1.99985, 
400	 , 61750	 , 0	 , 5	 , 1.99925, 
400	 , 61970	 , 0	 , 5	 , 1.99995, 
400	 , 61670	 , 0	 , 5	 , 1.99994, 
400	 , 62016	 , 0	 , 5	 , 1.99995, 
400	 , 54314	 , 0	 , 5	 , 2.0, 
400	 , 61738	 , 0	 , 5	 , 1.99992, 
400	 , 61964	 , 0	 , 5	 , 1.99994, 
400	 , 25524	 , 0	 , 3	 , 2.0, 
400	 , 62042	 , 0	 , 5	 , 1.99786, 
400	 , 51780	 , 2	 , 6	 , 1.99997, 
400	 , 55622	 , 2	 , 6	 , 1.99988, 
400	 , 61994	 , 1	 , 5	 , 1.99997, 
400	 , 61950	 , 0	 , 5	 , 1.99979, 
400	 , 61854	 , 0	 , 5	 , 1.99983, 
400	 , 62042	 , 0	 , 5	 , 1.99997, 
400	 , 61762	 , 0	 , 5	 , 1.99959, 
400	 , 61952	 , 0	 , 5	 , 1.99992, 
400	 , 62006	 , 0	 , 5	 , 1.99983, 
400	 , 61860	 , 0	 , 5	 , 1.99959, 
400	 , 61548	 , 2	 , 5	 , 1.99997, 
400	 , 61940	 , 0	 , 5	 , 1.99939, 
400	 , 61852	 , 0	 , 5	 , 1.99994, 
400	 , 61820	 , 0	 , 5	 , 1.99992, 
400	 , 55558	 , 0	 , 5	 , 2.0, 
400	 , 61892	 , 0	 , 5	 , 1.99997, 
400	 , 55908	 , 0	 , 5	 , 2.0, 
400	 , 61882	 , 0	 , 5	 , 1.99997, 
400	 , 61788	 , 0	 , 5	 , 1.99983, 
400	 , 61920	 , 0	 , 5	 , 1.99994, 
400	 , 61772	 , 0	 , 5	 , 1.998, 
400	 , 61828	 , 0	 , 5	 , 1.99995, 
400	 , 60680	 , 0	 , 5	 , 2.0, 
400	 , 61820	 , 0	 , 5	 , 1.99968, 
400	 , 61964	 , 0	 , 5	 , 1.99994, 
400	 , 61944	 , 0	 , 5	 , 1.99939, 
400	 , 61936	 , 0	 , 5	 , 1.99995, 
400	 , 56650	 , 0	 , 5	 , 2.0, 
400	 , 61896	 , 0	 , 5	 , 1.99979, 
400	 , 61878	 , 0	 , 5	 , 1.99988, 
400	 , 62064	 , 0	 , 5	 , 1.99966, 
400	 , 38950	 , 0	 , 4	 , 2.0, 
400	 , 61842	 , 0	 , 5	 , 1.99956, 
400	 , 61872	 , 0	 , 5	 , 1.99971, 
400	 , 61948	 , 1	 , 5	 , 1.99998, 
400	 , 61698	 , 0	 , 5	 , 1.9995, 
400	 , 61978	 , 1	 , 5	 , 1.99998, 
400	 , 61818	 , 0	 , 5	 , 1.99971, 
400	 , 54898	 , 0	 , 5	 , 2.0, 
400	 , 61988	 , 0	 , 5	 , 1.99988, 
400	 , 62020	 , 0	 , 5	 , 1.99997, 
400	 , 61550	 , 0	 , 5	 , 1.99794, 
400	 , 61636	 , 0	 , 5	 , 1.99992, 
400	 , 61964	 , 0	 , 5	 , 1.99971]