[
50	 , 52454	 , 16	 , 28	 , 1.98044, 
50	 , 52674	 , 13	 , 27	 , 1.98877, 
50	 , 53386	 , 21	 , 25	 , 1.93161, 
50	 , 53560	 , 19	 , 26	 , 1.93544, 
50	 , 51542	 , 21	 , 27	 , 1.98206, 
50	 , 52810	 , 6	 , 26	 , 1.99998, 
50	 , 53046	 , 10	 , 27	 , 1.95435, 
50	 , 51796	 , 18	 , 27	 , 1.96854, 
50	 , 53036	 , 0	 , 26	 , 1.98045, 
50	 , 52662	 , 22	 , 26	 , 1.93738, 
50	 , 45070	 , 0	 , 23	 , 2.0, 
50	 , 52502	 , 6	 , 25	 , 1.99803, 
50	 , 53664	 , 7	 , 27	 , 1.98413, 
50	 , 52978	 , 0	 , 28	 , 1.995, 
50	 , 52104	 , 15	 , 25	 , 1.98079, 
50	 , 52372	 , 17	 , 26	 , 1.99974, 
50	 , 52134	 , 12	 , 25	 , 1.99776, 
50	 , 51636	 , 18	 , 26	 , 1.98434, 
50	 , 52682	 , 17	 , 26	 , 1.98764, 
50	 , 51732	 , 9	 , 26	 , 1.98778, 
50	 , 51336	 , 15	 , 27	 , 1.99609, 
50	 , 53450	 , 9	 , 27	 , 1.89062, 
50	 , 51742	 , 21	 , 28	 , 1.97635, 
50	 , 52832	 , 9	 , 27	 , 1.99997, 
50	 , 51724	 , 16	 , 27	 , 1.93353, 
50	 , 52064	 , 20	 , 27	 , 1.87662, 
50	 , 51862	 , 5	 , 27	 , 1.96263, 
50	 , 53016	 , 16	 , 28	 , 1.9917, 
50	 , 53414	 , 7	 , 27	 , 1.92871, 
50	 , 51698	 , 1	 , 25	 , 1.97514, 
50	 , 52074	 , 0	 , 26	 , 1.98961, 
50	 , 52426	 , 16	 , 26	 , 1.99805, 
50	 , 52442	 , 19	 , 28	 , 1.9458, 
50	 , 53258	 , 15	 , 26	 , 1.98561, 
50	 , 52460	 , 17	 , 27	 , 1.97168, 
50	 , 53014	 , 16	 , 27	 , 1.89355, 
50	 , 52472	 , 19	 , 27	 , 1.98215, 
50	 , 51278	 , 21	 , 26	 , 1.98227, 
50	 , 53076	 , 6	 , 28	 , 1.87433, 
50	 , 53062	 , 13	 , 25	 , 1.99109, 
50	 , 51902	 , 4	 , 27	 , 1.92731, 
50	 , 51602	 , 19	 , 24	 , 1.90521, 
50	 , 51488	 , 17	 , 26	 , 1.998, 
50	 , 51826	 , 11	 , 26	 , 1.93147, 
50	 , 52274	 , 15	 , 27	 , 1.99998, 
50	 , 52646	 , 1	 , 27	 , 1.88519, 
50	 , 51944	 , 17	 , 26	 , 1.97644, 
50	 , 53064	 , 17	 , 28	 , 1.99182, 
50	 , 52486	 , 14	 , 27	 , 1.93738, 
50	 , 51478	 , 12	 , 27	 , 1.99994, 
50	 , 52946	 , 15	 , 27	 , 1.9873, 
50	 , 53454	 , 7	 , 27	 , 1.97998, 
50	 , 52076	 , 21	 , 28	 , 1.99506, 
50	 , 51622	 , 5	 , 25	 , 1.86319, 
50	 , 53314	 , 9	 , 26	 , 1.83885, 
50	 , 52258	 , 19	 , 26	 , 1.87427, 
50	 , 53208	 , 22	 , 26	 , 1.95888, 
50	 , 51586	 , 21	 , 26	 , 1.99982, 
50	 , 52022	 , 16	 , 27	 , 1.96385, 
50	 , 52402	 , 20	 , 25	 , 1.97354, 
50	 , 53448	 , 16	 , 26	 , 1.97852, 
50	 , 53270	 , 3	 , 25	 , 1.99188, 
50	 , 52328	 , 16	 , 27	 , 1.99945, 
50	 , 51900	 , 21	 , 26	 , 1.92473, 
50	 , 52510	 , 5	 , 28	 , 1.95068, 
50	 , 53090	 , 8	 , 28	 , 1.96849, 
50	 , 52406	 , 6	 , 27	 , 1.94995, 
50	 , 52056	 , 6	 , 27	 , 1.99988, 
50	 , 51832	 , 3	 , 27	 , 1.99602, 
50	 , 52506	 , 7	 , 26	 , 1.93733, 
50	 , 52412	 , 17	 , 25	 , 1.99559, 
50	 , 51494	 , 10	 , 25	 , 1.97494, 
50	 , 51366	 , 6	 , 27	 , 1.96968, 
50	 , 52104	 , 20	 , 27	 , 1.99866, 
50	 , 53214	 , 19	 , 28	 , 1.87259, 
50	 , 53724	 , 19	 , 26	 , 1.96921, 
50	 , 51482	 , 12	 , 25	 , 1.9928, 
50	 , 52162	 , 22	 , 27	 , 1.99722, 
50	 , 53292	 , 18	 , 25	 , 1.99846, 
50	 , 51356	 , 2	 , 26	 , 1.97748, 
50	 , 53280	 , 21	 , 27	 , 1.9281, 
50	 , 53240	 , 22	 , 27	 , 1.97266, 
50	 , 52302	 , 21	 , 27	 , 1.99191, 
50	 , 52972	 , 20	 , 27	 , 1.99954, 
50	 , 51756	 , 20	 , 26	 , 1.99203, 
50	 , 51990	 , 22	 , 27	 , 1.9982, 
50	 , 49760	 , 0	 , 26	 , 2.0, 
50	 , 51558	 , 18	 , 25	 , 1.99271, 
50	 , 53372	 , 21	 , 24	 , 1.9375, 
50	 , 52284	 , 20	 , 27	 , 1.97855, 
50	 , 52896	 , 9	 , 26	 , 1.99281, 
50	 , 51930	 , 9	 , 25	 , 1.92187, 
50	 , 52466	 , 17	 , 27	 , 1.9843, 
50	 , 52704	 , 1	 , 25	 , 1.89432, 
50	 , 52658	 , 5	 , 27	 , 1.98631, 
50	 , 51758	 , 12	 , 27	 , 1.87439, 
50	 , 52842	 , 16	 , 28	 , 1.99557, 
50	 , 51454	 , 6	 , 26	 , 1.99329, 
50	 , 51468	 , 20	 , 24	 , 1.96674, 
50	 , 52612	 , 4	 , 26	 , 1.96753, 
50	 , 52676	 , 9	 , 24	 , 1.94949, 
50	 , 52746	 , 19	 , 28	 , 1.99854, 
50	 , 52636	 , 20	 , 27	 , 1.99963, 
50	 , 51256	 , 16	 , 24	 , 1.99609, 
50	 , 52338	 , 5	 , 27	 , 1.93323, 
50	 , 51704	 , 17	 , 24	 , 1.99942, 
50	 , 51740	 , 7	 , 27	 , 1.99295, 
50	 , 51980	 , 3	 , 26	 , 1.92186, 
50	 , 51346	 , 18	 , 27	 , 1.99219, 
50	 , 51452	 , 20	 , 25	 , 1.9995, 
50	 , 53184	 , 21	 , 26	 , 1.99956, 
50	 , 42584	 , 0	 , 22	 , 2.0, 
50	 , 51480	 , 20	 , 26	 , 1.99951, 
50	 , 51828	 , 14	 , 26	 , 1.9951, 
50	 , 52924	 , 0	 , 25	 , 1.9294, 
50	 , 51894	 , 14	 , 25	 , 1.99919, 
50	 , 52498	 , 3	 , 25	 , 1.94723, 
50	 , 51580	 , 6	 , 25	 , 1.98782, 
50	 , 52920	 , 12	 , 25	 , 1.96469, 
50	 , 52600	 , 15	 , 27	 , 1.97937, 
50	 , 53370	 , 18	 , 23	 , 1.93713, 
50	 , 52360	 , 23	 , 26	 , 1.96065, 
50	 , 53058	 , 19	 , 25	 , 1.85541, 
50	 , 53306	 , 5	 , 28	 , 1.94926, 
50	 , 51780	 , 2	 , 26	 , 1.99214, 
50	 , 52494	 , 0	 , 26	 , 1.92967, 
50	 , 51230	 , 3	 , 26	 , 1.99878, 
50	 , 52812	 , 0	 , 26	 , 1.99042, 
50	 , 52512	 , 8	 , 27	 , 1.96835, 
50	 , 53270	 , 11	 , 27	 , 1.98437, 
50	 , 52222	 , 21	 , 25	 , 1.98434, 
50	 , 51926	 , 1	 , 27	 , 1.99951, 
50	 , 51826	 , 4	 , 26	 , 1.99948, 
50	 , 51654	 , 18	 , 26	 , 1.9529, 
50	 , 51760	 , 18	 , 27	 , 1.9736, 
50	 , 51774	 , 17	 , 25	 , 1.98723, 
50	 , 51880	 , 18	 , 25	 , 1.99988, 
50	 , 51828	 , 20	 , 26	 , 1.99162, 
50	 , 52380	 , 12	 , 27	 , 1.98239, 
50	 , 52084	 , 22	 , 27	 , 1.96469, 
50	 , 53106	 , 12	 , 27	 , 1.9043, 
50	 , 51756	 , 0	 , 26	 , 1.99937, 
50	 , 51668	 , 20	 , 25	 , 1.99805, 
50	 , 53444	 , 21	 , 27	 , 1.98434, 
50	 , 52508	 , 21	 , 25	 , 1.99902, 
50	 , 52380	 , 17	 , 27	 , 1.99707, 
50	 , 51304	 , 19	 , 27	 , 1.9873, 
50	 , 52848	 , 10	 , 26	 , 1.88049, 
50	 , 51560	 , 6	 , 25	 , 1.99168, 
50	 , 51554	 , 6	 , 27	 , 1.98062, 
50	 , 24738	 , 0	 , 14	 , 2.0, 
50	 , 52132	 , 12	 , 27	 , 1.9585, 
50	 , 51720	 , 13	 , 27	 , 1.99023, 
50	 , 52236	 , 13	 , 27	 , 1.95306, 
50	 , 53162	 , 5	 , 27	 , 1.99951, 
50	 , 53388	 , 14	 , 26	 , 1.98306, 
50	 , 52982	 , 21	 , 27	 , 1.9834, 
50	 , 52104	 , 4	 , 27	 , 1.99982, 
50	 , 51612	 , 21	 , 26	 , 1.95305, 
50	 , 51440	 , 22	 , 27	 , 1.95007, 
50	 , 52362	 , 0	 , 27	 , 1.99092, 
50	 , 51738	 , 18	 , 26	 , 1.99532, 
50	 , 52258	 , 7	 , 26	 , 1.99702, 
50	 , 51388	 , 13	 , 27	 , 1.99803, 
50	 , 51776	 , 15	 , 27	 , 1.99753, 
50	 , 51368	 , 3	 , 25	 , 1.99979, 
50	 , 52886	 , 19	 , 28	 , 1.99089, 
50	 , 52654	 , 19	 , 26	 , 1.99779, 
50	 , 51556	 , 6	 , 26	 , 1.95654, 
50	 , 51336	 , 19	 , 26	 , 1.85351, 
50	 , 53128	 , 0	 , 27	 , 1.93628, 
50	 , 52294	 , 23	 , 27	 , 1.97421, 
50	 , 53112	 , 16	 , 26	 , 1.96088, 
50	 , 51962	 , 8	 , 25	 , 1.87347, 
50	 , 51546	 , 0	 , 26	 , 1.98857, 
50	 , 52018	 , 18	 , 27	 , 1.96973, 
50	 , 52950	 , 6	 , 25	 , 1.99951, 
50	 , 51672	 , 2	 , 28	 , 1.99957, 
50	 , 51586	 , 1	 , 25	 , 1.97604, 
50	 , 53050	 , 20	 , 26	 , 1.94324, 
50	 , 50750	 , 0	 , 26	 , 2.0, 
50	 , 53022	 , 17	 , 25	 , 1.95111, 
50	 , 51468	 , 18	 , 26	 , 1.97882, 
50	 , 51730	 , 14	 , 27	 , 1.87353, 
50	 , 53134	 , 9	 , 28	 , 1.99567, 
50	 , 52866	 , 7	 , 28	 , 1.99902, 
50	 , 51714	 , 18	 , 24	 , 1.98389, 
50	 , 52478	 , 17	 , 27	 , 1.96875, 
50	 , 52626	 , 13	 , 26	 , 1.97461, 
50	 , 52308	 , 4	 , 25	 , 1.99736, 
50	 , 51720	 , 1	 , 26	 , 1.95663, 
50	 , 53542	 , 13	 , 27	 , 1.96844, 
50	 , 53488	 , 19	 , 27	 , 1.99986, 
50	 , 53442	 , 4	 , 28	 , 1.96802, 
50	 , 52396	 , 13	 , 27	 , 1.93719, 
50	 , 51716	 , 19	 , 25	 , 1.89563, 
50	 , 51552	 , 3	 , 25	 , 1.97116, 
50	 , 52206	 , 8	 , 27	 , 1.94395, 
50	 , 51626	 , 10	 , 26	 , 1.93698, 
50	 , 52754	 , 4	 , 27	 , 1.91499, 
50	 , 51260	 , 7	 , 26	 , 1.99957, 
50	 , 51510	 , 18	 , 26	 , 1.98376, 
50	 , 53012	 , 7	 , 26	 , 1.99641, 
50	 , 52780	 , 2	 , 27	 , 1.9951, 
50	 , 52560	 , 19	 , 24	 , 1.9942, 
50	 , 51610	 , 12	 , 27	 , 1.97552, 
50	 , 52574	 , 17	 , 24	 , 1.99208, 
50	 , 52798	 , 1	 , 27	 , 1.9801, 
50	 , 52430	 , 12	 , 26	 , 1.87285, 
50	 , 52062	 , 9	 , 25	 , 1.99559, 
50	 , 52036	 , 18	 , 26	 , 1.99008, 
50	 , 51648	 , 20	 , 26	 , 1.99849, 
50	 , 51860	 , 22	 , 26	 , 1.98434, 
50	 , 53444	 , 15	 , 24	 , 1.96666, 
50	 , 51926	 , 13	 , 25	 , 1.92204, 
50	 , 53404	 , 21	 , 26	 , 1.99976, 
50	 , 51728	 , 0	 , 26	 , 1.99588, 
50	 , 53096	 , 0	 , 27	 , 1.9834, 
50	 , 51546	 , 12	 , 25	 , 1.98346, 
50	 , 52784	 , 15	 , 25	 , 1.99956, 
50	 , 52862	 , 10	 , 28	 , 1.98242, 
50	 , 53314	 , 4	 , 27	 , 1.90521, 
50	 , 53176	 , 16	 , 25	 , 1.99825, 
50	 , 52118	 , 12	 , 27	 , 1.90425, 
50	 , 52708	 , 9	 , 27	 , 1.99951, 
50	 , 52414	 , 21	 , 26	 , 1.99217, 
50	 , 52608	 , 20	 , 27	 , 1.99219, 
50	 , 52492	 , 13	 , 27	 , 1.99976, 
50	 , 51526	 , 21	 , 26	 , 1.95204, 
50	 , 51380	 , 10	 , 25	 , 1.99219, 
50	 , 53170	 , 5	 , 27	 , 1.9917, 
50	 , 51344	 , 7	 , 27	 , 1.73754, 
50	 , 51246	 , 10	 , 26	 , 1.9687, 
50	 , 53146	 , 21	 , 25	 , 1.93236, 
50	 , 51336	 , 17	 , 24	 , 1.96437, 
50	 , 51546	 , 18	 , 25	 , 1.99214, 
50	 , 51488	 , 19	 , 27	 , 1.97742, 
50	 , 51920	 , 14	 , 27	 , 1.99847, 
50	 , 52110	 , 17	 , 27	 , 1.97632, 
50	 , 52308	 , 11	 , 26	 , 1.99791, 
50	 , 52872	 , 16	 , 25	 , 1.98407, 
50	 , 52858	 , 3	 , 28	 , 1.99545, 
50	 , 52442	 , 0	 , 27	 , 1.99944, 
50	 , 52546	 , 17	 , 25	 , 1.96721, 
50	 , 52222	 , 15	 , 28	 , 1.9989, 
50	 , 53038	 , 14	 , 27	 , 1.99608, 
50	 , 52254	 , 10	 , 25	 , 1.99115, 
50	 , 52714	 , 0	 , 27	 , 1.86735, 
50	 , 52022	 , 5	 , 26	 , 1.99698, 
50	 , 52244	 , 0	 , 25	 , 1.99796, 
100	 , 53948	 , 6	 , 15	 , 1.97215, 
100	 , 54294	 , 7	 , 15	 , 1.99985, 
100	 , 53742	 , 7	 , 13	 , 1.99998, 
100	 , 53488	 , 9	 , 15	 , 1.99902, 
100	 , 52696	 , 8	 , 14	 , 1.99805, 
100	 , 53912	 , 7	 , 15	 , 1.99951, 
100	 , 54848	 , 6	 , 15	 , 1.99884, 
100	 , 52956	 , 0	 , 14	 , 1.9995, 
100	 , 53752	 , 6	 , 15	 , 1.99219, 
100	 , 53906	 , 6	 , 15	 , 1.98375, 
100	 , 53932	 , 8	 , 15	 , 1.99997, 
100	 , 52458	 , 7	 , 14	 , 1.87376, 
100	 , 53982	 , 1	 , 15	 , 1.99997, 
100	 , 53870	 , 7	 , 15	 , 1.93689, 
100	 , 52600	 , 6	 , 14	 , 1.98534, 
100	 , 55600	 , 6	 , 15	 , 1.99998, 
100	 , 54610	 , 0	 , 15	 , 1.96873, 
100	 , 51676	 , 2	 , 14	 , 1.99973, 
100	 , 54168	 , 5	 , 15	 , 1.99976, 
100	 , 55556	 , 3	 , 15	 , 1.99608, 
100	 , 54364	 , 7	 , 15	 , 1.9763, 
100	 , 51402	 , 10	 , 14	 , 1.99945, 
100	 , 52910	 , 10	 , 14	 , 1.99609, 
100	 , 52136	 , 8	 , 14	 , 1.99948, 
100	 , 52266	 , 5	 , 14	 , 1.99394, 
100	 , 54022	 , 6	 , 15	 , 1.99998, 
100	 , 51840	 , 2	 , 14	 , 1.99268, 
100	 , 51944	 , 9	 , 14	 , 1.99919, 
100	 , 55306	 , 10	 , 15	 , 1.9608, 
100	 , 51784	 , 1	 , 14	 , 1.97447, 
100	 , 54326	 , 8	 , 15	 , 1.99219, 
100	 , 54430	 , 11	 , 15	 , 1.99878, 
100	 , 54978	 , 7	 , 15	 , 1.99016, 
100	 , 18182	 , 0	 , 6	 , 2.0, 
100	 , 54658	 , 9	 , 15	 , 1.98437, 
100	 , 54108	 , 4	 , 15	 , 1.99951, 
100	 , 54150	 , 6	 , 15	 , 1.99983, 
100	 , 52316	 , 0	 , 14	 , 1.99998, 
100	 , 53824	 , 6	 , 15	 , 1.99124, 
100	 , 54682	 , 10	 , 15	 , 1.99707, 
100	 , 53646	 , 8	 , 15	 , 1.9375, 
100	 , 53218	 , 10	 , 14	 , 1.96849, 
100	 , 26626	 , 0	 , 8	 , 2.0, 
100	 , 55924	 , 7	 , 15	 , 1.99213, 
100	 , 51512	 , 8	 , 14	 , 1.99805, 
100	 , 55206	 , 5	 , 15	 , 1.98827, 
100	 , 54438	 , 9	 , 14	 , 1.99998, 
100	 , 52672	 , 0	 , 14	 , 1.99902, 
100	 , 54252	 , 0	 , 15	 , 1.98978, 
100	 , 53990	 , 2	 , 15	 , 1.99962, 
100	 , 53704	 , 8	 , 15	 , 1.98535, 
100	 , 51438	 , 6	 , 14	 , 1.99466, 
100	 , 55480	 , 6	 , 14	 , 1.99976, 
100	 , 22508	 , 0	 , 7	 , 2.0, 
100	 , 55320	 , 9	 , 15	 , 1.99413, 
100	 , 55166	 , 3	 , 15	 , 1.9973, 
100	 , 53762	 , 9	 , 15	 , 1.99802, 
100	 , 53926	 , 3	 , 15	 , 1.99998, 
100	 , 51450	 , 2	 , 14	 , 1.99948, 
100	 , 53964	 , 12	 , 15	 , 1.99979, 
100	 , 51668	 , 8	 , 14	 , 1.98419, 
100	 , 53932	 , 8	 , 15	 , 1.99998, 
100	 , 54840	 , 12	 , 15	 , 1.99899, 
100	 , 53640	 , 9	 , 15	 , 1.99962, 
100	 , 51444	 , 0	 , 14	 , 1.96484, 
100	 , 53334	 , 10	 , 15	 , 1.99893, 
100	 , 51398	 , 7	 , 13	 , 1.98437, 
100	 , 51264	 , 7	 , 14	 , 1.99948, 
100	 , 53762	 , 6	 , 15	 , 1.97107, 
100	 , 50174	 , 0	 , 14	 , 2.0, 
100	 , 22162	 , 0	 , 7	 , 2.0, 
100	 , 29656	 , 0	 , 9	 , 2.0, 
100	 , 54092	 , 7	 , 15	 , 1.9995, 
100	 , 53636	 , 1	 , 15	 , 1.99841, 
100	 , 54142	 , 5	 , 15	 , 1.99609, 
100	 , 54520	 , 8	 , 14	 , 1.99998, 
100	 , 55064	 , 9	 , 15	 , 1.99997, 
100	 , 53246	 , 8	 , 15	 , 1.99023, 
100	 , 53836	 , 8	 , 15	 , 1.98831, 
100	 , 53512	 , 6	 , 15	 , 1.96191, 
100	 , 53736	 , 11	 , 14	 , 1.99957, 
100	 , 53560	 , 3	 , 15	 , 1.96867, 
100	 , 54160	 , 8	 , 15	 , 1.99716, 
100	 , 52138	 , 1	 , 14	 , 1.99609, 
100	 , 53830	 , 4	 , 15	 , 1.97833, 
100	 , 53640	 , 6	 , 15	 , 1.99829, 
100	 , 53908	 , 12	 , 15	 , 1.96851, 
100	 , 53872	 , 2	 , 15	 , 1.99203, 
100	 , 51992	 , 4	 , 14	 , 1.98167, 
100	 , 52278	 , 7	 , 14	 , 1.99304, 
100	 , 54278	 , 2	 , 14	 , 1.99803, 
100	 , 53836	 , 6	 , 15	 , 1.96875, 
100	 , 53778	 , 7	 , 15	 , 1.96873, 
100	 , 51310	 , 9	 , 14	 , 1.99216, 
100	 , 54000	 , 2	 , 15	 , 1.96355, 
100	 , 53796	 , 5	 , 15	 , 1.99989, 
100	 , 54378	 , 11	 , 15	 , 1.99789, 
100	 , 51268	 , 8	 , 14	 , 1.99608, 
100	 , 54312	 , 10	 , 15	 , 1.99951, 
100	 , 54592	 , 9	 , 15	 , 1.98352, 
100	 , 54628	 , 7	 , 15	 , 1.98401, 
100	 , 53582	 , 5	 , 15	 , 1.9978, 
100	 , 54570	 , 0	 , 15	 , 1.98875, 
100	 , 55158	 , 3	 , 15	 , 1.96678, 
100	 , 54090	 , 10	 , 15	 , 1.99957, 
100	 , 52142	 , 6	 , 14	 , 1.99207, 
100	 , 53266	 , 7	 , 14	 , 1.93765, 
100	 , 52104	 , 6	 , 14	 , 1.96765, 
100	 , 54082	 , 6	 , 15	 , 1.99985, 
100	 , 51308	 , 7	 , 14	 , 1.99939, 
100	 , 54374	 , 9	 , 15	 , 1.98291, 
100	 , 51378	 , 10	 , 14	 , 1.87558, 
100	 , 53484	 , 4	 , 15	 , 1.99609, 
100	 , 53682	 , 5	 , 15	 , 1.98814, 
100	 , 53466	 , 0	 , 15	 , 1.93263, 
100	 , 51722	 , 5	 , 14	 , 1.9763, 
100	 , 52564	 , 10	 , 14	 , 1.96873, 
100	 , 48874	 , 0	 , 14	 , 2.0, 
100	 , 52556	 , 8	 , 14	 , 1.95592, 
100	 , 54686	 , 10	 , 15	 , 1.98431, 
100	 , 56180	 , 9	 , 15	 , 1.99986, 
100	 , 54704	 , 8	 , 15	 , 1.97855, 
100	 , 51450	 , 3	 , 14	 , 1.99982, 
100	 , 51832	 , 7	 , 14	 , 1.99942, 
100	 , 51638	 , 8	 , 14	 , 1.953, 
100	 , 54530	 , 6	 , 15	 , 1.98218, 
100	 , 51344	 , 8	 , 14	 , 1.99849, 
100	 , 51236	 , 5	 , 14	 , 1.99951, 
100	 , 54752	 , 7	 , 15	 , 1.94824, 
100	 , 54556	 , 7	 , 15	 , 1.88275, 
100	 , 53598	 , 5	 , 15	 , 1.9985, 
100	 , 55448	 , 7	 , 15	 , 1.99997, 
100	 , 53532	 , 4	 , 14	 , 1.99379, 
100	 , 54464	 , 5	 , 15	 , 1.96043, 
100	 , 55432	 , 0	 , 15	 , 1.99951, 
100	 , 52890	 , 9	 , 14	 , 1.99609, 
100	 , 55498	 , 11	 , 15	 , 1.99753, 
100	 , 54394	 , 3	 , 15	 , 1.98791, 
100	 , 51738	 , 2	 , 14	 , 1.99406, 
100	 , 53954	 , 8	 , 15	 , 1.99973, 
100	 , 13866	 , 0	 , 5	 , 2.0, 
100	 , 51224	 , 9	 , 14	 , 1.99896, 
100	 , 53272	 , 8	 , 13	 , 1.99602, 
100	 , 52736	 , 9	 , 14	 , 1.99989, 
100	 , 54526	 , 6	 , 15	 , 1.99994, 
100	 , 53314	 , 9	 , 14	 , 1.9541, 
100	 , 53746	 , 8	 , 15	 , 1.91382, 
100	 , 54210	 , 0	 , 15	 , 1.99976, 
100	 , 54152	 , 10	 , 15	 , 1.99512, 
100	 , 54178	 , 7	 , 15	 , 1.9826, 
100	 , 53892	 , 7	 , 14	 , 1.99998, 
100	 , 54712	 , 9	 , 15	 , 1.95117, 
100	 , 53224	 , 6	 , 15	 , 1.97314, 
100	 , 21714	 , 0	 , 7	 , 2.0, 
100	 , 54680	 , 9	 , 15	 , 1.99805, 
100	 , 54994	 , 7	 , 15	 , 1.99994, 
100	 , 53182	 , 10	 , 14	 , 1.99512, 
100	 , 52996	 , 9	 , 14	 , 1.99413, 
100	 , 51742	 , 5	 , 14	 , 1.99927, 
100	 , 51220	 , 3	 , 14	 , 1.96722, 
100	 , 54240	 , 10	 , 15	 , 1.99908, 
100	 , 54030	 , 4	 , 15	 , 1.98814, 
100	 , 37668	 , 0	 , 11	 , 2.0, 
100	 , 53932	 , 5	 , 15	 , 1.99779, 
100	 , 54116	 , 3	 , 15	 , 1.99901, 
100	 , 53734	 , 11	 , 15	 , 1.90036, 
100	 , 53664	 , 6	 , 15	 , 1.96899, 
100	 , 54336	 , 7	 , 15	 , 1.99719, 
100	 , 53196	 , 9	 , 14	 , 1.98669, 
100	 , 17002	 , 0	 , 6	 , 2.0, 
100	 , 54700	 , 11	 , 15	 , 1.96867, 
100	 , 54632	 , 6	 , 15	 , 1.99414, 
100	 , 52254	 , 6	 , 14	 , 1.99924, 
100	 , 54698	 , 7	 , 15	 , 1.99693, 
100	 , 53898	 , 11	 , 15	 , 1.99606, 
100	 , 55004	 , 8	 , 14	 , 1.96684, 
100	 , 55324	 , 9	 , 15	 , 1.99986, 
100	 , 51946	 , 8	 , 14	 , 1.99553, 
100	 , 53280	 , 7	 , 14	 , 1.99998, 
100	 , 53336	 , 11	 , 14	 , 1.99498, 
100	 , 52964	 , 5	 , 14	 , 1.98032, 
100	 , 51494	 , 7	 , 14	 , 1.99852, 
100	 , 54410	 , 10	 , 15	 , 1.99997, 
100	 , 51318	 , 6	 , 13	 , 1.99976, 
100	 , 55140	 , 3	 , 15	 , 1.97679, 
100	 , 54840	 , 11	 , 15	 , 1.99503, 
100	 , 51288	 , 2	 , 14	 , 1.9817, 
100	 , 54102	 , 0	 , 15	 , 1.98236, 
100	 , 53688	 , 7	 , 15	 , 1.98422, 
100	 , 53750	 , 0	 , 15	 , 1.99944, 
100	 , 51506	 , 0	 , 14	 , 1.99902, 
100	 , 54636	 , 12	 , 15	 , 1.995, 
100	 , 55618	 , 6	 , 15	 , 1.98331, 
100	 , 55626	 , 10	 , 15	 , 1.99899, 
100	 , 54040	 , 7	 , 15	 , 1.99731, 
100	 , 54244	 , 5	 , 15	 , 1.99655, 
100	 , 53854	 , 8	 , 14	 , 1.97914, 
100	 , 51404	 , 5	 , 14	 , 1.99821, 
100	 , 51822	 , 1	 , 13	 , 1.98436, 
100	 , 51428	 , 8	 , 13	 , 1.99376, 
100	 , 51920	 , 1	 , 14	 , 1.99258, 
100	 , 54090	 , 8	 , 15	 , 1.99805, 
100	 , 54458	 , 5	 , 15	 , 1.96826, 
100	 , 55236	 , 9	 , 15	 , 1.99028, 
100	 , 51740	 , 9	 , 14	 , 1.99272, 
100	 , 51256	 , 8	 , 14	 , 1.9882, 
100	 , 54046	 , 9	 , 15	 , 1.98419, 
100	 , 53564	 , 4	 , 15	 , 1.99072, 
100	 , 54516	 , 11	 , 15	 , 1.96094, 
100	 , 52142	 , 8	 , 14	 , 1.99411, 
100	 , 53376	 , 0	 , 14	 , 1.99823, 
100	 , 53400	 , 12	 , 15	 , 1.99899, 
100	 , 52794	 , 5	 , 14	 , 1.99774, 
100	 , 54218	 , 10	 , 15	 , 1.99988, 
100	 , 55692	 , 11	 , 15	 , 1.99214, 
100	 , 53228	 , 11	 , 15	 , 1.99902, 
100	 , 53302	 , 9	 , 14	 , 1.9939, 
100	 , 51564	 , 9	 , 14	 , 1.99927, 
100	 , 51548	 , 8	 , 14	 , 1.99998, 
100	 , 51830	 , 0	 , 14	 , 1.99902, 
100	 , 51286	 , 8	 , 14	 , 1.94102, 
100	 , 54182	 , 8	 , 15	 , 1.96091, 
100	 , 53870	 , 9	 , 15	 , 1.96863, 
100	 , 54068	 , 7	 , 15	 , 1.99976, 
100	 , 55048	 , 2	 , 15	 , 1.99998, 
100	 , 55030	 , 3	 , 15	 , 1.98338, 
100	 , 51886	 , 9	 , 14	 , 1.97533, 
100	 , 54196	 , 4	 , 15	 , 1.93622, 
100	 , 54656	 , 7	 , 15	 , 1.996, 
100	 , 51882	 , 8	 , 14	 , 1.9995, 
100	 , 53602	 , 12	 , 15	 , 1.99988, 
100	 , 53294	 , 10	 , 15	 , 1.99609, 
100	 , 52138	 , 7	 , 14	 , 1.98335, 
100	 , 54576	 , 8	 , 15	 , 1.98042, 
100	 , 54936	 , 2	 , 15	 , 1.99953, 
100	 , 53722	 , 3	 , 15	 , 1.99605, 
100	 , 54202	 , 7	 , 15	 , 1.96573, 
100	 , 53652	 , 9	 , 15	 , 1.96777, 
100	 , 55002	 , 11	 , 15	 , 1.99167, 
100	 , 52652	 , 7	 , 14	 , 1.99219, 
100	 , 55104	 , 6	 , 15	 , 1.96971, 
100	 , 54120	 , 9	 , 15	 , 1.98828, 
100	 , 55382	 , 8	 , 15	 , 1.9668, 
100	 , 51748	 , 6	 , 14	 , 1.99706, 
100	 , 53778	 , 7	 , 15	 , 1.99707, 
100	 , 51648	 , 8	 , 14	 , 1.99991, 
100	 , 52564	 , 7	 , 14	 , 1.99202, 
100	 , 52390	 , 4	 , 14	 , 1.9989, 
100	 , 55122	 , 9	 , 15	 , 1.93944, 
100	 , 54322	 , 4	 , 15	 , 1.97845, 
150	 , 52338	 , 6	 , 10	 , 1.98437, 
150	 , 51894	 , 6	 , 10	 , 1.99603, 
150	 , 51824	 , 0	 , 10	 , 1.99911, 
150	 , 51558	 , 3	 , 10	 , 1.99881, 
150	 , 52092	 , 1	 , 10	 , 1.97554, 
150	 , 51964	 , 2	 , 10	 , 1.99754, 
150	 , 54832	 , 5	 , 10	 , 1.9754, 
150	 , 52760	 , 5	 , 10	 , 1.99182, 
150	 , 54182	 , 6	 , 10	 , 1.99976, 
150	 , 51746	 , 5	 , 10	 , 1.99976, 
150	 , 51824	 , 3	 , 10	 , 1.96777, 
150	 , 53612	 , 7	 , 10	 , 1.99951, 
150	 , 52140	 , 4	 , 10	 , 1.97461, 
150	 , 51334	 , 6	 , 10	 , 1.99591, 
150	 , 51726	 , 2	 , 10	 , 1.99998, 
150	 , 52468	 , 3	 , 10	 , 1.99243, 
150	 , 53328	 , 6	 , 10	 , 1.98235, 
150	 , 52320	 , 4	 , 10	 , 1.99362, 
150	 , 52590	 , 2	 , 10	 , 1.99896, 
150	 , 52244	 , 6	 , 10	 , 1.99988, 
150	 , 56792	 , 6	 , 11	 , 1.98361, 
150	 , 51870	 , 4	 , 10	 , 1.99945, 
150	 , 51840	 , 5	 , 10	 , 1.99915, 
150	 , 52824	 , 2	 , 10	 , 1.99609, 
150	 , 53838	 , 3	 , 10	 , 1.99608, 
150	 , 26556	 , 0	 , 6	 , 2.0, 
150	 , 52020	 , 3	 , 10	 , 1.99219, 
150	 , 52190	 , 4	 , 10	 , 1.98975, 
150	 , 52728	 , 5	 , 10	 , 1.95238, 
150	 , 51724	 , 3	 , 10	 , 1.99927, 
150	 , 51530	 , 4	 , 10	 , 1.99847, 
150	 , 52278	 , 4	 , 10	 , 1.99951, 
150	 , 52260	 , 7	 , 10	 , 1.99969, 
150	 , 52738	 , 6	 , 10	 , 1.989, 
150	 , 51466	 , 2	 , 10	 , 1.99902, 
150	 , 53650	 , 6	 , 10	 , 1.99998, 
150	 , 39224	 , 0	 , 8	 , 2.0, 
150	 , 51690	 , 6	 , 10	 , 1.98291, 
150	 , 51754	 , 0	 , 10	 , 1.87457, 
150	 , 52312	 , 5	 , 10	 , 1.98817, 
150	 , 51712	 , 1	 , 10	 , 1.98425, 
150	 , 51450	 , 6	 , 10	 , 1.98218, 
150	 , 51470	 , 4	 , 10	 , 1.98424, 
150	 , 25708	 , 0	 , 6	 , 2.0, 
150	 , 51814	 , 3	 , 10	 , 1.99951, 
150	 , 51484	 , 6	 , 10	 , 1.9985, 
150	 , 52884	 , 0	 , 10	 , 1.99995, 
150	 , 53170	 , 4	 , 10	 , 1.99808, 
150	 , 51720	 , 1	 , 10	 , 1.99557, 
150	 , 28530	 , 0	 , 6	 , 2.0, 
150	 , 32794	 , 0	 , 7	 , 2.0, 
150	 , 51702	 , 3	 , 10	 , 1.99951, 
150	 , 52168	 , 5	 , 10	 , 1.99414, 
150	 , 52108	 , 2	 , 10	 , 1.99609, 
150	 , 52276	 , 5	 , 10	 , 1.99986, 
150	 , 51440	 , 4	 , 10	 , 1.99609, 
150	 , 51346	 , 5	 , 10	 , 1.99988, 
150	 , 51574	 , 7	 , 10	 , 1.99942, 
150	 , 53092	 , 8	 , 10	 , 1.99901, 
150	 , 34418	 , 0	 , 7	 , 2.0, 
150	 , 52358	 , 0	 , 10	 , 1.99107, 
150	 , 51604	 , 5	 , 10	 , 1.99139, 
150	 , 51392	 , 4	 , 10	 , 1.98239, 
150	 , 52280	 , 6	 , 10	 , 1.99803, 
150	 , 52234	 , 4	 , 10	 , 1.99997, 
150	 , 52708	 , 0	 , 10	 , 1.99698, 
150	 , 52416	 , 0	 , 10	 , 1.99997, 
150	 , 51284	 , 5	 , 10	 , 1.99365, 
150	 , 22006	 , 0	 , 5	 , 2.0, 
150	 , 52340	 , 3	 , 10	 , 1.99852, 
150	 , 51662	 , 4	 , 10	 , 1.99902, 
150	 , 52488	 , 6	 , 10	 , 1.99117, 
150	 , 53486	 , 5	 , 10	 , 1.99948, 
150	 , 52354	 , 5	 , 10	 , 1.99854, 
150	 , 51860	 , 4	 , 10	 , 1.99016, 
150	 , 51874	 , 2	 , 10	 , 1.99896, 
150	 , 52266	 , 6	 , 10	 , 1.99609, 
150	 , 52038	 , 5	 , 10	 , 1.98424, 
150	 , 51680	 , 2	 , 10	 , 1.99622, 
150	 , 51474	 , 3	 , 10	 , 1.99951, 
150	 , 52622	 , 5	 , 10	 , 1.99995, 
150	 , 51438	 , 2	 , 10	 , 1.99994, 
150	 , 51664	 , 5	 , 10	 , 1.99413, 
150	 , 52054	 , 5	 , 10	 , 1.99945, 
150	 , 51682	 , 3	 , 10	 , 1.99898, 
150	 , 53182	 , 6	 , 10	 , 1.99951, 
150	 , 51978	 , 2	 , 10	 , 1.9978, 
150	 , 51270	 , 3	 , 10	 , 1.99976, 
150	 , 51846	 , 3	 , 10	 , 1.99609, 
150	 , 51800	 , 0	 , 10	 , 1.99986, 
150	 , 54936	 , 5	 , 10	 , 1.98997, 
150	 , 52020	 , 3	 , 10	 , 1.99036, 
150	 , 51802	 , 7	 , 10	 , 1.99823, 
150	 , 52272	 , 6	 , 10	 , 1.99976, 
150	 , 52922	 , 0	 , 10	 , 1.99902, 
150	 , 52220	 , 4	 , 10	 , 1.99219, 
150	 , 51684	 , 6	 , 10	 , 1.99902, 
150	 , 51950	 , 0	 , 10	 , 1.99573, 
150	 , 53546	 , 0	 , 10	 , 1.99997, 
150	 , 51790	 , 0	 , 10	 , 1.99582, 
150	 , 52314	 , 3	 , 10	 , 1.99971, 
150	 , 52582	 , 6	 , 10	 , 1.87402, 
150	 , 51576	 , 7	 , 10	 , 1.99023, 
150	 , 51982	 , 6	 , 10	 , 1.93729, 
150	 , 52684	 , 2	 , 10	 , 1.99998, 
150	 , 49204	 , 0	 , 10	 , 2.0, 
150	 , 52490	 , 7	 , 10	 , 1.99751, 
150	 , 52972	 , 0	 , 10	 , 1.99815, 
150	 , 52848	 , 5	 , 10	 , 1.97559, 
150	 , 51268	 , 0	 , 10	 , 1.99719, 
150	 , 53418	 , 0	 , 10	 , 1.99322, 
150	 , 51600	 , 5	 , 10	 , 1.96849, 
150	 , 52060	 , 3	 , 10	 , 1.99036, 
150	 , 52328	 , 3	 , 10	 , 1.99553, 
150	 , 51490	 , 6	 , 10	 , 1.99217, 
150	 , 54912	 , 7	 , 10	 , 1.99998, 
150	 , 51722	 , 5	 , 10	 , 1.99802, 
150	 , 52106	 , 1	 , 10	 , 1.99243, 
150	 , 52670	 , 4	 , 10	 , 1.97266, 
150	 , 52528	 , 1	 , 10	 , 1.99998, 
150	 , 51968	 , 5	 , 10	 , 1.99603, 
150	 , 52572	 , 0	 , 10	 , 1.99811, 
150	 , 52166	 , 7	 , 10	 , 1.99994, 
150	 , 54494	 , 6	 , 10	 , 1.96873, 
150	 , 52304	 , 6	 , 10	 , 1.99902, 
150	 , 51448	 , 6	 , 10	 , 1.98035, 
150	 , 51436	 , 6	 , 10	 , 1.99072, 
150	 , 40020	 , 0	 , 9	 , 2.0, 
150	 , 20474	 , 0	 , 5	 , 2.0, 
150	 , 15330	 , 0	 , 4	 , 2.0, 
150	 , 52328	 , 1	 , 10	 , 1.99953, 
150	 , 51492	 , 5	 , 10	 , 1.99997, 
150	 , 52062	 , 1	 , 10	 , 1.99922, 
150	 , 33698	 , 0	 , 7	 , 2.0, 
150	 , 52620	 , 6	 , 10	 , 1.99854, 
150	 , 52086	 , 3	 , 10	 , 1.99609, 
150	 , 51368	 , 4	 , 10	 , 1.995, 
150	 , 52436	 , 3	 , 10	 , 1.9931, 
150	 , 37474	 , 0	 , 8	 , 2.0, 
150	 , 51826	 , 4	 , 10	 , 1.99023, 
150	 , 54598	 , 6	 , 10	 , 1.99997, 
150	 , 53214	 , 5	 , 10	 , 1.99976, 
150	 , 51614	 , 3	 , 10	 , 1.99971, 
150	 , 51936	 , 4	 , 10	 , 1.99515, 
150	 , 52782	 , 1	 , 10	 , 1.9922, 
150	 , 42964	 , 0	 , 9	 , 2.0, 
150	 , 47056	 , 0	 , 9	 , 2.0, 
150	 , 53018	 , 5	 , 10	 , 1.99976, 
150	 , 52024	 , 0	 , 10	 , 1.99963, 
150	 , 52798	 , 1	 , 10	 , 1.99054, 
150	 , 51500	 , 4	 , 10	 , 1.90625, 
150	 , 52108	 , 2	 , 10	 , 1.99609, 
150	 , 52944	 , 5	 , 10	 , 1.99998, 
150	 , 51630	 , 2	 , 10	 , 1.99925, 
150	 , 52026	 , 4	 , 10	 , 1.99803, 
150	 , 53044	 , 5	 , 10	 , 1.99217, 
150	 , 52590	 , 2	 , 10	 , 1.93725, 
150	 , 24178	 , 0	 , 6	 , 2.0, 
150	 , 32168	 , 0	 , 7	 , 2.0, 
150	 , 43914	 , 0	 , 9	 , 2.0, 
150	 , 51716	 , 5	 , 10	 , 1.99878, 
150	 , 51680	 , 6	 , 10	 , 1.98236, 
150	 , 51736	 , 7	 , 10	 , 1.99988, 
150	 , 52006	 , 5	 , 10	 , 1.99994, 
150	 , 52128	 , 5	 , 10	 , 1.99998, 
150	 , 52240	 , 6	 , 10	 , 1.99411, 
150	 , 51848	 , 1	 , 10	 , 1.99774, 
150	 , 51910	 , 4	 , 10	 , 1.99998, 
150	 , 52954	 , 6	 , 10	 , 1.93698, 
150	 , 52228	 , 1	 , 10	 , 1.98413, 
150	 , 52540	 , 4	 , 10	 , 1.99805, 
150	 , 44098	 , 0	 , 9	 , 2.0, 
150	 , 51762	 , 2	 , 10	 , 1.99594, 
150	 , 52046	 , 5	 , 10	 , 1.98926, 
150	 , 51756	 , 4	 , 10	 , 1.99982, 
150	 , 51826	 , 4	 , 10	 , 1.99889, 
150	 , 52580	 , 0	 , 10	 , 1.99951, 
150	 , 57180	 , 7	 , 11	 , 1.96861, 
150	 , 51982	 , 1	 , 10	 , 1.99995, 
150	 , 52034	 , 4	 , 10	 , 1.99217, 
150	 , 51574	 , 3	 , 10	 , 1.99559, 
150	 , 51984	 , 2	 , 10	 , 1.99603, 
150	 , 53008	 , 5	 , 10	 , 1.99695, 
150	 , 31458	 , 0	 , 7	 , 2.0, 
150	 , 54700	 , 5	 , 10	 , 1.99976, 
150	 , 52280	 , 2	 , 10	 , 1.99902, 
150	 , 14998	 , 0	 , 4	 , 2.0, 
150	 , 52924	 , 4	 , 10	 , 1.99997, 
150	 , 51380	 , 7	 , 10	 , 1.98288, 
150	 , 51836	 , 1	 , 10	 , 1.99997, 
150	 , 27430	 , 0	 , 6	 , 2.0, 
150	 , 51700	 , 1	 , 10	 , 1.99657, 
150	 , 51888	 , 5	 , 10	 , 1.99805, 
150	 , 53136	 , 0	 , 10	 , 1.99144, 
150	 , 51846	 , 5	 , 10	 , 1.99963, 
150	 , 51616	 , 6	 , 10	 , 1.99582, 
150	 , 51720	 , 2	 , 10	 , 1.99927, 
150	 , 51676	 , 1	 , 10	 , 1.99496, 
150	 , 51658	 , 4	 , 10	 , 1.99609, 
150	 , 53496	 , 5	 , 10	 , 1.99997, 
150	 , 53548	 , 6	 , 10	 , 1.99994, 
150	 , 51482	 , 4	 , 10	 , 1.99805, 
150	 , 51392	 , 7	 , 10	 , 1.93747, 
150	 , 51434	 , 4	 , 10	 , 1.99315, 
150	 , 49870	 , 0	 , 10	 , 2.0, 
150	 , 51222	 , 4	 , 10	 , 1.99997, 
150	 , 51840	 , 2	 , 10	 , 1.9754, 
150	 , 52668	 , 4	 , 10	 , 1.99994, 
150	 , 54890	 , 7	 , 10	 , 1.99606, 
150	 , 55444	 , 4	 , 10	 , 1.998, 
150	 , 52124	 , 2	 , 10	 , 1.98437, 
150	 , 51282	 , 6	 , 10	 , 1.99022, 
150	 , 51510	 , 6	 , 10	 , 1.99219, 
150	 , 52320	 , 6	 , 10	 , 1.99976, 
150	 , 51742	 , 4	 , 10	 , 1.99969, 
150	 , 51620	 , 6	 , 10	 , 1.99951, 
150	 , 51660	 , 7	 , 10	 , 1.99995, 
150	 , 52988	 , 5	 , 10	 , 1.99998, 
150	 , 51720	 , 6	 , 10	 , 1.99997, 
150	 , 23086	 , 0	 , 5	 , 2.0, 
150	 , 52866	 , 6	 , 10	 , 1.96808, 
150	 , 52016	 , 5	 , 10	 , 1.94531, 
150	 , 52274	 , 1	 , 10	 , 1.99994, 
150	 , 51988	 , 4	 , 10	 , 1.99974, 
150	 , 51570	 , 3	 , 10	 , 1.99609, 
150	 , 51730	 , 4	 , 10	 , 1.99216, 
150	 , 52180	 , 3	 , 10	 , 1.99994, 
150	 , 44302	 , 0	 , 9	 , 2.0, 
150	 , 51486	 , 6	 , 10	 , 1.9668, 
150	 , 53400	 , 5	 , 10	 , 1.98529, 
150	 , 52226	 , 4	 , 10	 , 1.99998, 
150	 , 57148	 , 5	 , 11	 , 1.9472, 
150	 , 52338	 , 1	 , 10	 , 1.93841, 
150	 , 51436	 , 6	 , 10	 , 1.99512, 
150	 , 52920	 , 0	 , 10	 , 1.99023, 
150	 , 53680	 , 5	 , 10	 , 1.99998, 
150	 , 38818	 , 0	 , 8	 , 2.0, 
150	 , 54590	 , 0	 , 10	 , 1.99884, 
150	 , 52134	 , 3	 , 10	 , 1.99776, 
150	 , 51462	 , 5	 , 10	 , 1.99706, 
150	 , 51414	 , 5	 , 10	 , 1.99512, 
150	 , 28816	 , 0	 , 6	 , 2.0, 
150	 , 51326	 , 6	 , 10	 , 1.95117, 
150	 , 51970	 , 0	 , 10	 , 1.97069, 
150	 , 53292	 , 1	 , 10	 , 1.98437, 
150	 , 53460	 , 4	 , 10	 , 1.9687, 
150	 , 51796	 , 1	 , 10	 , 1.99849, 
150	 , 51744	 , 4	 , 10	 , 1.99983, 
150	 , 52788	 , 5	 , 10	 , 1.99791, 
150	 , 51536	 , 0	 , 10	 , 1.99217, 
200	 , 53690	 , 3	 , 8	 , 1.99803, 
200	 , 53452	 , 3	 , 8	 , 1.99561, 
200	 , 53904	 , 3	 , 8	 , 1.99951, 
200	 , 53460	 , 4	 , 8	 , 1.98437, 
200	 , 53218	 , 1	 , 8	 , 1.99954, 
200	 , 53954	 , 5	 , 8	 , 1.99217, 
200	 , 42324	 , 0	 , 7	 , 2.0, 
200	 , 53926	 , 3	 , 8	 , 1.99976, 
200	 , 53456	 , 4	 , 8	 , 1.99995, 
200	 , 53860	 , 3	 , 8	 , 1.99997, 
200	 , 27914	 , 0	 , 5	 , 2.0, 
200	 , 53744	 , 4	 , 8	 , 1.98828, 
200	 , 53428	 , 0	 , 8	 , 1.98528, 
200	 , 54604	 , 0	 , 8	 , 1.98819, 
200	 , 53978	 , 2	 , 8	 , 1.99905, 
200	 , 53820	 , 2	 , 8	 , 1.99901, 
200	 , 53532	 , 4	 , 8	 , 1.99609, 
200	 , 53718	 , 3	 , 8	 , 1.9765, 
200	 , 53190	 , 3	 , 8	 , 1.98389, 
200	 , 53538	 , 3	 , 8	 , 1.99023, 
200	 , 53692	 , 0	 , 8	 , 1.99887, 
200	 , 53864	 , 2	 , 8	 , 1.99998, 
200	 , 53690	 , 2	 , 8	 , 1.99927, 
200	 , 53208	 , 2	 , 8	 , 1.99998, 
200	 , 53384	 , 2	 , 8	 , 1.99924, 
200	 , 53694	 , 4	 , 8	 , 1.99602, 
200	 , 53452	 , 3	 , 8	 , 1.99768, 
200	 , 52938	 , 5	 , 8	 , 1.99922, 
200	 , 53920	 , 0	 , 8	 , 1.99904, 
200	 , 55284	 , 4	 , 8	 , 1.99992, 
200	 , 36880	 , 0	 , 6	 , 2.0, 
200	 , 53432	 , 3	 , 8	 , 1.99597, 
200	 , 20612	 , 0	 , 4	 , 2.0, 
200	 , 29376	 , 0	 , 5	 , 2.0, 
200	 , 53602	 , 3	 , 8	 , 1.99706, 
200	 , 53712	 , 0	 , 8	 , 1.99092, 
200	 , 53572	 , 2	 , 8	 , 1.99457, 
200	 , 53976	 , 3	 , 8	 , 1.96875, 
200	 , 53600	 , 2	 , 8	 , 1.99997, 
200	 , 42014	 , 0	 , 7	 , 2.0, 
200	 , 53218	 , 2	 , 8	 , 1.9995, 
200	 , 53742	 , 3	 , 8	 , 1.99902, 
200	 , 54414	 , 0	 , 8	 , 1.99199, 
200	 , 53808	 , 2	 , 8	 , 1.99902, 
200	 , 54072	 , 2	 , 8	 , 1.99609, 
200	 , 53804	 , 3	 , 8	 , 1.98352, 
200	 , 53798	 , 2	 , 8	 , 1.99994, 
200	 , 54292	 , 3	 , 8	 , 1.99994, 
200	 , 54144	 , 2	 , 8	 , 1.99976, 
200	 , 53866	 , 0	 , 8	 , 1.95288, 
200	 , 53592	 , 3	 , 8	 , 1.99951, 
200	 , 54162	 , 2	 , 8	 , 1.99217, 
200	 , 53366	 , 4	 , 8	 , 1.99998, 
200	 , 53350	 , 4	 , 8	 , 1.9917, 
200	 , 54118	 , 2	 , 8	 , 1.99986, 
200	 , 54600	 , 4	 , 8	 , 1.99982, 
200	 , 53506	 , 2	 , 8	 , 1.99976, 
200	 , 53812	 , 0	 , 8	 , 1.98383, 
200	 , 53602	 , 1	 , 8	 , 1.99561, 
200	 , 54042	 , 3	 , 8	 , 1.99792, 
200	 , 53950	 , 2	 , 8	 , 1.99998, 
200	 , 34674	 , 0	 , 6	 , 2.0, 
200	 , 53766	 , 3	 , 8	 , 1.99608, 
200	 , 53986	 , 0	 , 8	 , 1.99979, 
200	 , 53876	 , 0	 , 8	 , 1.99901, 
200	 , 53312	 , 3	 , 8	 , 1.99988, 
200	 , 53230	 , 4	 , 8	 , 1.99255, 
200	 , 53782	 , 3	 , 8	 , 1.99902, 
200	 , 51324	 , 6	 , 11	 , 1.99998, 
200	 , 53874	 , 0	 , 8	 , 1.99995, 
200	 , 53632	 , 4	 , 8	 , 1.99998, 
200	 , 53852	 , 4	 , 8	 , 1.99988, 
200	 , 54754	 , 5	 , 8	 , 1.99992, 
200	 , 19194	 , 0	 , 4	 , 2.0, 
200	 , 44370	 , 0	 , 7	 , 2.0, 
200	 , 53710	 , 0	 , 8	 , 1.9985, 
200	 , 53810	 , 0	 , 8	 , 1.99109, 
200	 , 53542	 , 4	 , 8	 , 1.99939, 
200	 , 53550	 , 3	 , 8	 , 1.99217, 
200	 , 53438	 , 2	 , 8	 , 1.99879, 
200	 , 53778	 , 3	 , 8	 , 1.96971, 
200	 , 53654	 , 2	 , 8	 , 1.99963, 
200	 , 53624	 , 3	 , 8	 , 1.99998, 
200	 , 53568	 , 3	 , 8	 , 1.99193, 
200	 , 29836	 , 0	 , 5	 , 2.0, 
200	 , 54402	 , 1	 , 8	 , 1.99997, 
200	 , 53862	 , 1	 , 8	 , 1.99597, 
200	 , 54000	 , 0	 , 8	 , 1.99983, 
200	 , 54244	 , 2	 , 8	 , 1.99951, 
200	 , 53322	 , 1	 , 8	 , 1.96875, 
200	 , 53090	 , 4	 , 8	 , 1.90625, 
200	 , 53722	 , 0	 , 8	 , 1.99977, 
200	 , 53608	 , 3	 , 8	 , 1.99994, 
200	 , 54006	 , 1	 , 8	 , 1.99895, 
200	 , 42398	 , 0	 , 7	 , 2.0, 
200	 , 53486	 , 3	 , 8	 , 1.99927, 
200	 , 26512	 , 0	 , 5	 , 2.0, 
200	 , 53624	 , 1	 , 8	 , 1.99924, 
200	 , 52970	 , 4	 , 8	 , 1.99777, 
200	 , 53688	 , 3	 , 8	 , 1.99771, 
200	 , 53152	 , 4	 , 8	 , 1.99475, 
200	 , 53438	 , 3	 , 8	 , 1.99799, 
200	 , 54378	 , 0	 , 8	 , 1.97594, 
200	 , 53882	 , 4	 , 8	 , 1.99939, 
200	 , 53276	 , 3	 , 8	 , 1.99805, 
200	 , 42238	 , 0	 , 7	 , 2.0, 
200	 , 53566	 , 4	 , 8	 , 1.97998, 
200	 , 53222	 , 4	 , 8	 , 1.99902, 
200	 , 54110	 , 2	 , 8	 , 1.95308, 
200	 , 54116	 , 4	 , 8	 , 1.99217, 
200	 , 53190	 , 4	 , 8	 , 1.99998, 
200	 , 53506	 , 2	 , 8	 , 1.99901, 
200	 , 53588	 , 3	 , 8	 , 1.99213, 
200	 , 53530	 , 4	 , 8	 , 1.99976, 
200	 , 53712	 , 4	 , 8	 , 1.99998, 
200	 , 23086	 , 0	 , 5	 , 2.0, 
200	 , 53130	 , 4	 , 8	 , 1.99951, 
200	 , 27214	 , 0	 , 5	 , 2.0, 
200	 , 53906	 , 0	 , 8	 , 1.99991, 
200	 , 54064	 , 0	 , 8	 , 1.99826, 
200	 , 53368	 , 1	 , 8	 , 1.99805, 
200	 , 28356	 , 0	 , 5	 , 2.0, 
200	 , 53882	 , 2	 , 8	 , 1.95105, 
200	 , 37352	 , 0	 , 6	 , 2.0, 
200	 , 53646	 , 1	 , 8	 , 1.99991, 
200	 , 52914	 , 3	 , 9	 , 1.99997, 
200	 , 53072	 , 4	 , 8	 , 1.99792, 
200	 , 53632	 , 3	 , 8	 , 1.99988, 
200	 , 54092	 , 10	 , 13	 , 1.99997, 
200	 , 53708	 , 3	 , 8	 , 1.99902, 
200	 , 36362	 , 0	 , 6	 , 2.0, 
200	 , 53678	 , 3	 , 8	 , 1.99951, 
200	 , 53626	 , 0	 , 8	 , 1.99591, 
200	 , 54128	 , 2	 , 8	 , 1.99805, 
200	 , 53810	 , 2	 , 8	 , 1.99948, 
200	 , 53820	 , 0	 , 8	 , 1.99559, 
200	 , 53618	 , 3	 , 8	 , 1.99997, 
200	 , 53406	 , 4	 , 8	 , 1.99976, 
200	 , 53654	 , 3	 , 8	 , 1.99994, 
200	 , 53490	 , 2	 , 8	 , 1.99609, 
200	 , 53882	 , 2	 , 8	 , 1.99213, 
200	 , 53722	 , 1	 , 8	 , 1.99951, 
200	 , 54084	 , 2	 , 8	 , 1.99854, 
200	 , 53538	 , 2	 , 8	 , 1.96875, 
200	 , 53934	 , 1	 , 8	 , 1.99951, 
200	 , 52934	 , 4	 , 8	 , 1.99194, 
200	 , 54268	 , 2	 , 8	 , 1.99217, 
200	 , 53620	 , 3	 , 8	 , 1.99585, 
200	 , 53924	 , 1	 , 8	 , 1.99606, 
200	 , 35110	 , 0	 , 6	 , 2.0, 
200	 , 53576	 , 4	 , 8	 , 1.99902, 
200	 , 53460	 , 1	 , 8	 , 1.99989, 
200	 , 53468	 , 4	 , 8	 , 1.99899, 
200	 , 53340	 , 1	 , 8	 , 1.9678, 
200	 , 53946	 , 4	 , 8	 , 1.99072, 
200	 , 53636	 , 1	 , 8	 , 1.96869, 
200	 , 45202	 , 0	 , 7	 , 2.0, 
200	 , 54196	 , 2	 , 8	 , 1.99902, 
200	 , 53986	 , 2	 , 8	 , 1.9998, 
200	 , 53398	 , 3	 , 8	 , 1.99509, 
200	 , 53934	 , 3	 , 8	 , 1.99986, 
200	 , 54082	 , 1	 , 8	 , 1.99805, 
200	 , 20020	 , 0	 , 4	 , 2.0, 
200	 , 51250	 , 0	 , 8	 , 2.0, 
200	 , 54866	 , 1	 , 8	 , 1.99985, 
200	 , 53488	 , 0	 , 8	 , 1.99654, 
200	 , 53326	 , 5	 , 8	 , 1.98534, 
200	 , 53208	 , 4	 , 8	 , 1.99918, 
200	 , 29786	 , 0	 , 5	 , 2.0, 
200	 , 52904	 , 4	 , 8	 , 1.99805, 
200	 , 51708	 , 10	 , 13	 , 1.99998, 
200	 , 53422	 , 3	 , 8	 , 1.99609, 
200	 , 53520	 , 1	 , 8	 , 1.93848, 
200	 , 53314	 , 2	 , 8	 , 1.99887, 
200	 , 53688	 , 2	 , 8	 , 1.99805, 
200	 , 54062	 , 2	 , 8	 , 1.99997, 
200	 , 53762	 , 1	 , 8	 , 1.98434, 
200	 , 53520	 , 3	 , 8	 , 1.99988, 
200	 , 20250	 , 0	 , 4	 , 2.0, 
200	 , 53764	 , 1	 , 8	 , 1.99408, 
200	 , 54116	 , 1	 , 8	 , 1.99902, 
200	 , 53124	 , 4	 , 8	 , 1.99988, 
200	 , 53942	 , 1	 , 8	 , 1.99974, 
200	 , 55254	 , 0	 , 8	 , 1.99896, 
200	 , 53692	 , 2	 , 8	 , 1.99901, 
200	 , 36982	 , 0	 , 6	 , 2.0, 
200	 , 53534	 , 3	 , 8	 , 1.99991, 
200	 , 53832	 , 0	 , 8	 , 1.99998, 
200	 , 53254	 , 5	 , 8	 , 1.97656, 
200	 , 53622	 , 4	 , 8	 , 1.99988, 
200	 , 42568	 , 0	 , 7	 , 2.0, 
200	 , 53632	 , 1	 , 8	 , 1.99942, 
200	 , 27912	 , 0	 , 5	 , 2.0, 
200	 , 55708	 , 0	 , 8	 , 1.99756, 
200	 , 28572	 , 0	 , 5	 , 2.0, 
200	 , 54164	 , 4	 , 8	 , 1.9902, 
200	 , 54584	 , 3	 , 8	 , 1.99852, 
200	 , 54746	 , 3	 , 8	 , 1.99969, 
200	 , 54238	 , 0	 , 8	 , 1.98042, 
200	 , 53518	 , 4	 , 8	 , 1.99608, 
200	 , 53876	 , 0	 , 8	 , 1.99995, 
200	 , 53290	 , 4	 , 8	 , 1.99976, 
200	 , 53676	 , 2	 , 8	 , 1.99207, 
200	 , 53650	 , 0	 , 8	 , 1.99982, 
200	 , 53722	 , 3	 , 8	 , 1.99896, 
200	 , 54120	 , 1	 , 8	 , 1.99121, 
200	 , 53738	 , 3	 , 8	 , 1.99991, 
200	 , 53906	 , 2	 , 8	 , 1.99512, 
200	 , 53686	 , 1	 , 8	 , 1.99756, 
200	 , 53810	 , 2	 , 8	 , 1.99992, 
200	 , 53990	 , 5	 , 8	 , 1.99211, 
200	 , 53660	 , 3	 , 8	 , 1.99997, 
200	 , 54854	 , 3	 , 8	 , 1.99983, 
200	 , 53692	 , 1	 , 8	 , 1.99988, 
200	 , 54800	 , 0	 , 8	 , 1.99992, 
200	 , 54016	 , 3	 , 8	 , 1.97948, 
200	 , 53344	 , 1	 , 8	 , 1.99976, 
200	 , 54312	 , 3	 , 8	 , 1.99998, 
200	 , 53984	 , 1	 , 8	 , 1.99902, 
200	 , 54076	 , 0	 , 8	 , 1.99994, 
200	 , 51418	 , 0	 , 8	 , 2.0, 
200	 , 20780	 , 0	 , 4	 , 2.0, 
200	 , 19914	 , 0	 , 4	 , 2.0, 
200	 , 53340	 , 3	 , 8	 , 1.99152, 
200	 , 53610	 , 4	 , 8	 , 1.9949, 
200	 , 53614	 , 3	 , 8	 , 1.99997, 
200	 , 54256	 , 4	 , 8	 , 1.98338, 
200	 , 56200	 , 3	 , 8	 , 1.99974, 
200	 , 55360	 , 4	 , 8	 , 1.99902, 
200	 , 53042	 , 4	 , 8	 , 1.99927, 
200	 , 53044	 , 5	 , 8	 , 1.99219, 
200	 , 54258	 , 4	 , 8	 , 1.99854, 
200	 , 53888	 , 2	 , 8	 , 1.99902, 
200	 , 53478	 , 0	 , 8	 , 1.97089, 
200	 , 53326	 , 2	 , 8	 , 1.99908, 
200	 , 54258	 , 2	 , 8	 , 1.99937, 
200	 , 27106	 , 0	 , 5	 , 2.0, 
200	 , 56072	 , 3	 , 8	 , 1.99591, 
200	 , 27760	 , 0	 , 5	 , 2.0, 
200	 , 53790	 , 0	 , 8	 , 1.99986, 
200	 , 54032	 , 0	 , 8	 , 1.99998, 
200	 , 53454	 , 3	 , 8	 , 1.99759, 
200	 , 53784	 , 2	 , 8	 , 1.99971, 
200	 , 54460	 , 8	 , 13	 , 1.99994, 
200	 , 53564	 , 4	 , 8	 , 1.98242, 
200	 , 53874	 , 3	 , 8	 , 1.99805, 
200	 , 53386	 , 3	 , 8	 , 1.99219, 
200	 , 54622	 , 0	 , 8	 , 1.99982, 
200	 , 54806	 , 3	 , 8	 , 1.99951, 
200	 , 53430	 , 4	 , 8	 , 1.99951, 
250	 , 57574	 , 2	 , 7	 , 1.99805, 
250	 , 57422	 , 2	 , 7	 , 1.99991, 
250	 , 57544	 , 2	 , 7	 , 1.98424, 
250	 , 57964	 , 1	 , 7	 , 1.99948, 
250	 , 57408	 , 2	 , 7	 , 1.99948, 
250	 , 57168	 , 1	 , 7	 , 1.99709, 
250	 , 57304	 , 2	 , 7	 , 1.96875, 
250	 , 25750	 , 0	 , 4	 , 2.0, 
250	 , 58744	 , 2	 , 7	 , 1.97351, 
250	 , 57474	 , 3	 , 7	 , 1.99969, 
250	 , 57720	 , 0	 , 7	 , 2.0, 
250	 , 54550	 , 7	 , 11	 , 1.99983, 
250	 , 57640	 , 0	 , 7	 , 1.99597, 
250	 , 57194	 , 3	 , 7	 , 1.99976, 
250	 , 57500	 , 2	 , 7	 , 1.98999, 
250	 , 42806	 , 0	 , 6	 , 2.0, 
250	 , 57596	 , 2	 , 7	 , 1.99901, 
250	 , 57554	 , 3	 , 7	 , 1.98419, 
250	 , 57222	 , 0	 , 7	 , 1.99805, 
250	 , 56862	 , 4	 , 7	 , 1.99997, 
250	 , 57860	 , 4	 , 7	 , 1.99852, 
250	 , 25862	 , 0	 , 4	 , 2.0, 
250	 , 57590	 , 1	 , 7	 , 1.99805, 
250	 , 57722	 , 1	 , 7	 , 1.99998, 
250	 , 57476	 , 0	 , 7	 , 1.98381, 
250	 , 57824	 , 4	 , 7	 , 1.99805, 
250	 , 34246	 , 0	 , 5	 , 2.0, 
250	 , 38452	 , 0	 , 5	 , 2.0, 
250	 , 37252	 , 0	 , 5	 , 2.0, 
250	 , 57246	 , 2	 , 7	 , 1.98926, 
250	 , 57890	 , 3	 , 7	 , 1.99704, 
250	 , 52662	 , 0	 , 7	 , 2.0, 
250	 , 57932	 , 2	 , 7	 , 1.99973, 
250	 , 24228	 , 0	 , 4	 , 2.0, 
250	 , 56918	 , 3	 , 7	 , 1.99805, 
250	 , 54916	 , 0	 , 7	 , 2.0, 
250	 , 57118	 , 1	 , 7	 , 1.99962, 
250	 , 56996	 , 3	 , 7	 , 1.99988, 
250	 , 56964	 , 3	 , 7	 , 1.9978, 
250	 , 57560	 , 1	 , 7	 , 1.99902, 
250	 , 33784	 , 0	 , 5	 , 2.0, 
250	 , 57430	 , 3	 , 7	 , 1.99217, 
250	 , 57344	 , 3	 , 7	 , 1.99805, 
250	 , 57328	 , 2	 , 7	 , 1.99976, 
250	 , 57154	 , 3	 , 7	 , 1.99896, 
250	 , 43606	 , 0	 , 6	 , 2.0, 
250	 , 34478	 , 0	 , 5	 , 2.0, 
250	 , 57232	 , 4	 , 7	 , 1.99805, 
250	 , 28106	 , 0	 , 4	 , 2.0, 
250	 , 24800	 , 0	 , 4	 , 2.0, 
250	 , 23310	 , 0	 , 4	 , 2.0, 
250	 , 57130	 , 3	 , 7	 , 1.9989, 
250	 , 56858	 , 4	 , 7	 , 1.99998, 
250	 , 53924	 , 7	 , 11	 , 1.99998, 
250	 , 33790	 , 0	 , 5	 , 2.0, 
250	 , 57704	 , 1	 , 7	 , 1.99994, 
250	 , 57082	 , 3	 , 7	 , 1.99608, 
250	 , 57682	 , 3	 , 7	 , 1.99803, 
250	 , 57916	 , 0	 , 7	 , 1.98437, 
250	 , 57650	 , 2	 , 7	 , 1.99805, 
250	 , 57500	 , 0	 , 7	 , 1.99988, 
250	 , 43918	 , 0	 , 6	 , 2.0, 
250	 , 58010	 , 0	 , 7	 , 1.99992, 
250	 , 56950	 , 4	 , 7	 , 1.99585, 
250	 , 57590	 , 3	 , 7	 , 1.99951, 
250	 , 57134	 , 2	 , 7	 , 1.9978, 
250	 , 56694	 , 4	 , 7	 , 1.99997, 
250	 , 23420	 , 0	 , 4	 , 2.0, 
250	 , 57522	 , 0	 , 7	 , 1.99707, 
250	 , 57690	 , 1	 , 7	 , 1.99609, 
250	 , 57980	 , 0	 , 7	 , 1.99997, 
250	 , 57370	 , 3	 , 7	 , 1.99896, 
250	 , 57060	 , 5	 , 7	 , 1.98437, 
250	 , 57404	 , 2	 , 7	 , 1.99561, 
250	 , 27852	 , 0	 , 4	 , 2.0, 
250	 , 27856	 , 0	 , 4	 , 2.0, 
250	 , 50544	 , 0	 , 7	 , 2.0, 
250	 , 23748	 , 0	 , 4	 , 2.0, 
250	 , 57872	 , 1	 , 7	 , 1.99927, 
250	 , 57590	 , 2	 , 7	 , 1.99805, 
250	 , 33614	 , 0	 , 5	 , 2.0, 
250	 , 57530	 , 2	 , 7	 , 1.99974, 
250	 , 33652	 , 0	 , 5	 , 2.0, 
250	 , 57140	 , 3	 , 7	 , 1.99948, 
250	 , 47236	 , 0	 , 6	 , 2.0, 
250	 , 57180	 , 2	 , 7	 , 1.99948, 
250	 , 57320	 , 1	 , 7	 , 1.99902, 
250	 , 33118	 , 0	 , 5	 , 2.0, 
250	 , 27824	 , 0	 , 4	 , 2.0, 
250	 , 57596	 , 3	 , 7	 , 1.99951, 
250	 , 56744	 , 3	 , 7	 , 1.99805, 
250	 , 57654	 , 2	 , 7	 , 1.96851, 
250	 , 57808	 , 0	 , 7	 , 1.99974, 
250	 , 57856	 , 0	 , 7	 , 1.98239, 
250	 , 57840	 , 3	 , 7	 , 1.99974, 
250	 , 58394	 , 0	 , 7	 , 1.98096, 
250	 , 43624	 , 0	 , 6	 , 2.0, 
250	 , 57350	 , 1	 , 7	 , 1.99989, 
250	 , 57794	 , 3	 , 7	 , 1.99994, 
250	 , 44364	 , 0	 , 6	 , 2.0, 
250	 , 57346	 , 2	 , 7	 , 1.99997, 
250	 , 27234	 , 0	 , 4	 , 2.0, 
250	 , 57888	 , 0	 , 7	 , 1.97508, 
250	 , 57186	 , 3	 , 7	 , 1.99976, 
250	 , 57382	 , 1	 , 7	 , 1.99939, 
250	 , 43614	 , 0	 , 6	 , 2.0, 
250	 , 57430	 , 2	 , 7	 , 1.99976, 
250	 , 57518	 , 1	 , 7	 , 1.99976, 
250	 , 57636	 , 2	 , 7	 , 1.99994, 
250	 , 25260	 , 0	 , 4	 , 2.0, 
250	 , 34416	 , 0	 , 5	 , 2.0, 
250	 , 57648	 , 3	 , 7	 , 1.99976, 
250	 , 24392	 , 0	 , 4	 , 2.0, 
250	 , 58234	 , 4	 , 7	 , 1.99805, 
250	 , 57708	 , 2	 , 7	 , 1.99976, 
250	 , 57468	 , 3	 , 7	 , 1.99986, 
250	 , 56554	 , 4	 , 7	 , 1.99803, 
250	 , 57546	 , 2	 , 7	 , 1.99902, 
250	 , 58196	 , 2	 , 7	 , 1.99876, 
250	 , 57808	 , 1	 , 7	 , 1.99789, 
250	 , 57360	 , 2	 , 7	 , 1.99896, 
250	 , 57112	 , 3	 , 7	 , 1.99994, 
250	 , 57110	 , 3	 , 7	 , 1.99988, 
250	 , 25884	 , 0	 , 4	 , 2.0, 
250	 , 57168	 , 2	 , 7	 , 1.99115, 
250	 , 58602	 , 0	 , 7	 , 1.99576, 
250	 , 57504	 , 1	 , 7	 , 1.99872, 
250	 , 58192	 , 0	 , 7	 , 1.99985, 
250	 , 57296	 , 1	 , 7	 , 1.99831, 
250	 , 57164	 , 2	 , 7	 , 1.99802, 
250	 , 57974	 , 2	 , 7	 , 1.99998, 
250	 , 53076	 , 0	 , 7	 , 2.0, 
250	 , 57362	 , 1	 , 7	 , 1.99953, 
250	 , 57176	 , 0	 , 7	 , 1.99606, 
250	 , 57450	 , 1	 , 7	 , 1.99559, 
250	 , 56962	 , 4	 , 7	 , 1.99304, 
250	 , 57348	 , 0	 , 7	 , 1.99956, 
250	 , 57784	 , 3	 , 7	 , 1.99983, 
250	 , 57518	 , 2	 , 7	 , 1.99805, 
250	 , 57680	 , 4	 , 7	 , 1.99193, 
250	 , 57760	 , 1	 , 7	 , 1.99899, 
250	 , 33344	 , 0	 , 5	 , 2.0, 
250	 , 33634	 , 0	 , 5	 , 2.0, 
250	 , 56802	 , 3	 , 7	 , 1.99986, 
250	 , 57558	 , 2	 , 7	 , 1.99994, 
250	 , 56940	 , 3	 , 7	 , 1.99219, 
250	 , 24118	 , 0	 , 4	 , 2.0, 
250	 , 39120	 , 0	 , 6	 , 2.0, 
250	 , 57318	 , 2	 , 7	 , 1.97752, 
250	 , 57558	 , 2	 , 7	 , 1.98425, 
250	 , 57894	 , 3	 , 7	 , 1.99219, 
250	 , 57358	 , 3	 , 7	 , 1.98437, 
250	 , 57336	 , 2	 , 7	 , 1.99966, 
250	 , 58028	 , 1	 , 7	 , 1.99997, 
250	 , 14676	 , 0	 , 3	 , 2.0, 
250	 , 57692	 , 0	 , 7	 , 1.99969, 
250	 , 59862	 , 3	 , 7	 , 1.99948, 
250	 , 18140	 , 0	 , 3	 , 2.0, 
250	 , 57440	 , 2	 , 7	 , 1.99994, 
250	 , 43174	 , 0	 , 6	 , 2.0, 
250	 , 57232	 , 0	 , 7	 , 1.99864, 
250	 , 57510	 , 2	 , 7	 , 1.99805, 
250	 , 57584	 , 4	 , 7	 , 1.98437, 
250	 , 42450	 , 0	 , 6	 , 2.0, 
250	 , 57728	 , 2	 , 7	 , 1.99805, 
250	 , 42552	 , 0	 , 6	 , 2.0, 
250	 , 56960	 , 4	 , 7	 , 1.99791, 
250	 , 57722	 , 2	 , 7	 , 1.99878, 
250	 , 57514	 , 1	 , 7	 , 1.99902, 
250	 , 56796	 , 4	 , 7	 , 1.99994, 
250	 , 57540	 , 2	 , 7	 , 1.99995, 
250	 , 57452	 , 1	 , 7	 , 1.99994, 
250	 , 56078	 , 0	 , 7	 , 2.0, 
250	 , 57288	 , 3	 , 7	 , 1.99805, 
250	 , 57344	 , 2	 , 7	 , 1.99292, 
250	 , 57302	 , 3	 , 7	 , 1.99974, 
250	 , 57496	 , 1	 , 7	 , 1.99609, 
250	 , 57224	 , 3	 , 7	 , 1.99997, 
250	 , 26808	 , 0	 , 4	 , 2.0, 
250	 , 57360	 , 2	 , 7	 , 1.99936, 
250	 , 24022	 , 0	 , 4	 , 2.0, 
250	 , 57304	 , 3	 , 7	 , 1.99951, 
250	 , 57572	 , 2	 , 7	 , 1.99933, 
250	 , 57340	 , 3	 , 7	 , 1.99995, 
250	 , 18094	 , 0	 , 3	 , 2.0, 
250	 , 57950	 , 0	 , 7	 , 1.99219, 
250	 , 57138	 , 3	 , 7	 , 1.99899, 
250	 , 57202	 , 3	 , 7	 , 1.99828, 
250	 , 45150	 , 0	 , 6	 , 2.0, 
250	 , 52220	 , 1	 , 7	 , 1.99998, 
250	 , 57312	 , 2	 , 7	 , 1.96872, 
250	 , 58232	 , 0	 , 7	 , 1.99992, 
250	 , 17316	 , 0	 , 3	 , 2.0, 
250	 , 57628	 , 3	 , 7	 , 1.99956, 
250	 , 56952	 , 3	 , 7	 , 1.98413, 
250	 , 58346	 , 1	 , 7	 , 1.99388, 
250	 , 57266	 , 3	 , 7	 , 1.98437, 
250	 , 57556	 , 2	 , 7	 , 1.99902, 
250	 , 54190	 , 0	 , 7	 , 2.0, 
250	 , 57398	 , 1	 , 7	 , 1.99219, 
250	 , 57360	 , 2	 , 7	 , 1.99512, 
250	 , 57616	 , 1	 , 7	 , 1.99756, 
250	 , 58728	 , 0	 , 7	 , 1.99994, 
250	 , 57440	 , 0	 , 7	 , 1.99947, 
250	 , 23260	 , 0	 , 4	 , 2.0, 
250	 , 57154	 , 0	 , 7	 , 1.99986, 
250	 , 57578	 , 2	 , 7	 , 1.99796, 
250	 , 57422	 , 1	 , 7	 , 1.99121, 
250	 , 57550	 , 2	 , 7	 , 1.99994, 
250	 , 57452	 , 2	 , 7	 , 1.99854, 
250	 , 57264	 , 3	 , 7	 , 1.99902, 
250	 , 57772	 , 0	 , 7	 , 1.99994, 
250	 , 57882	 , 1	 , 7	 , 1.99643, 
250	 , 57166	 , 2	 , 7	 , 1.99219, 
250	 , 57944	 , 1	 , 7	 , 1.99609, 
250	 , 57606	 , 2	 , 7	 , 1.99803, 
250	 , 29366	 , 0	 , 5	 , 2.0, 
250	 , 57588	 , 2	 , 7	 , 1.99849, 
250	 , 57426	 , 2	 , 7	 , 1.99414, 
250	 , 57132	 , 3	 , 7	 , 1.99945, 
250	 , 57370	 , 2	 , 7	 , 1.96875, 
250	 , 57894	 , 1	 , 7	 , 1.99953, 
250	 , 57420	 , 0	 , 7	 , 1.99962, 
250	 , 25334	 , 0	 , 4	 , 2.0, 
250	 , 57698	 , 0	 , 7	 , 1.98035, 
250	 , 57806	 , 3	 , 7	 , 1.99951, 
250	 , 57504	 , 2	 , 7	 , 1.99998, 
250	 , 57130	 , 0	 , 7	 , 1.98355, 
250	 , 58040	 , 1	 , 7	 , 1.99995, 
250	 , 26166	 , 0	 , 4	 , 2.0, 
250	 , 23422	 , 0	 , 4	 , 2.0, 
250	 , 57402	 , 0	 , 7	 , 1.99989, 
250	 , 57860	 , 3	 , 7	 , 1.99023, 
250	 , 43292	 , 0	 , 6	 , 2.0, 
250	 , 48152	 , 0	 , 6	 , 2.0, 
250	 , 57624	 , 3	 , 7	 , 1.99997, 
250	 , 57430	 , 2	 , 7	 , 1.99902, 
250	 , 57742	 , 3	 , 7	 , 1.99609, 
250	 , 25912	 , 0	 , 4	 , 2.0, 
250	 , 57314	 , 1	 , 7	 , 1.99609, 
250	 , 56944	 , 3	 , 7	 , 1.99998, 
250	 , 57184	 , 3	 , 7	 , 1.99704, 
250	 , 44128	 , 0	 , 6	 , 2.0, 
250	 , 52534	 , 0	 , 7	 , 2.0, 
250	 , 57090	 , 4	 , 7	 , 1.9917, 
250	 , 55744	 , 0	 , 7	 , 2.0, 
250	 , 57840	 , 3	 , 7	 , 1.99976, 
250	 , 57156	 , 2	 , 7	 , 1.9995, 
250	 , 43090	 , 0	 , 6	 , 2.0, 
250	 , 57476	 , 1	 , 7	 , 1.99902, 
300	 , 54816	 , 0	 , 6	 , 2.0, 
300	 , 57426	 , 1	 , 6	 , 1.99121, 
300	 , 58130	 , 0	 , 6	 , 1.9995, 
300	 , 57084	 , 2	 , 6	 , 1.99951, 
300	 , 29794	 , 0	 , 4	 , 2.0, 
300	 , 57806	 , 1	 , 6	 , 1.99548, 
300	 , 17894	 , 0	 , 3	 , 2.0, 
300	 , 57950	 , 1	 , 6	 , 1.98407, 
300	 , 57732	 , 1	 , 6	 , 1.99799, 
300	 , 41640	 , 0	 , 5	 , 2.0, 
300	 , 57954	 , 1	 , 6	 , 1.99998, 
300	 , 57410	 , 2	 , 6	 , 1.99998, 
300	 , 58176	 , 1	 , 6	 , 1.99986, 
300	 , 40186	 , 0	 , 5	 , 2.0, 
300	 , 57852	 , 0	 , 6	 , 1.99216, 
300	 , 22516	 , 0	 , 3	 , 2.0, 
300	 , 57520	 , 2	 , 6	 , 1.99988, 
300	 , 58300	 , 0	 , 6	 , 1.99986, 
300	 , 45300	 , 0	 , 5	 , 2.0, 
300	 , 57964	 , 0	 , 6	 , 1.99121, 
300	 , 57646	 , 0	 , 6	 , 1.9995, 
300	 , 57556	 , 2	 , 6	 , 1.99994, 
300	 , 57716	 , 1	 , 6	 , 1.99219, 
300	 , 57566	 , 2	 , 6	 , 1.98242, 
300	 , 57628	 , 2	 , 6	 , 1.99994, 
300	 , 57798	 , 1	 , 6	 , 1.99994, 
300	 , 57294	 , 2	 , 6	 , 1.99998, 
300	 , 40046	 , 0	 , 5	 , 2.0, 
300	 , 57868	 , 1	 , 6	 , 1.99608, 
300	 , 32566	 , 0	 , 4	 , 2.0, 
300	 , 56774	 , 3	 , 6	 , 1.99997, 
300	 , 57210	 , 2	 , 6	 , 1.99976, 
300	 , 34068	 , 0	 , 4	 , 2.0, 
300	 , 57914	 , 1	 , 6	 , 1.99973, 
300	 , 57596	 , 0	 , 6	 , 1.99998, 
300	 , 44062	 , 0	 , 5	 , 2.0, 
300	 , 58596	 , 0	 , 6	 , 1.9978, 
300	 , 57760	 , 2	 , 6	 , 1.99805, 
300	 , 56898	 , 2	 , 6	 , 1.99998, 
300	 , 57344	 , 0	 , 6	 , 1.99994, 
300	 , 57610	 , 2	 , 6	 , 1.99986, 
300	 , 57482	 , 2	 , 6	 , 1.99994, 
300	 , 57450	 , 2	 , 6	 , 1.99988, 
300	 , 57488	 , 1	 , 6	 , 1.99963, 
300	 , 56956	 , 2	 , 6	 , 1.99219, 
300	 , 57146	 , 2	 , 6	 , 1.96873, 
300	 , 57308	 , 2	 , 6	 , 1.99802, 
300	 , 52698	 , 0	 , 6	 , 2.0, 
300	 , 57776	 , 0	 , 6	 , 1.99997, 
300	 , 46316	 , 0	 , 6	 , 2.0, 
300	 , 57496	 , 1	 , 6	 , 1.99995, 
300	 , 51808	 , 0	 , 6	 , 2.0, 
300	 , 57856	 , 1	 , 6	 , 1.99608, 
300	 , 57554	 , 1	 , 6	 , 1.99976, 
300	 , 57704	 , 0	 , 6	 , 1.99991, 
300	 , 57346	 , 2	 , 6	 , 1.99998, 
300	 , 58478	 , 3	 , 6	 , 1.99986, 
300	 , 21886	 , 0	 , 3	 , 2.0, 
300	 , 57494	 , 0	 , 6	 , 1.99994, 
300	 , 58200	 , 0	 , 6	 , 1.99936, 
300	 , 58060	 , 0	 , 6	 , 1.99219, 
300	 , 57200	 , 1	 , 6	 , 1.9668, 
300	 , 57240	 , 2	 , 6	 , 1.98828, 
300	 , 51546	 , 0	 , 6	 , 2.0, 
300	 , 57880	 , 1	 , 6	 , 1.99609, 
300	 , 58076	 , 0	 , 6	 , 1.99976, 
300	 , 58724	 , 0	 , 6	 , 1.99927, 
300	 , 57430	 , 2	 , 6	 , 1.99988, 
300	 , 57382	 , 2	 , 6	 , 1.99097, 
300	 , 57808	 , 1	 , 6	 , 1.99971, 
300	 , 57378	 , 2	 , 6	 , 1.99902, 
300	 , 58368	 , 0	 , 6	 , 1.99936, 
300	 , 57708	 , 2	 , 6	 , 1.99902, 
300	 , 57182	 , 2	 , 6	 , 1.99988, 
300	 , 58036	 , 0	 , 6	 , 1.99998, 
300	 , 56976	 , 3	 , 6	 , 1.99995, 
300	 , 33492	 , 0	 , 4	 , 2.0, 
300	 , 57310	 , 0	 , 6	 , 1.99754, 
300	 , 57964	 , 1	 , 6	 , 1.99997, 
300	 , 57836	 , 1	 , 6	 , 1.99971, 
300	 , 57188	 , 0	 , 6	 , 1.99606, 
300	 , 57626	 , 2	 , 6	 , 1.99994, 
300	 , 57736	 , 1	 , 6	 , 1.99902, 
300	 , 57630	 , 2	 , 6	 , 1.99997, 
300	 , 45630	 , 0	 , 5	 , 2.0, 
300	 , 57488	 , 2	 , 6	 , 1.99899, 
300	 , 57462	 , 1	 , 6	 , 1.9995, 
300	 , 57416	 , 1	 , 6	 , 1.99998, 
300	 , 28850	 , 0	 , 4	 , 2.0, 
300	 , 57614	 , 1	 , 6	 , 1.99609, 
300	 , 29936	 , 0	 , 4	 , 2.0, 
300	 , 57440	 , 0	 , 6	 , 1.99997, 
300	 , 58192	 , 0	 , 6	 , 1.99998, 
300	 , 57840	 , 1	 , 6	 , 1.99998, 
300	 , 57366	 , 0	 , 6	 , 1.96678, 
300	 , 52448	 , 0	 , 6	 , 2.0, 
300	 , 57882	 , 0	 , 6	 , 1.99879, 
300	 , 57278	 , 2	 , 6	 , 1.98437, 
300	 , 57466	 , 2	 , 6	 , 1.99988, 
300	 , 29282	 , 0	 , 4	 , 2.0, 
300	 , 45298	 , 0	 , 5	 , 2.0, 
300	 , 57410	 , 3	 , 6	 , 1.99998, 
300	 , 57664	 , 1	 , 6	 , 1.99988, 
300	 , 22192	 , 0	 , 3	 , 2.0, 
300	 , 57560	 , 2	 , 6	 , 1.99997, 
300	 , 58194	 , 0	 , 6	 , 1.99693, 
300	 , 45430	 , 0	 , 5	 , 2.0, 
300	 , 57694	 , 2	 , 6	 , 1.99889, 
300	 , 57692	 , 1	 , 6	 , 1.99998, 
300	 , 39552	 , 0	 , 5	 , 2.0, 
300	 , 57426	 , 2	 , 6	 , 1.99998, 
300	 , 57666	 , 2	 , 6	 , 1.99963, 
300	 , 57100	 , 0	 , 6	 , 1.99989, 
300	 , 56780	 , 3	 , 6	 , 1.99994, 
300	 , 56944	 , 3	 , 6	 , 1.99805, 
300	 , 57610	 , 3	 , 6	 , 1.99411, 
300	 , 56914	 , 3	 , 6	 , 1.99968, 
300	 , 46164	 , 0	 , 5	 , 2.0, 
300	 , 57226	 , 2	 , 6	 , 1.99803, 
300	 , 29110	 , 0	 , 4	 , 2.0, 
300	 , 31274	 , 0	 , 4	 , 2.0, 
300	 , 39558	 , 0	 , 5	 , 2.0, 
300	 , 57570	 , 0	 , 6	 , 1.99756, 
300	 , 57352	 , 2	 , 6	 , 1.99852, 
300	 , 57498	 , 2	 , 6	 , 1.9995, 
300	 , 43574	 , 0	 , 5	 , 2.0, 
300	 , 40162	 , 0	 , 5	 , 2.0, 
300	 , 56976	 , 2	 , 6	 , 1.99994, 
300	 , 57570	 , 1	 , 6	 , 1.99414, 
300	 , 58086	 , 0	 , 6	 , 1.99973, 
300	 , 57364	 , 2	 , 6	 , 1.99414, 
300	 , 57412	 , 1	 , 6	 , 1.99953, 
300	 , 36146	 , 0	 , 5	 , 2.0, 
300	 , 52432	 , 0	 , 6	 , 2.0, 
300	 , 57758	 , 0	 , 6	 , 1.99596, 
300	 , 29618	 , 0	 , 4	 , 2.0, 
300	 , 57610	 , 1	 , 6	 , 1.99997, 
300	 , 57948	 , 0	 , 6	 , 1.99902, 
300	 , 31132	 , 0	 , 4	 , 2.0, 
300	 , 57354	 , 1	 , 6	 , 1.99976, 
300	 , 57652	 , 1	 , 6	 , 1.99998, 
300	 , 57642	 , 0	 , 6	 , 1.99803, 
300	 , 57432	 , 2	 , 6	 , 1.99995, 
300	 , 25762	 , 0	 , 4	 , 2.0, 
300	 , 57166	 , 2	 , 6	 , 1.99986, 
300	 , 57378	 , 1	 , 6	 , 1.99951, 
300	 , 16496	 , 0	 , 3	 , 2.0, 
300	 , 57388	 , 1	 , 6	 , 1.99951, 
300	 , 57164	 , 2	 , 6	 , 1.99998, 
300	 , 41092	 , 0	 , 5	 , 2.0, 
300	 , 57304	 , 0	 , 6	 , 1.99992, 
300	 , 57208	 , 3	 , 6	 , 1.99951, 
300	 , 57464	 , 2	 , 6	 , 1.99805, 
300	 , 52784	 , 0	 , 6	 , 2.0, 
300	 , 57478	 , 1	 , 6	 , 1.99973, 
300	 , 57720	 , 1	 , 6	 , 1.97241, 
300	 , 57108	 , 3	 , 6	 , 1.99982, 
300	 , 57694	 , 1	 , 6	 , 1.99829, 
300	 , 57068	 , 2	 , 6	 , 1.99805, 
300	 , 51928	 , 0	 , 6	 , 2.0, 
300	 , 51502	 , 0	 , 6	 , 2.0, 
300	 , 57102	 , 2	 , 6	 , 1.98431, 
300	 , 53642	 , 1	 , 6	 , 1.99995, 
300	 , 57646	 , 1	 , 6	 , 1.99976, 
300	 , 57890	 , 1	 , 6	 , 1.9801, 
300	 , 29408	 , 0	 , 4	 , 2.0, 
300	 , 57358	 , 2	 , 6	 , 1.99976, 
300	 , 55054	 , 0	 , 6	 , 2.0, 
300	 , 27904	 , 0	 , 4	 , 2.0, 
300	 , 39654	 , 0	 , 5	 , 2.0, 
300	 , 57998	 , 0	 , 6	 , 1.99706, 
300	 , 57350	 , 2	 , 6	 , 1.99994, 
300	 , 43710	 , 0	 , 5	 , 2.0, 
300	 , 56728	 , 3	 , 6	 , 1.99988, 
300	 , 57530	 , 0	 , 6	 , 1.99988, 
300	 , 51568	 , 0	 , 6	 , 2.0, 
300	 , 57096	 , 3	 , 6	 , 1.99992, 
300	 , 57430	 , 2	 , 6	 , 1.99902, 
300	 , 57410	 , 0	 , 6	 , 1.99612, 
300	 , 57624	 , 0	 , 6	 , 1.99998, 
300	 , 57522	 , 1	 , 6	 , 1.99287, 
300	 , 57688	 , 2	 , 6	 , 1.99902, 
300	 , 28442	 , 0	 , 4	 , 2.0, 
300	 , 57434	 , 2	 , 6	 , 1.99986, 
300	 , 57662	 , 2	 , 6	 , 1.99994, 
300	 , 57418	 , 2	 , 6	 , 1.99976, 
300	 , 39456	 , 0	 , 5	 , 2.0, 
300	 , 57342	 , 1	 , 6	 , 1.99756, 
300	 , 58138	 , 0	 , 6	 , 1.99998, 
300	 , 56996	 , 2	 , 6	 , 1.99997, 
300	 , 57424	 , 2	 , 6	 , 1.99997, 
300	 , 57810	 , 0	 , 6	 , 1.99216, 
300	 , 58296	 , 2	 , 6	 , 1.99998, 
300	 , 37732	 , 0	 , 5	 , 2.0, 
300	 , 40582	 , 0	 , 5	 , 2.0, 
300	 , 32952	 , 0	 , 4	 , 2.0, 
300	 , 57192	 , 2	 , 6	 , 1.99919, 
300	 , 57132	 , 3	 , 6	 , 1.99951, 
300	 , 42492	 , 0	 , 5	 , 2.0, 
300	 , 18904	 , 0	 , 3	 , 2.0, 
300	 , 56970	 , 2	 , 6	 , 1.99969, 
300	 , 57168	 , 3	 , 6	 , 1.99902, 
300	 , 51112	 , 0	 , 6	 , 2.0, 
300	 , 51552	 , 0	 , 6	 , 2.0, 
300	 , 57396	 , 2	 , 6	 , 1.99948, 
300	 , 45110	 , 0	 , 5	 , 2.0, 
300	 , 33144	 , 0	 , 4	 , 2.0, 
300	 , 57296	 , 1	 , 6	 , 1.99756, 
300	 , 57150	 , 2	 , 6	 , 1.99609, 
300	 , 33778	 , 0	 , 4	 , 2.0, 
300	 , 57112	 , 2	 , 6	 , 1.99945, 
300	 , 29052	 , 0	 , 4	 , 2.0, 
300	 , 57422	 , 1	 , 6	 , 1.99998, 
300	 , 57330	 , 3	 , 6	 , 1.99219, 
300	 , 57146	 , 1	 , 6	 , 1.99854, 
300	 , 57536	 , 2	 , 6	 , 1.99951, 
300	 , 57690	 , 0	 , 6	 , 1.99597, 
300	 , 57496	 , 2	 , 6	 , 1.99948, 
300	 , 58182	 , 0	 , 6	 , 1.97626, 
300	 , 57600	 , 1	 , 6	 , 1.9978, 
300	 , 28128	 , 0	 , 4	 , 2.0, 
300	 , 57670	 , 1	 , 6	 , 1.99994, 
300	 , 57558	 , 2	 , 6	 , 1.99963, 
300	 , 57886	 , 0	 , 6	 , 1.99219, 
300	 , 57502	 , 2	 , 6	 , 1.96875, 
300	 , 57946	 , 0	 , 6	 , 1.99953, 
300	 , 57042	 , 0	 , 6	 , 2.0, 
300	 , 33880	 , 0	 , 4	 , 2.0, 
300	 , 57862	 , 0	 , 6	 , 1.99989, 
300	 , 57958	 , 1	 , 6	 , 1.99982, 
300	 , 56932	 , 2	 , 6	 , 1.99605, 
300	 , 41012	 , 0	 , 5	 , 2.0, 
300	 , 58030	 , 1	 , 6	 , 1.99998, 
300	 , 57592	 , 1	 , 6	 , 1.99875, 
300	 , 57614	 , 1	 , 6	 , 1.99997, 
300	 , 57360	 , 2	 , 6	 , 1.99994, 
300	 , 32152	 , 0	 , 4	 , 2.0, 
300	 , 57422	 , 1	 , 6	 , 1.99792, 
300	 , 44142	 , 0	 , 5	 , 2.0, 
300	 , 57608	 , 2	 , 6	 , 1.99805, 
300	 , 57498	 , 1	 , 6	 , 1.99994, 
300	 , 57712	 , 1	 , 6	 , 1.99901, 
300	 , 57790	 , 1	 , 6	 , 1.99951, 
300	 , 31346	 , 0	 , 4	 , 2.0, 
300	 , 41616	 , 0	 , 5	 , 2.0, 
300	 , 58166	 , 0	 , 6	 , 1.99995, 
300	 , 30796	 , 0	 , 4	 , 2.0, 
300	 , 57184	 , 0	 , 6	 , 1.99805, 
300	 , 57812	 , 2	 , 6	 , 1.99608, 
300	 , 57700	 , 1	 , 6	 , 1.99998, 
350	 , 23406	 , 0	 , 3	 , 2.0, 
350	 , 33368	 , 0	 , 4	 , 2.0, 
350	 , 33616	 , 0	 , 4	 , 2.0, 
350	 , 53508	 , 1	 , 5	 , 1.99994, 
350	 , 53666	 , 1	 , 5	 , 1.99997, 
350	 , 53762	 , 0	 , 5	 , 1.99997, 
350	 , 53966	 , 0	 , 5	 , 1.99997, 
350	 , 53814	 , 0	 , 5	 , 1.99998, 
350	 , 53826	 , 0	 , 5	 , 1.99803, 
350	 , 53936	 , 0	 , 5	 , 1.99951, 
350	 , 54402	 , 5	 , 8	 , 1.99988, 
350	 , 53526	 , 2	 , 5	 , 1.99606, 
350	 , 53918	 , 0	 , 5	 , 1.99605, 
350	 , 54140	 , 0	 , 5	 , 1.99997, 
350	 , 54020	 , 1	 , 5	 , 1.99998, 
350	 , 53632	 , 2	 , 5	 , 1.99998, 
350	 , 38838	 , 0	 , 4	 , 2.0, 
350	 , 53512	 , 1	 , 5	 , 1.99998, 
350	 , 53088	 , 1	 , 5	 , 1.99985, 
350	 , 53950	 , 0	 , 5	 , 1.99986, 
350	 , 53380	 , 1	 , 5	 , 1.99878, 
350	 , 53728	 , 1	 , 5	 , 1.99609, 
350	 , 53666	 , 1	 , 5	 , 1.9995, 
350	 , 53880	 , 0	 , 5	 , 1.99994, 
350	 , 53554	 , 1	 , 5	 , 1.99988, 
350	 , 53562	 , 1	 , 5	 , 1.99976, 
350	 , 36762	 , 0	 , 4	 , 2.0, 
350	 , 53004	 , 2	 , 5	 , 1.98437, 
350	 , 53920	 , 1	 , 5	 , 1.99609, 
350	 , 53390	 , 2	 , 5	 , 1.99948, 
350	 , 53784	 , 0	 , 5	 , 2.0, 
350	 , 46350	 , 0	 , 5	 , 2.0, 
350	 , 54030	 , 0	 , 5	 , 1.99997, 
350	 , 53642	 , 1	 , 5	 , 1.96875, 
350	 , 53808	 , 0	 , 5	 , 1.99561, 
350	 , 53862	 , 1	 , 5	 , 1.99986, 
350	 , 53772	 , 0	 , 5	 , 1.99022, 
350	 , 53750	 , 1	 , 5	 , 1.99927, 
350	 , 37736	 , 0	 , 4	 , 2.0, 
350	 , 47086	 , 0	 , 5	 , 2.0, 
350	 , 53856	 , 0	 , 5	 , 1.99902, 
350	 , 53536	 , 1	 , 5	 , 1.99985, 
350	 , 53888	 , 0	 , 5	 , 1.99376, 
350	 , 53984	 , 0	 , 5	 , 1.99998, 
350	 , 46274	 , 0	 , 5	 , 2.0, 
350	 , 53946	 , 0	 , 5	 , 1.99994, 
350	 , 53604	 , 1	 , 5	 , 1.99986, 
350	 , 53816	 , 0	 , 5	 , 1.99991, 
350	 , 53862	 , 1	 , 5	 , 1.99681, 
350	 , 53766	 , 0	 , 5	 , 1.99995, 
350	 , 53196	 , 2	 , 5	 , 1.96664, 
350	 , 54238	 , 0	 , 5	 , 1.99998, 
350	 , 53572	 , 0	 , 5	 , 1.99974, 
350	 , 53898	 , 0	 , 5	 , 1.99951, 
350	 , 54068	 , 0	 , 5	 , 1.99881, 
350	 , 53254	 , 2	 , 5	 , 1.99995, 
350	 , 53684	 , 1	 , 5	 , 1.99994, 
350	 , 53614	 , 1	 , 5	 , 1.99998, 
350	 , 53682	 , 0	 , 5	 , 1.9995, 
350	 , 53916	 , 0	 , 5	 , 1.99997, 
350	 , 53818	 , 0	 , 5	 , 1.99219, 
350	 , 53144	 , 0	 , 5	 , 2.0, 
350	 , 54134	 , 0	 , 5	 , 1.99988, 
350	 , 54050	 , 0	 , 5	 , 1.99609, 
350	 , 54116	 , 0	 , 5	 , 1.99974, 
350	 , 53088	 , 2	 , 5	 , 1.99951, 
350	 , 46390	 , 0	 , 5	 , 2.0, 
350	 , 53802	 , 1	 , 5	 , 1.99805, 
350	 , 53690	 , 1	 , 5	 , 1.99994, 
350	 , 46838	 , 0	 , 5	 , 2.0, 
350	 , 53762	 , 0	 , 5	 , 1.99974, 
350	 , 53626	 , 1	 , 5	 , 1.99973, 
350	 , 53946	 , 0	 , 5	 , 1.99982, 
350	 , 39000	 , 0	 , 4	 , 2.0, 
350	 , 53904	 , 0	 , 5	 , 1.99609, 
350	 , 53296	 , 0	 , 5	 , 1.99969, 
350	 , 53500	 , 1	 , 5	 , 1.99998, 
350	 , 55748	 , 0	 , 6	 , 2.0, 
350	 , 53986	 , 0	 , 5	 , 1.99995, 
350	 , 53742	 , 0	 , 5	 , 1.99994, 
350	 , 34742	 , 0	 , 4	 , 2.0, 
350	 , 34918	 , 0	 , 4	 , 2.0, 
350	 , 53234	 , 2	 , 5	 , 1.98437, 
350	 , 54214	 , 0	 , 5	 , 1.99605, 
350	 , 53478	 , 1	 , 5	 , 1.99896, 
350	 , 54124	 , 0	 , 5	 , 1.99947, 
350	 , 53256	 , 2	 , 5	 , 1.98434, 
350	 , 53606	 , 1	 , 5	 , 1.99951, 
350	 , 53810	 , 1	 , 5	 , 1.99988, 
350	 , 53804	 , 0	 , 5	 , 1.99998, 
350	 , 53420	 , 2	 , 5	 , 1.99168, 
350	 , 53696	 , 0	 , 5	 , 1.99976, 
350	 , 53552	 , 1	 , 5	 , 1.99802, 
350	 , 53918	 , 0	 , 5	 , 1.99609, 
350	 , 54008	 , 1	 , 5	 , 1.99609, 
350	 , 54124	 , 0	 , 5	 , 1.99586, 
350	 , 53146	 , 2	 , 5	 , 1.99998, 
350	 , 34322	 , 0	 , 4	 , 2.0, 
350	 , 47910	 , 0	 , 5	 , 2.0, 
350	 , 25146	 , 0	 , 3	 , 2.0, 
350	 , 53314	 , 0	 , 5	 , 1.99904, 
350	 , 53740	 , 0	 , 5	 , 1.99931, 
350	 , 53836	 , 1	 , 5	 , 1.99992, 
350	 , 53750	 , 0	 , 5	 , 1.99706, 
350	 , 53372	 , 2	 , 5	 , 1.99998, 
350	 , 37152	 , 0	 , 4	 , 2.0, 
350	 , 53802	 , 1	 , 5	 , 1.99976, 
350	 , 53476	 , 0	 , 5	 , 1.99805, 
350	 , 54260	 , 0	 , 5	 , 1.99713, 
350	 , 53530	 , 1	 , 5	 , 1.99609, 
350	 , 53604	 , 1	 , 5	 , 1.99988, 
350	 , 53608	 , 1	 , 5	 , 1.99219, 
350	 , 53430	 , 1	 , 5	 , 1.99261, 
350	 , 56966	 , 3	 , 7	 , 1.99887, 
350	 , 53738	 , 1	 , 5	 , 1.99988, 
350	 , 53694	 , 1	 , 5	 , 1.99992, 
350	 , 25952	 , 0	 , 3	 , 2.0, 
350	 , 53246	 , 1	 , 5	 , 1.99997, 
350	 , 53760	 , 1	 , 5	 , 1.99805, 
350	 , 53638	 , 0	 , 5	 , 1.99951, 
350	 , 53528	 , 1	 , 5	 , 1.99896, 
350	 , 53360	 , 0	 , 5	 , 1.99947, 
350	 , 32954	 , 0	 , 4	 , 2.0, 
350	 , 53916	 , 1	 , 5	 , 1.99821, 
350	 , 53636	 , 1	 , 5	 , 1.99998, 
350	 , 52740	 , 0	 , 5	 , 2.0, 
350	 , 53872	 , 1	 , 5	 , 1.99995, 
350	 , 54038	 , 0	 , 5	 , 1.99608, 
350	 , 54160	 , 0	 , 5	 , 1.99992, 
350	 , 53672	 , 0	 , 5	 , 1.99997, 
350	 , 53988	 , 0	 , 5	 , 1.99609, 
350	 , 53546	 , 1	 , 5	 , 1.99805, 
350	 , 36594	 , 0	 , 4	 , 2.0, 
350	 , 38784	 , 0	 , 4	 , 2.0, 
350	 , 33766	 , 0	 , 4	 , 2.0, 
350	 , 53390	 , 0	 , 5	 , 1.99805, 
350	 , 53964	 , 1	 , 5	 , 1.99771, 
350	 , 53962	 , 1	 , 5	 , 1.99997, 
350	 , 53756	 , 0	 , 5	 , 1.99994, 
350	 , 49094	 , 0	 , 5	 , 2.0, 
350	 , 53424	 , 0	 , 5	 , 1.99985, 
350	 , 53918	 , 1	 , 5	 , 1.99983, 
350	 , 54200	 , 0	 , 5	 , 1.99803, 
350	 , 53664	 , 0	 , 5	 , 1.99605, 
350	 , 54096	 , 0	 , 5	 , 1.99706, 
350	 , 53696	 , 0	 , 5	 , 1.99854, 
350	 , 53174	 , 2	 , 5	 , 1.99994, 
350	 , 39638	 , 0	 , 5	 , 2.0, 
350	 , 53864	 , 0	 , 5	 , 1.99902, 
350	 , 53586	 , 1	 , 5	 , 1.99988, 
350	 , 54046	 , 0	 , 5	 , 1.99998, 
350	 , 37542	 , 0	 , 4	 , 2.0, 
350	 , 49924	 , 0	 , 5	 , 2.0, 
350	 , 53698	 , 0	 , 5	 , 1.99875, 
350	 , 40218	 , 0	 , 4	 , 2.0, 
350	 , 53848	 , 1	 , 5	 , 1.99986, 
350	 , 53764	 , 1	 , 5	 , 1.99731, 
350	 , 53570	 , 1	 , 5	 , 1.99901, 
350	 , 53306	 , 1	 , 5	 , 1.9949, 
350	 , 53276	 , 2	 , 5	 , 1.99219, 
350	 , 53750	 , 0	 , 5	 , 1.99995, 
350	 , 53752	 , 1	 , 5	 , 1.99951, 
350	 , 52100	 , 0	 , 5	 , 2.0, 
350	 , 53814	 , 0	 , 5	 , 1.99805, 
350	 , 54124	 , 0	 , 5	 , 1.99886, 
350	 , 51114	 , 0	 , 5	 , 2.0, 
350	 , 34086	 , 0	 , 4	 , 2.0, 
350	 , 35380	 , 0	 , 4	 , 2.0, 
350	 , 53670	 , 2	 , 5	 , 1.99986, 
350	 , 53176	 , 2	 , 5	 , 1.99976, 
350	 , 53564	 , 1	 , 5	 , 1.99994, 
350	 , 53668	 , 0	 , 5	 , 1.99608, 
350	 , 53392	 , 1	 , 5	 , 1.96875, 
350	 , 54208	 , 0	 , 5	 , 1.99998, 
350	 , 53676	 , 0	 , 5	 , 1.99986, 
350	 , 48284	 , 0	 , 5	 , 2.0, 
350	 , 54272	 , 0	 , 5	 , 1.99995, 
350	 , 51158	 , 0	 , 5	 , 2.0, 
350	 , 53070	 , 0	 , 5	 , 2.0, 
350	 , 53988	 , 1	 , 5	 , 1.99994, 
350	 , 53736	 , 1	 , 5	 , 1.99219, 
350	 , 35074	 , 0	 , 4	 , 2.0, 
350	 , 52916	 , 2	 , 5	 , 1.99854, 
350	 , 53964	 , 0	 , 5	 , 1.98434, 
350	 , 47140	 , 0	 , 5	 , 2.0, 
350	 , 53982	 , 0	 , 5	 , 1.998, 
350	 , 53766	 , 1	 , 5	 , 1.99889, 
350	 , 53830	 , 0	 , 5	 , 1.99988, 
350	 , 53628	 , 1	 , 5	 , 1.99902, 
350	 , 53698	 , 2	 , 5	 , 1.99997, 
350	 , 53706	 , 0	 , 5	 , 1.99379, 
350	 , 53166	 , 1	 , 5	 , 1.99585, 
350	 , 53962	 , 0	 , 5	 , 1.99805, 
350	 , 53284	 , 2	 , 5	 , 1.99219, 
350	 , 53720	 , 0	 , 5	 , 1.99994, 
350	 , 52664	 , 2	 , 5	 , 1.99945, 
350	 , 53790	 , 1	 , 5	 , 1.99609, 
350	 , 54072	 , 1	 , 5	 , 1.99805, 
350	 , 53390	 , 0	 , 5	 , 1.99571, 
350	 , 53476	 , 2	 , 5	 , 1.99969, 
350	 , 53908	 , 0	 , 5	 , 1.98434, 
350	 , 47892	 , 0	 , 5	 , 2.0, 
350	 , 53868	 , 0	 , 5	 , 1.99985, 
350	 , 53744	 , 0	 , 5	 , 1.99995, 
350	 , 53782	 , 1	 , 5	 , 1.99805, 
350	 , 53894	 , 0	 , 5	 , 1.99913, 
350	 , 53846	 , 0	 , 5	 , 1.99992, 
350	 , 54100	 , 0	 , 5	 , 1.99998, 
350	 , 53174	 , 1	 , 5	 , 1.99609, 
350	 , 53994	 , 0	 , 5	 , 1.99995, 
350	 , 52444	 , 0	 , 5	 , 2.0, 
350	 , 35862	 , 0	 , 4	 , 2.0, 
350	 , 50212	 , 0	 , 5	 , 2.0, 
350	 , 53678	 , 0	 , 5	 , 1.99608, 
350	 , 38700	 , 0	 , 4	 , 2.0, 
350	 , 53520	 , 0	 , 5	 , 1.99988, 
350	 , 53604	 , 1	 , 5	 , 1.99994, 
350	 , 53658	 , 1	 , 5	 , 1.99995, 
350	 , 35434	 , 0	 , 4	 , 2.0, 
350	 , 36894	 , 0	 , 4	 , 2.0, 
350	 , 53824	 , 0	 , 5	 , 1.99994, 
350	 , 53878	 , 1	 , 5	 , 1.99902, 
350	 , 53524	 , 1	 , 5	 , 1.99854, 
350	 , 53386	 , 2	 , 5	 , 1.99927, 
350	 , 53300	 , 0	 , 5	 , 1.9995, 
350	 , 53682	 , 0	 , 5	 , 1.99747, 
350	 , 53856	 , 1	 , 5	 , 1.99986, 
350	 , 53702	 , 1	 , 5	 , 1.99988, 
350	 , 53746	 , 1	 , 5	 , 1.99951, 
350	 , 53492	 , 1	 , 5	 , 1.99792, 
350	 , 53860	 , 0	 , 5	 , 1.99806, 
350	 , 38546	 , 0	 , 4	 , 2.0, 
350	 , 53126	 , 2	 , 5	 , 1.99988, 
350	 , 53512	 , 1	 , 5	 , 1.99982, 
350	 , 53642	 , 0	 , 5	 , 1.99976, 
350	 , 54036	 , 0	 , 5	 , 1.99976, 
350	 , 46252	 , 0	 , 5	 , 2.0, 
350	 , 53318	 , 2	 , 5	 , 1.99994, 
350	 , 53960	 , 1	 , 5	 , 1.99997, 
350	 , 53622	 , 1	 , 5	 , 1.99658, 
350	 , 35972	 , 0	 , 4	 , 2.0, 
350	 , 53864	 , 0	 , 5	 , 1.99998, 
350	 , 54004	 , 0	 , 5	 , 1.99803, 
350	 , 35934	 , 0	 , 4	 , 2.0, 
350	 , 53872	 , 0	 , 5	 , 1.99989, 
350	 , 46344	 , 0	 , 5	 , 2.0, 
350	 , 54242	 , 0	 , 5	 , 1.98326, 
350	 , 54000	 , 0	 , 5	 , 1.99985, 
350	 , 53456	 , 1	 , 5	 , 1.99998, 
350	 , 53956	 , 0	 , 5	 , 1.99901, 
400	 , 61676	 , 0	 , 5	 , 1.99997, 
400	 , 61784	 , 1	 , 5	 , 1.99994, 
400	 , 41086	 , 0	 , 4	 , 2.0, 
400	 , 61420	 , 0	 , 5	 , 1.99582, 
400	 , 61248	 , 1	 , 5	 , 1.99997, 
400	 , 43772	 , 0	 , 4	 , 2.0, 
400	 , 60320	 , 0	 , 5	 , 2.0, 
400	 , 60828	 , 2	 , 5	 , 1.99922, 
400	 , 42746	 , 0	 , 4	 , 2.0, 
400	 , 60956	 , 2	 , 5	 , 1.99603, 
400	 , 58930	 , 0	 , 5	 , 2.0, 
400	 , 55686	 , 0	 , 5	 , 2.0, 
400	 , 61294	 , 1	 , 5	 , 1.9995, 
400	 , 60982	 , 1	 , 5	 , 1.99994, 
400	 , 61480	 , 0	 , 5	 , 1.99994, 
400	 , 61424	 , 0	 , 5	 , 1.99997, 
400	 , 61636	 , 0	 , 5	 , 1.99779, 
400	 , 60818	 , 2	 , 5	 , 1.99998, 
400	 , 61562	 , 0	 , 5	 , 1.99998, 
400	 , 57856	 , 0	 , 5	 , 2.0, 
400	 , 61402	 , 1	 , 5	 , 1.99998, 
400	 , 58560	 , 0	 , 5	 , 2.0, 
400	 , 60904	 , 2	 , 5	 , 1.99902, 
400	 , 60958	 , 2	 , 5	 , 1.99213, 
400	 , 21784	 , 0	 , 3	 , 2.0, 
400	 , 61620	 , 1	 , 5	 , 1.99217, 
400	 , 61312	 , 1	 , 5	 , 1.99998, 
400	 , 40390	 , 0	 , 4	 , 2.0, 
400	 , 61438	 , 0	 , 5	 , 1.99997, 
400	 , 44092	 , 0	 , 4	 , 2.0, 
400	 , 25228	 , 0	 , 3	 , 2.0, 
400	 , 25660	 , 0	 , 3	 , 2.0, 
400	 , 61442	 , 0	 , 5	 , 1.99997, 
400	 , 60354	 , 0	 , 5	 , 2.0, 
400	 , 57920	 , 0	 , 5	 , 2.0, 
400	 , 37226	 , 0	 , 4	 , 2.0, 
400	 , 29912	 , 0	 , 3	 , 2.0, 
400	 , 61692	 , 0	 , 5	 , 1.99998, 
400	 , 39708	 , 0	 , 4	 , 2.0, 
400	 , 61538	 , 0	 , 5	 , 1.99683, 
400	 , 24636	 , 0	 , 3	 , 2.0, 
400	 , 61442	 , 1	 , 5	 , 1.99994, 
400	 , 61682	 , 0	 , 5	 , 1.99994, 
400	 , 61460	 , 0	 , 5	 , 1.99988, 
400	 , 61342	 , 0	 , 5	 , 1.99217, 
400	 , 60682	 , 2	 , 5	 , 1.99896, 
400	 , 56116	 , 4	 , 7	 , 1.99998, 
400	 , 39760	 , 0	 , 4	 , 2.0, 
400	 , 61418	 , 1	 , 5	 , 1.99998, 
400	 , 42000	 , 0	 , 4	 , 2.0, 
400	 , 40974	 , 0	 , 4	 , 2.0, 
400	 , 61526	 , 0	 , 5	 , 1.99994, 
400	 , 45482	 , 0	 , 4	 , 2.0, 
400	 , 61412	 , 1	 , 5	 , 1.99901, 
400	 , 61136	 , 1	 , 5	 , 1.99832, 
400	 , 38066	 , 0	 , 4	 , 2.0, 
400	 , 41510	 , 0	 , 4	 , 2.0, 
400	 , 21372	 , 0	 , 3	 , 2.0, 
400	 , 61728	 , 0	 , 5	 , 1.99994, 
400	 , 61790	 , 0	 , 5	 , 1.99902, 
400	 , 61560	 , 0	 , 5	 , 1.99799, 
400	 , 61070	 , 1	 , 5	 , 1.99969, 
400	 , 60854	 , 2	 , 5	 , 1.99802, 
400	 , 61594	 , 0	 , 5	 , 1.99284, 
400	 , 44084	 , 0	 , 4	 , 2.0, 
400	 , 61758	 , 0	 , 5	 , 1.99995, 
400	 , 61416	 , 0	 , 5	 , 1.99861, 
400	 , 60678	 , 0	 , 5	 , 1.99823, 
400	 , 61288	 , 0	 , 5	 , 1.99623, 
400	 , 61246	 , 1	 , 5	 , 1.99997, 
400	 , 40978	 , 0	 , 4	 , 2.0, 
400	 , 61622	 , 0	 , 5	 , 1.99901, 
400	 , 42722	 , 0	 , 4	 , 2.0, 
400	 , 60570	 , 2	 , 5	 , 1.99994, 
400	 , 60984	 , 0	 , 5	 , 1.99968, 
400	 , 61452	 , 1	 , 5	 , 1.99945, 
400	 , 61384	 , 0	 , 5	 , 1.99608, 
400	 , 61572	 , 0	 , 5	 , 1.99966, 
400	 , 61250	 , 1	 , 5	 , 1.99992, 
400	 , 40774	 , 0	 , 4	 , 2.0, 
400	 , 61588	 , 1	 , 5	 , 1.99805, 
400	 , 61694	 , 1	 , 5	 , 1.99992, 
400	 , 24164	 , 0	 , 3	 , 2.0, 
400	 , 61782	 , 0	 , 5	 , 1.99583, 
400	 , 61170	 , 2	 , 5	 , 1.99976, 
400	 , 61190	 , 2	 , 5	 , 1.99986, 
400	 , 55712	 , 0	 , 5	 , 1.99997, 
400	 , 54808	 , 0	 , 5	 , 2.0, 
400	 , 42952	 , 0	 , 4	 , 2.0, 
400	 , 61690	 , 0	 , 5	 , 1.99937, 
400	 , 55578	 , 0	 , 5	 , 2.0, 
400	 , 61278	 , 0	 , 5	 , 1.99884, 
400	 , 61342	 , 1	 , 5	 , 1.99988, 
400	 , 61640	 , 1	 , 5	 , 1.99901, 
400	 , 61032	 , 2	 , 5	 , 1.99805, 
400	 , 60086	 , 0	 , 5	 , 2.0, 
400	 , 40970	 , 0	 , 4	 , 2.0, 
400	 , 54496	 , 0	 , 5	 , 1.99998, 
400	 , 28932	 , 0	 , 3	 , 2.0, 
400	 , 61326	 , 1	 , 5	 , 1.99994, 
400	 , 37246	 , 0	 , 4	 , 2.0, 
400	 , 25928	 , 0	 , 3	 , 2.0, 
400	 , 61454	 , 0	 , 5	 , 1.99599, 
400	 , 41002	 , 0	 , 4	 , 2.0, 
400	 , 61616	 , 0	 , 5	 , 1.99902, 
400	 , 41030	 , 0	 , 4	 , 2.0, 
400	 , 40068	 , 0	 , 4	 , 2.0, 
400	 , 61430	 , 2	 , 5	 , 1.99561, 
400	 , 61570	 , 1	 , 5	 , 1.99976, 
400	 , 61000	 , 0	 , 5	 , 1.99902, 
400	 , 61146	 , 1	 , 5	 , 1.99854, 
400	 , 60750	 , 2	 , 5	 , 1.99976, 
400	 , 42988	 , 0	 , 4	 , 2.0, 
400	 , 61192	 , 0	 , 5	 , 1.99902, 
400	 , 61698	 , 0	 , 5	 , 1.99992, 
400	 , 38080	 , 0	 , 4	 , 2.0, 
400	 , 44994	 , 0	 , 4	 , 2.0, 
400	 , 61672	 , 1	 , 5	 , 1.99997, 
400	 , 61208	 , 0	 , 5	 , 2.0, 
400	 , 42632	 , 0	 , 4	 , 2.0, 
400	 , 60818	 , 1	 , 5	 , 1.99945, 
400	 , 56884	 , 0	 , 5	 , 2.0, 
400	 , 61190	 , 1	 , 5	 , 1.99994, 
400	 , 38108	 , 0	 , 4	 , 2.0, 
400	 , 60540	 , 0	 , 5	 , 2.0, 
400	 , 61468	 , 0	 , 5	 , 1.99994, 
400	 , 61198	 , 1	 , 5	 , 1.99988, 
400	 , 29866	 , 0	 , 3	 , 2.0, 
400	 , 61240	 , 0	 , 5	 , 1.99951, 
400	 , 61658	 , 0	 , 5	 , 1.99998, 
400	 , 37414	 , 0	 , 4	 , 2.0, 
400	 , 38472	 , 0	 , 4	 , 2.0, 
400	 , 61538	 , 2	 , 5	 , 1.99902, 
400	 , 61136	 , 0	 , 5	 , 1.98437, 
400	 , 61260	 , 1	 , 5	 , 1.99994, 
400	 , 61304	 , 2	 , 5	 , 1.99988, 
400	 , 39622	 , 0	 , 4	 , 2.0, 
400	 , 45174	 , 0	 , 4	 , 2.0, 
400	 , 61160	 , 1	 , 5	 , 1.99792, 
400	 , 61482	 , 1	 , 5	 , 1.99951, 
400	 , 55740	 , 0	 , 5	 , 2.0, 
400	 , 61526	 , 0	 , 5	 , 1.99216, 
400	 , 61888	 , 0	 , 5	 , 1.99997, 
400	 , 61034	 , 2	 , 5	 , 1.99994, 
400	 , 54898	 , 0	 , 5	 , 2.0, 
400	 , 53296	 , 0	 , 5	 , 2.0, 
400	 , 61498	 , 0	 , 5	 , 1.99805, 
400	 , 61524	 , 0	 , 5	 , 1.99973, 
400	 , 60664	 , 2	 , 5	 , 1.99988, 
400	 , 53662	 , 0	 , 5	 , 2.0, 
400	 , 61634	 , 1	 , 5	 , 1.99998, 
400	 , 61112	 , 0	 , 5	 , 2.0, 
400	 , 61528	 , 0	 , 5	 , 1.99777, 
400	 , 61332	 , 0	 , 5	 , 1.99963, 
400	 , 24514	 , 0	 , 3	 , 2.0, 
400	 , 60878	 , 1	 , 5	 , 1.99995, 
400	 , 41848	 , 0	 , 4	 , 2.0, 
400	 , 38262	 , 0	 , 4	 , 2.0, 
400	 , 39654	 , 0	 , 4	 , 2.0, 
400	 , 61414	 , 0	 , 5	 , 1.99997, 
400	 , 61716	 , 0	 , 5	 , 1.99976, 
400	 , 61656	 , 1	 , 5	 , 1.99988, 
400	 , 44368	 , 0	 , 4	 , 2.0, 
400	 , 61298	 , 1	 , 5	 , 1.99995, 
400	 , 28180	 , 0	 , 3	 , 2.0, 
400	 , 53392	 , 0	 , 5	 , 2.0, 
400	 , 61138	 , 0	 , 5	 , 1.99998, 
400	 , 39578	 , 0	 , 4	 , 2.0, 
400	 , 43020	 , 0	 , 4	 , 2.0, 
400	 , 61034	 , 2	 , 5	 , 1.99997, 
400	 , 61658	 , 0	 , 5	 , 1.99982, 
400	 , 61334	 , 1	 , 5	 , 1.99608, 
400	 , 60980	 , 0	 , 5	 , 1.99997, 
400	 , 61696	 , 0	 , 5	 , 1.99213, 
400	 , 61276	 , 1	 , 5	 , 1.99951, 
400	 , 40326	 , 0	 , 4	 , 2.0, 
400	 , 61518	 , 1	 , 5	 , 1.99976, 
400	 , 61158	 , 1	 , 5	 , 1.99951, 
400	 , 61540	 , 1	 , 5	 , 1.99998, 
400	 , 58334	 , 0	 , 5	 , 2.0, 
400	 , 61832	 , 0	 , 5	 , 1.99998, 
400	 , 61062	 , 0	 , 5	 , 1.99995, 
400	 , 61916	 , 0	 , 5	 , 1.99997, 
400	 , 61908	 , 0	 , 5	 , 1.9998, 
400	 , 11276	 , 0	 , 2	 , 2.0, 
400	 , 43118	 , 0	 , 4	 , 2.0, 
400	 , 61914	 , 0	 , 5	 , 1.99974, 
400	 , 29748	 , 0	 , 3	 , 2.0, 
400	 , 37470	 , 0	 , 4	 , 2.0, 
400	 , 61572	 , 0	 , 5	 , 1.99995, 
400	 , 53380	 , 0	 , 5	 , 2.0, 
400	 , 61662	 , 0	 , 5	 , 1.99973, 
400	 , 53096	 , 0	 , 5	 , 2.0, 
400	 , 61478	 , 1	 , 5	 , 1.99991, 
400	 , 37568	 , 0	 , 4	 , 2.0, 
400	 , 61416	 , 1	 , 5	 , 1.99976, 
400	 , 61538	 , 0	 , 5	 , 1.99994, 
400	 , 28842	 , 0	 , 3	 , 2.0, 
400	 , 61314	 , 1	 , 5	 , 1.99902, 
400	 , 60794	 , 2	 , 5	 , 1.99854, 
400	 , 39444	 , 0	 , 4	 , 2.0, 
400	 , 61512	 , 0	 , 5	 , 1.99994, 
400	 , 48584	 , 0	 , 5	 , 2.0, 
400	 , 61760	 , 0	 , 5	 , 1.99997, 
400	 , 60540	 , 0	 , 5	 , 1.98439, 
400	 , 61534	 , 0	 , 5	 , 1.99902, 
400	 , 56646	 , 0	 , 5	 , 2.0, 
400	 , 61452	 , 0	 , 5	 , 1.99998, 
400	 , 61136	 , 1	 , 5	 , 1.99988, 
400	 , 61390	 , 1	 , 5	 , 1.99976, 
400	 , 53392	 , 0	 , 5	 , 2.0, 
400	 , 61334	 , 0	 , 5	 , 1.9995, 
400	 , 60838	 , 2	 , 5	 , 1.99994, 
400	 , 61746	 , 0	 , 5	 , 2.0, 
400	 , 61692	 , 0	 , 5	 , 1.99998, 
400	 , 61052	 , 0	 , 5	 , 1.99899, 
400	 , 56064	 , 0	 , 5	 , 2.0, 
400	 , 38916	 , 0	 , 4	 , 2.0, 
400	 , 61152	 , 1	 , 5	 , 1.99805, 
400	 , 43786	 , 0	 , 4	 , 2.0, 
400	 , 61618	 , 0	 , 5	 , 1.99998, 
400	 , 61690	 , 1	 , 5	 , 1.99988, 
400	 , 61734	 , 0	 , 5	 , 1.9863, 
400	 , 61230	 , 0	 , 5	 , 1.99976, 
400	 , 39864	 , 0	 , 4	 , 2.0, 
400	 , 61598	 , 1	 , 5	 , 1.99988, 
400	 , 60610	 , 1	 , 5	 , 1.99254, 
400	 , 61448	 , 0	 , 5	 , 1.99994, 
400	 , 61536	 , 1	 , 5	 , 1.99948, 
400	 , 61686	 , 0	 , 5	 , 1.99991, 
400	 , 61160	 , 1	 , 5	 , 1.99951, 
400	 , 42466	 , 0	 , 4	 , 2.0, 
400	 , 42280	 , 0	 , 4	 , 2.0, 
400	 , 61354	 , 1	 , 5	 , 1.99216, 
400	 , 61660	 , 1	 , 5	 , 1.99998, 
400	 , 39820	 , 0	 , 4	 , 2.0, 
400	 , 60926	 , 1	 , 5	 , 1.99998, 
400	 , 61308	 , 0	 , 5	 , 1.99988, 
400	 , 13016	 , 0	 , 2	 , 2.0, 
400	 , 61636	 , 0	 , 5	 , 1.99998, 
400	 , 61692	 , 0	 , 5	 , 1.99899, 
400	 , 40604	 , 0	 , 4	 , 2.0, 
400	 , 61666	 , 1	 , 5	 , 1.99854, 
400	 , 61196	 , 1	 , 5	 , 1.99792, 
400	 , 38828	 , 0	 , 4	 , 2.0, 
400	 , 59298	 , 0	 , 5	 , 2.0, 
400	 , 61162	 , 1	 , 5	 , 1.99997, 
400	 , 61182	 , 2	 , 5	 , 1.99951, 
400	 , 61248	 , 1	 , 5	 , 1.99805, 
400	 , 61290	 , 1	 , 5	 , 1.99951]